# time luminosity radius
-2.026041549479123205e+01 9.231704014351639546e+34 1.008240891680830042e+06
-1.989596678965608589e+01 9.244768777803909221e+34 1.008241242269470007e+06
-1.917071386644965969e+01 9.276928028248499311e+34 1.008242009542710031e+06
-1.772746054927119985e+01 9.330722019498539694e+34 1.008243977576790028e+06
-1.751407452084822580e+01 9.339180820843509896e+34 1.008244280773550039e+06
-1.708943632425507531e+01 9.363130053437790791e+34 1.008244939868869958e+06
-1.624440631305333227e+01 9.392213872424360463e+34 1.008246577432619990e+06
-1.610879079086589627e+01 9.397953014992639344e+34 1.008246850138379959e+06
-1.583891590169514529e+01 9.417679356469249828e+34 1.008247439692509943e+06
-1.530186487225000747e+01 9.432886351356080710e+34 1.008248874965930008e+06
-1.520995663522626273e+01 9.436866930921109852e+34 1.008249129445760045e+06
-1.502705924355541356e+01 9.450585013994820766e+34 1.008249678518670029e+06
-1.466309343415196054e+01 9.462436044624639752e+34 1.008251000426520011e+06
-1.402953754426562227e+01 9.498766910964379204e+34 1.008255685658080038e+06
-1.374267942109145224e+01 9.509774123063620368e+34 1.008258499808890047e+06
-1.357246521516935900e+01 9.517514748448250101e+34 1.008260500942489947e+06
-1.346395073112216778e+01 9.525426018071289597e+34 1.008261904196329997e+06
-1.336772533381008543e+01 9.529420554146589615e+34 1.008263241953860037e+06
-1.326004761204239912e+01 9.532505458164280760e+34 1.008264862025129958e+06
-1.312059857457643375e+01 9.542022559880589999e+34 1.008267197417119984e+06
-1.291133416254888289e+01 9.564348854123380434e+34 1.008271493019700050e+06
-1.276885419222526252e+01 9.571231916023710443e+34 1.008274771069449955e+06
-1.258588591532316059e+01 9.569329080657890714e+34 1.008279780706319958e+06
-1.257191243657143787e+01 9.557644914600889598e+34 1.008280177816380048e+06
-1.254410521389218047e+01 9.575413008258050720e+34 1.008281008055179962e+06
-1.248876884073251858e+01 9.579353450363830691e+34 1.008282819558029994e+06
-1.247953807405428961e+01 9.573839708367740082e+34 1.008283157287979964e+06
-1.246532791695790365e+01 9.597202436869770136e+34 1.008283762233539950e+06
-1.244931846405961551e+01 9.586566850910749962e+34 1.008284428588869981e+06
-1.241745965275913477e+01 9.600486247402879542e+34 1.008285844359560055e+06
-1.237767373252427205e+01 9.575223183946309866e+34 1.008287775695770048e+06
-1.235561270601465367e+01 9.601670256222429443e+34 1.008288833387539955e+06
-1.231171126328990795e+01 9.592014439390149514e+34 1.008290906155609991e+06
-1.224608758045360446e+01 9.604499515423600257e+34 1.008293976539639989e+06
-1.216582230257336050e+01 9.611324493044259777e+34 1.008297744512400008e+06
-1.207356690429151058e+01 9.611954449893789269e+34 1.008302262150799972e+06
-1.199521644556079991e+01 9.591663790696610687e+34 1.008306228176470031e+06
-1.192891576816327870e+01 9.610464847597099910e+34 1.008309717737070052e+06
-1.187207316167769022e+01 9.619627741063449999e+34 1.008312842857399955e+06
-1.182255947930389084e+01 9.623032364716440651e+34 1.008315753114450024e+06
-1.177870734749012627e+01 9.623414975623169439e+34 1.008318445219769957e+06
-1.173933229554677382e+01 9.626129890241809307e+34 1.008320963900050032e+06
-1.170352640943019651e+01 9.639218008360589151e+34 1.008323347939740052e+06
-1.170023672454408370e+01 9.598911436667579316e+34 1.008323567620279966e+06
-1.169369025158812292e+01 9.700381247818210322e+34 1.008324013263150002e+06
-1.168066277043544687e+01 9.636336319989630116e+34 1.008324912692839978e+06
-1.165473808289971203e+01 9.638274540015489818e+34 1.008326764418340055e+06
-1.162857658445136622e+01 9.638645668670970703e+34 1.008328699204990058e+06
-1.160392726052668877e+01 9.636975784261710118e+34 1.008330588096239953e+06
-1.158079555819858797e+01 9.642041957730800300e+34 1.008332424832390039e+06
-1.155904113914584741e+01 9.665032089762000648e+34 1.008334219077029964e+06
-1.153851642043446191e+01 9.664906166330920431e+34 1.008335972656829981e+06
-1.151907865586690605e+01 9.694537701693660654e+34 1.008337689152559964e+06
-1.150172275063232519e+01 9.677133864356309923e+34 1.008339274971729959e+06
-1.148488888106658123e+01 9.695404410232399137e+34 1.008340864893659949e+06
-1.146910200660931878e+01 9.701458023543480886e+34 1.008342406632689992e+06
-1.145393009134568274e+01 9.709678325220099375e+34 1.008343943705099984e+06
-1.143929863488301635e+01 9.697089492654589567e+34 1.008345485518950038e+06
-1.142514350987039506e+01 9.723540071772630779e+34 1.008347110887510004e+06
-1.141001278377370909e+01 9.830981339367190429e+34 1.008348850484699942e+06
-1.139488686993718147e+01 9.707650206782999122e+34 1.008350634168529999e+06
-1.137964785925578326e+01 9.690860122156879835e+34 1.008352479638139950e+06
-1.136535313021158800e+01 9.704199516294739637e+34 1.008354250523990020e+06
-1.135184492586995475e+01 9.673842278950150157e+34 1.008355970786559978e+06
-1.133858208206947893e+01 9.724927989153879265e+34 1.008357703573390027e+06
-1.132608514904859476e+01 9.677172369294799666e+34 1.008359380463929963e+06
-1.131402518771938048e+01 9.775691277772139105e+34 1.008361044880399946e+06
-1.130236387692275457e+01 9.767783326719459740e+34 1.008362698746670038e+06
-1.129107469008886255e+01 9.752471653235579176e+34 1.008364344541819999e+06
-1.128012914149439894e+01 9.799289330840860536e+34 1.008365985411740025e+06
-1.126950209870119579e+01 9.796494582859769850e+34 1.008367624253030051e+06
-1.125917041502543725e+01 9.771025943336680181e+34 1.008369264393819962e+06
-1.124911267231800593e+01 9.779264503418679484e+34 1.008370909943889943e+06
-1.123930896390811540e+01 9.770521496400800875e+34 1.008372568488409976e+06
-1.122974064896698110e+01 9.783276151376789577e+34 1.008374278291129973e+06
-1.122038991167210042e+01 9.741423872227909092e+34 1.008375998095080024e+06
-1.121123974493821152e+01 9.755499442759350757e+34 1.008377733111080015e+06
-1.120227343225269578e+01 9.767503254926919534e+34 1.008379486363659962e+06
-1.119347501473384909e+01 9.770383683448650571e+34 1.008381261474799947e+06
-1.118482897969079204e+01 9.711684146329740322e+34 1.008383085087829968e+06
-1.117630496915080585e+01 9.776280767644210493e+34 1.008384955249989987e+06
-1.116702338744653389e+01 9.789750561105209347e+34 1.008386899660020019e+06
-1.115643333675689064e+01 9.734997543738010080e+34 1.008389148755440023e+06
-1.114589971411623992e+01 9.717416820938839667e+34 1.008391462578000035e+06
-1.113564830741961487e+01 9.911188969837809741e+34 1.008393834280970041e+06
-1.112744115001987666e+01 9.703918763144280450e+34 1.008395773217119975e+06
-1.111806261664605699e+01 1.001366459395110070e+35 1.008398041473060031e+06
-1.110871308483183384e+01 9.784773375573519088e+34 1.008400360952420044e+06
-1.109958377035218291e+01 9.838702092246550590e+34 1.008402686327570002e+06
-1.109068238816689700e+01 9.837183182624830553e+34 1.008405014049359947e+06
-1.108199107096879743e+01 9.925079938139280616e+34 1.008407348195489962e+06
-1.107348881551297382e+01 1.004093323541139926e+35 1.008409694026830024e+06
-1.106515493284678087e+01 1.024699394008419954e+35 1.008412057144599967e+06
-1.105696945372619666e+01 1.037239926492309975e+35 1.008414461991740041e+06
-1.104891280591255054e+01 1.310285741379049979e+35 1.008416943734079949e+06
-1.104257770816911943e+01 1.496156083900249913e+35 1.008419015368510038e+06
-1.103504699515178800e+01 2.172299828934740043e+35 1.008421507784169982e+06
-1.103129106006235816e+01 7.604560208457020044e+35 1.008422607763680047e+06
-1.102381674922071397e+01 8.757133868650389567e+35 1.008424625347689958e+06
-1.101237835420761257e+01 8.985233102584560297e+35 1.008427685219909996e+06
-1.100031734019285068e+01 1.065557792609039937e+36 1.008431028116620029e+06
-1.098866448586340994e+01 1.141481142944149944e+36 1.008434367871199967e+06
-1.097823100813548081e+01 1.164229492763079965e+36 1.008437473723410047e+06
-1.096839864025241695e+01 1.188937750354849954e+36 1.008440499179590028e+06
-1.095959888273500837e+01 1.312109538446739988e+36 1.008443303997889976e+06
-1.095115144300507382e+01 1.337016531646590121e+36 1.008446076736530056e+06
-1.094326003672904335e+01 1.361960361988510133e+36 1.008448741096599959e+06
-1.093585628177970648e+01 1.374233597722309945e+36 1.008451308835229953e+06
-1.092888512864010409e+01 1.413847807317140018e+36 1.008453789096580003e+06
-1.092229707387741655e+01 1.440460707278880031e+36 1.008456191117660026e+06
-1.091605034313397482e+01 1.460267714203990019e+36 1.008458523046470014e+06
-1.091010951611679047e+01 1.511008067914170092e+36 1.008460794252180029e+06
-1.090444401814602315e+01 1.588509019781970025e+36 1.008463012955549988e+06
-1.089902754756622016e+01 1.618479581400759956e+36 1.008465179031790001e+06
-1.089383704497595318e+01 1.638901447277759853e+36 1.008467297017659992e+06
-1.088885228120489046e+01 1.666958220844539899e+36 1.008469370883679949e+06
-1.088405531711759977e+01 1.698072856160420106e+36 1.008471404211380053e+06
-1.087943022648687474e+01 1.718034983485680010e+36 1.008473400324319955e+06
-1.087496280667255633e+01 1.746376704736640028e+36 1.008475362257229979e+06
-1.087064027710584924e+01 1.777748507676229980e+36 1.008477292711660033e+06
-1.086645104721537791e+01 1.795581120300019879e+36 1.008479194319889997e+06
-1.086238466075155884e+01 1.825449395361880002e+36 1.008481069390089950e+06
-1.085843156051123515e+01 1.847119740781039918e+36 1.008482920197329950e+06
-1.085458299855235964e+01 1.872772909772810129e+36 1.008484748788930010e+06
-1.085083094568108208e+01 1.905117443446239982e+36 1.008486557178830029e+06
-1.084716794188716449e+01 1.944193844754319924e+36 1.008488349766490050e+06
-1.084358712888206355e+01 2.017522915343489866e+36 1.008490130859710043e+06
-1.084008208068553358e+01 2.045312287266160075e+36 1.008491897457250045e+06
-1.083664679876528680e+01 2.072919195189010099e+36 1.008493651220730040e+06
-1.083327570973779075e+01 2.101173320924689972e+36 1.008495393839049968e+06
-1.082996353053022176e+01 2.128994383228340062e+36 1.008497127038249979e+06
-1.082670520199462771e+01 2.674726845629409804e+36 1.008498876002670033e+06
-1.082349599373992532e+01 5.140341299336009730e+36 1.008500698521910002e+06
-1.082218719634693116e+01 3.931173343684610282e+36 1.008501459241620032e+06
-1.081958268952439539e+01 2.678065987484770072e+36 1.008502953287799959e+06
-1.081628661049762741e+01 2.315976222899760133e+36 1.008504828162229969e+06
-1.081302283116383478e+01 2.194491244534040106e+36 1.008506692464650027e+06
-1.080978040205081925e+01 2.151000409064189999e+36 1.008508559149969951e+06
-1.080658050818601623e+01 2.139232895023879867e+36 1.008510419383149943e+06
-1.080341956659685820e+01 2.142138796717149867e+36 1.008512276224639965e+06
-1.080029346945229918e+01 2.149755904215470080e+36 1.008514132213950041e+06
-1.079719859882607125e+01 2.159650348244510121e+36 1.008515989328620024e+06
-1.079413135303184390e+01 2.169603620054679896e+36 1.008517849541530013e+06
-1.079108818079112098e+01 2.179419715294049923e+36 1.008519714691499947e+06
-1.078806561068631709e+01 2.183131731377839911e+36 1.008521587240880006e+06
-1.078511855588294566e+01 2.190788605265950139e+36 1.008523433417269960e+06
-1.078212264098692685e+01 2.194205347587050042e+36 1.008525329640059965e+06
-1.077920669180457480e+01 2.204607108129310069e+36 1.008527195952720009e+06
-1.077629927030648105e+01 2.207647525570979928e+36 1.008529079236940015e+06
-1.077339191519422457e+01 2.218179072903970003e+36 1.008530986943089985e+06
-1.077048222513985820e+01 2.229117672690319943e+36 1.008532916728210053e+06
-1.076756623125402257e+01 2.238788294982240080e+36 1.008534871621279977e+06
-1.076463957288069651e+01 2.248110290715439893e+36 1.008536855045720004e+06
-1.076169757611933164e+01 2.256753469430889891e+36 1.008538870818770025e+06
-1.075873523694463074e+01 2.265764987949280083e+36 1.008540923230109969e+06
-1.075574716582195833e+01 2.273750591469209938e+36 1.008543017127059982e+06
-1.075272755118203349e+01 2.285894367748840102e+36 1.008545157957719988e+06
-1.074967857409501448e+01 2.291838713796290073e+36 1.008547345875079976e+06
-1.074660030918312259e+01 2.305024456729400101e+36 1.008549582545459969e+06
-1.074348602240206674e+01 2.312034110740400092e+36 1.008551874790100032e+06
-1.074032838552375324e+01 2.323163725853969854e+36 1.008554230313029955e+06
-1.073711959278443828e+01 2.335325091006749868e+36 1.008556657672500005e+06
-1.073385127924848348e+01 2.367342343296749931e+36 1.008559168287219945e+06
-1.073052514091250487e+01 2.628728415180530130e+36 1.008561836277829949e+06
-1.072914368161582388e+01 2.926823143838940166e+36 1.008562977195190033e+06
-1.072639457765035331e+01 2.451972565582619887e+36 1.008565250238229986e+06
-1.072318176054977812e+01 2.235080163128289869e+36 1.008567930764170014e+06
-1.071991279249778017e+01 2.136250391409520108e+36 1.008570696353149950e+06
-1.071669041793211363e+01 2.094834386291889901e+36 1.008573466126310057e+06
-1.071354015648830682e+01 2.083119634945689982e+36 1.008576219855939969e+06
-1.071046558974194340e+01 2.086839337338129893e+36 1.008578954261919949e+06
-1.070746483362745494e+01 2.098527476859239870e+36 1.008581670065140002e+06
-1.070453463707235642e+01 2.114106575598979895e+36 1.008584368968990049e+06
-1.070167162071447819e+01 2.133240205345659999e+36 1.008587052771979943e+06
-1.069887253362685442e+01 2.155349628269180076e+36 1.008589723199810018e+06
-1.069613432339974679e+01 2.177271015352179970e+36 1.008592381893950049e+06
-1.069345413503469899e+01 2.200737448008589943e+36 1.008595030373060028e+06
-1.069082930040895008e+01 2.227553934088929872e+36 1.008597670060900040e+06
-1.068825729982927442e+01 2.255353708913940023e+36 1.008600302449170034e+06
-1.068573521179496311e+01 2.287856051582950032e+36 1.008602928927269997e+06
-1.068320224771741778e+01 2.234940272627360009e+36 1.008605665506849997e+06
-1.068204904682352208e+01 2.486351209525520138e+36 1.008606943029880058e+06
-1.067985801809118129e+01 2.432718569449130109e+36 1.008609394613859942e+06
-1.067748341246624477e+01 2.383726970385769921e+36 1.008612094895789982e+06
-1.067509271833114326e+01 2.345090224022449992e+36 1.008614859649859951e+06
-1.067273388433386572e+01 2.335460857760730070e+36 1.008617629628330003e+06
-1.067041576077463105e+01 2.345815033930149994e+36 1.008620395496880054e+06
-1.066814069016254507e+01 2.370566445602710008e+36 1.008623153663869947e+06
-1.066590810578782111e+01 2.405884956209980094e+36 1.008625903238200000e+06
-1.066371653910027817e+01 2.445572386046100121e+36 1.008628645275869989e+06
-1.066156424919608980e+01 2.485406338186449937e+36 1.008631381907379953e+06
-1.065944945914088748e+01 2.519421288412129867e+36 1.008634123641769984e+06
-1.065737045239075087e+01 2.465622376461150092e+36 1.008636929102589958e+06
-1.065626039981725626e+01 2.674365214043299805e+36 1.008638453056590050e+06
-1.065443238173611462e+01 2.736327971640600031e+36 1.008640986770999967e+06
-1.065247651780373417e+01 2.695231036761020269e+36 1.008643772184410016e+06
-1.065050955046899617e+01 2.836099153851690168e+36 1.008646633103249944e+06
-1.064855846369755454e+01 2.902892488502199851e+36 1.008649519358780002e+06
-1.064663232359453104e+01 2.923579652177070160e+36 1.008652409400459961e+06
-1.064473247484420426e+01 2.936282579655979833e+36 1.008655299028940033e+06
-1.064281483399099670e+01 2.959834866317959755e+36 1.008658255417039967e+06
-1.064091748202918097e+01 2.997192709662820091e+36 1.008661222077180049e+06
-1.063904713402735069e+01 3.045809988188429921e+36 1.008664187435750035e+06
-1.063720413649571128e+01 3.099854281268809967e+36 1.008667150149679976e+06
-1.063538744670222513e+01 3.157032415751900010e+36 1.008670111242979998e+06
-1.063359574548667297e+01 3.214432740013629794e+36 1.008673072436420014e+06
-1.063182776447501965e+01 3.271938233239700058e+36 1.008676036073899944e+06
-1.063008179387543350e+01 3.330006130358200000e+36 1.008679004130659974e+06
-1.062835663699661382e+01 3.390880079913899791e+36 1.008681978123289999e+06
-1.062665126292267814e+01 3.453194018215070199e+36 1.008684958573449985e+06
-1.062496468241442926e+01 3.483141679809069918e+36 1.008687957853090018e+06
-1.062329781707376242e+01 3.520696770865380066e+36 1.008690972272280022e+06
-1.062164738061255775e+01 3.612618650891289772e+36 1.008693995864149998e+06
-1.061997727039852180e+01 3.705332199209859974e+36 1.008697094648040016e+06
-1.061831789012649097e+01 3.783226952058170180e+36 1.008700214096689946e+06
-1.061667430694797076e+01 3.851845252719720295e+36 1.008703344710499980e+06
-1.061504648506524973e+01 3.905589838652330108e+36 1.008706490245599998e+06
-1.061343339621089399e+01 3.921556769901970276e+36 1.008709671848449972e+06
-1.061183390105725266e+01 3.931912165863059873e+36 1.008712894502699957e+06
-1.061024708522018045e+01 4.009695285757179796e+36 1.008716144310079981e+06
-1.060867305932333693e+01 4.147365441070069807e+36 1.008719406744900043e+06
-1.060711045580683276e+01 4.253496382661969733e+36 1.008722682431800058e+06
-1.060552492176066153e+01 4.330176156067829715e+36 1.008726043875140022e+06
-1.060394281675689854e+01 4.395033004210240144e+36 1.008729436854040017e+06
-1.060236821678699926e+01 4.453351750601789920e+36 1.008732851915259962e+06
-1.060080099847982638e+01 4.509271855037699777e+36 1.008736289322169963e+06
-1.059923998158774339e+01 4.574266015774679897e+36 1.008739751221610000e+06
-1.059768371199606918e+01 4.586364104782339775e+36 1.008743248889459996e+06
-1.059613330202409998e+01 4.641365304409199952e+36 1.008746777204270009e+06
-1.059455412995885126e+01 4.702658441655949971e+36 1.008750406308869948e+06
-1.059297354085720144e+01 4.798390113713250008e+36 1.008754075934579945e+06
-1.059139596385648474e+01 4.821413568675160276e+36 1.008757781566999969e+06
-1.058982024231227115e+01 4.823467208951420107e+36 1.008761534254990052e+06
-1.058825955455540679e+01 4.801952255191409825e+36 1.008765283897700021e+06
-1.058675485500134528e+01 4.858857284345089879e+36 1.008768964238120010e+06
-1.058527000751928426e+01 4.913854764634579872e+36 1.008772631131079979e+06
-1.058383089411654510e+01 4.961044826670420080e+36 1.008776216532769962e+06
-1.058243879297515377e+01 4.995658946644690240e+36 1.008779710899170022e+06
-1.058108991666813381e+01 5.048327341890400097e+36 1.008783120083760004e+06
-1.057978087189258076e+01 5.053809739740179752e+36 1.008786449450989952e+06
-1.057850548438727856e+01 5.072974670989389886e+36 1.008789711198849953e+06
-1.057723592629190534e+01 5.075369186951969762e+36 1.008792974116910016e+06
-1.057600355666363612e+01 5.073354582240929891e+36 1.008796157227910007e+06
-1.057480439264327288e+01 5.060990486440980085e+36 1.008799269200430019e+06
-1.057363684201845899e+01 5.046236188731489716e+36 1.008802312401029980e+06
-1.057249814076931216e+01 5.022221383075359759e+36 1.008805292314440012e+06
-1.057135771837783977e+01 4.983449703085959832e+36 1.008808289401120041e+06
-1.057024636404821649e+01 4.953491267421569956e+36 1.008811222464699997e+06
-1.056916050624568015e+01 4.973313514225489964e+36 1.008814099140139995e+06
-1.056809876582701690e+01 4.935358633606719818e+36 1.008816919568149955e+06
-1.056705794815206900e+01 4.907508768636510141e+36 1.008819691019790014e+06
-1.056603586039273068e+01 4.852644311927970266e+36 1.008822416802859982e+06
-1.056500962242716923e+01 4.810430446610750203e+36 1.008825156855660025e+06
-1.056400496748392470e+01 4.766982181640349835e+36 1.008827842585479957e+06
-1.056301936821546406e+01 4.721135506873249925e+36 1.008830480958650005e+06
-1.056205164280254394e+01 4.679129306703679887e+36 1.008833078054860001e+06
-1.056110195466317236e+01 4.623935471170390190e+36 1.008835632157490007e+06
-1.056014425220200792e+01 4.591566142708590145e+36 1.008838210842799977e+06
-1.055920398776652291e+01 4.550276438019320232e+36 1.008840744394100038e+06
-1.055827886026236229e+01 4.519537427062429957e+36 1.008843238482489949e+06
-1.055736790937953629e+01 4.441771498202049869e+36 1.008845701743119978e+06
-1.055647028013481759e+01 4.406521262711769875e+36 1.008848130900399992e+06
-1.055556155112572014e+01 4.339908258181099841e+36 1.008850589428370004e+06
-1.055466698456439190e+01 4.273437751304719710e+36 1.008853009802210028e+06
-1.055378450427087955e+01 4.217808731152239713e+36 1.008855395993769984e+06
-1.055291280362871476e+01 4.159882430555190066e+36 1.008857750603509950e+06
-1.055205218322225846e+01 4.103174655993039895e+36 1.008860071210030001e+06
-1.055117765854811296e+01 4.046911339653040172e+36 1.008862424038290046e+06
-1.055031349955243059e+01 3.993079455586470287e+36 1.008864744552660035e+06
-1.054945818008854985e+01 3.938692360277719749e+36 1.008867036127159954e+06
-1.054861194733530283e+01 3.883366251613310203e+36 1.008869298714900040e+06
-1.054777408507652581e+01 3.828988696847979723e+36 1.008871533470720053e+06
-1.054692277207504958e+01 3.776683048251880125e+36 1.008873797951490036e+06
-1.054607902970747091e+01 3.724820951416880091e+36 1.008876036687729997e+06
-1.054524429611046799e+01 3.674921789960859861e+36 1.008878245747060049e+06
-1.054441558950929902e+01 3.626232955917980047e+36 1.008880433897970011e+06
-1.054359241537167691e+01 3.581230195016780082e+36 1.008882601390889962e+06
-1.054275378491729498e+01 3.546934565780150034e+36 1.008884804182389984e+06
-1.054192112898454070e+01 3.518509820467900004e+36 1.008886987666580011e+06
-1.054109303798759356e+01 3.476431027712230078e+36 1.008889152486209990e+06
-1.054026867865468375e+01 3.427073186212550156e+36 1.008891300311799976e+06
-1.053944754079566337e+01 3.381470676584890104e+36 1.008893432063809945e+06
-1.053860965391504578e+01 3.342137655643159723e+36 1.008895599823320052e+06
-1.053777583412011154e+01 3.310360300281380027e+36 1.008897750369449961e+06
-1.053694437016383745e+01 3.269481422962119755e+36 1.008899888883400010e+06
-1.053611470275791362e+01 3.262104079713999987e+36 1.008902020021119970e+06
-1.053528507429291494e+01 3.241585542370500256e+36 1.008904143445500056e+06
-1.053443556569982320e+01 3.222319071499469864e+36 1.008906308215570054e+06
-1.053358675856725313e+01 3.207718762289400097e+36 1.008908463256760035e+06
-1.053273408504901454e+01 3.198938753219829937e+36 1.008910621982980054e+06
-1.053188195658731274e+01 3.195849163914870095e+36 1.008912771331149968e+06
-1.053100706142140552e+01 3.196295956541150169e+36 1.008914969484169967e+06
-1.053013114165514708e+01 3.199765985064180066e+36 1.008917163144399994e+06
-1.052925268851686269e+01 3.206688579230269902e+36 1.008919356599149993e+06
-1.052837000769795850e+01 3.220437173053480097e+36 1.008921554358780035e+06
-1.052746039486373775e+01 3.239912942974709979e+36 1.008923812050270033e+06
-1.052654584113042802e+01 3.260915244556739949e+36 1.008926075130090001e+06
-1.052561758138472214e+01 3.283260645114160128e+36 1.008928364688390051e+06
-1.052468546314048581e+01 3.306408589154839776e+36 1.008930658130889991e+06
-1.052372479520272464e+01 3.329850322842519765e+36 1.008933014820310054e+06
-1.052275443126563914e+01 3.353304973055049780e+36 1.008935389256400056e+06
-1.052176868004607968e+01 3.377187377605360261e+36 1.008937796524330042e+06
-1.052076810155995190e+01 3.403111103011389937e+36 1.008940236353949993e+06
-1.051972904079593718e+01 3.431300537923539720e+36 1.008942766210670001e+06
-1.051867300397134386e+01 3.507241522108809767e+36 1.008945336070099962e+06
-1.051759372113156132e+01 3.547534828614940158e+36 1.008947956749859964e+06
-1.051646482115029357e+01 3.585427850613819727e+36 1.008950690781599958e+06
-1.051530943354009651e+01 3.628119444394099814e+36 1.008953483479260001e+06
-1.051412990209064446e+01 3.671559361163829923e+36 1.008956327906509978e+06
-1.051289019166142680e+01 3.714463355208960023e+36 1.008959307919439976e+06
-1.051161053427495062e+01 3.757731806438719942e+36 1.008962375319659943e+06
-1.051028399230563082e+01 3.802515638922019976e+36 1.008965545774820028e+06
-1.050887543658609502e+01 3.854515593413300106e+36 1.008968906135980040e+06
-1.050741440511774272e+01 3.907216212402769845e+36 1.008972384450490004e+06
-1.050588785589206964e+01 4.471606102037140182e+36 1.008976024397489964e+06
-1.050424894757452421e+01 5.032545312107419737e+36 1.008979934601480025e+06
-1.050251312021282502e+01 5.171021396873650188e+36 1.008984076038950006e+06
-1.050066818832419813e+01 5.381671268625549900e+36 1.008988513928920031e+06
-1.049865021544974297e+01 5.497659339229599490e+36 1.008993353179860045e+06
-1.049646302385372110e+01 5.540726523775609836e+36 1.008998605913150008e+06
-1.049402387265581638e+01 5.570451610388189855e+36 1.009004497862290009e+06
-1.049131165555445477e+01 5.611002630692829624e+36 1.009011013996019959e+06
-1.048820521304151043e+01 5.632427369613479522e+36 1.009018427348040044e+06
-1.048460139185772277e+01 5.636718697464250495e+36 1.009026962570270058e+06
-1.048025486132246442e+01 5.609215856899450106e+36 1.009037171023849980e+06
-1.047478896650136448e+01 5.543763787026460246e+36 1.009049883318749955e+06
-1.046818765508942306e+01 5.488260106941660197e+36 1.009065070357240038e+06
-1.046125249291071668e+01 5.512423955452099692e+36 1.009080841222289950e+06
-1.045412664648029022e+01 5.647757226962789468e+36 1.009096897605740000e+06
-1.044681160183972679e+01 5.610458189228469976e+36 1.009113224873390049e+06
-1.043941125998389907e+01 5.661389424668009696e+36 1.009129644060209976e+06
-1.043198472098447382e+01 5.910866603409709656e+36 1.009145997257689945e+06
-1.042453548012417741e+01 6.133902473453679626e+36 1.009162322291770019e+06
-1.041705909324809909e+01 6.387278404323180284e+36 1.009178769047520007e+06
-1.040954368122038431e+01 6.625310296593470461e+36 1.009195568519579945e+06
-1.040268791149719618e+01 6.828484940641970051e+36 1.009210808672509971e+06
-1.039552863637800328e+01 7.032837424124980416e+36 1.009226617005369975e+06
-1.038805200732895173e+01 7.260721724614629428e+36 1.009242949599660002e+06
-1.038066711937426589e+01 7.500253022158689553e+36 1.009259024026490049e+06
-1.037330011831363663e+01 7.749158937179870118e+36 1.009274957456880016e+06
-1.036597798703587614e+01 8.003580292482329873e+36 1.009290723683940014e+06
-1.035867186161340214e+01 8.261259110582970047e+36 1.009306390211199992e+06
-1.035135533829452470e+01 8.522789693382979696e+36 1.009322025393599994e+06
-1.034403960348572582e+01 8.786298958781510297e+36 1.009337619630430010e+06
-1.033670704267569818e+01 9.052917431047479701e+36 1.009353212313589989e+06
-1.032936308323405683e+01 9.323335649087579805e+36 1.009368800285869977e+06
-1.032220464237616397e+01 9.585926513682790237e+36 1.009383965236500022e+06
-1.031497865359415300e+01 9.854548221292170169e+36 1.009399247873260058e+06
-1.030769101754412986e+01 1.012677080568769983e+37 1.009414641240420053e+06
-1.030029879615176469e+01 1.040535001923659997e+37 1.009430230462800013e+06
-1.029279425673303194e+01 1.069057931695800028e+37 1.009446039855430019e+06
-1.028537537463125773e+01 1.097542932657609905e+37 1.009461641844009981e+06
-1.027778687691898085e+01 1.126905704115779923e+37 1.009477565538609982e+06
-1.027000075226533227e+01 1.157394223468460025e+37 1.009493864855390042e+06
-1.026197240056353621e+01 1.189055418317509914e+37 1.009510633359830012e+06
-1.025390208870521747e+01 1.221362102346749923e+37 1.009527436822029995e+06
-1.024555232049897313e+01 1.255153431055649901e+37 1.009544772761250031e+06
-1.023685568757355213e+01 1.290706408366299974e+37 1.009562779228189960e+06
-1.022773914801655337e+01 1.328674805374479898e+37 1.009581587223649956e+06
-1.021837278199382126e+01 1.368177122339330083e+37 1.009600835708859959e+06
-1.020851610464160331e+01 1.410462605316879936e+37 1.009621007957670023e+06
-1.019803789784782566e+01 1.456045021250589981e+37 1.009642350809319993e+06
-1.018680092101567425e+01 1.505880060076299948e+37 1.009665100354530034e+06
-1.017473425189382397e+01 1.560332307868949949e+37 1.009689332206840045e+06
-1.016159157070796937e+01 1.620942684440469971e+37 1.009715469992710045e+06
-1.014747807985986583e+01 1.687884281045630041e+37 1.009743231147189974e+06
-1.013388359200325795e+01 1.753930062171329908e+37 1.009769652429439942e+06
-1.012049603954073973e+01 1.820439777923899986e+37 1.009795382453709957e+06
-1.010712207085452974e+01 1.888584571093839993e+37 1.009820801687060040e+06
-1.009378374615334906e+01 1.958091182798019955e+37 1.009845884067839943e+06
-1.008046919672051445e+01 2.028232622715879972e+37 1.009870665212710039e+06
-1.006708823173539713e+01 2.101547635428540094e+37 1.009895320998679963e+06
-1.005383962884661742e+01 2.175100782609679920e+37 1.009919492457980057e+06
-1.004062826366862282e+01 2.249809470077739832e+37 1.009943369648820022e+06
-1.002742712030885741e+01 2.325823057521299945e+37 1.009967008423130028e+06
-1.001427770804730244e+01 2.403080519261809788e+37 1.009990341082460014e+06
-1.000101514626294374e+01 2.481574656519060201e+37 1.010013662617449998e+06
-9.987640586448833346e+00 2.562313338987980180e+37 1.010036959939240012e+06
-9.974117492150980979e+00 2.644997318154439966e+37 1.010060275101609994e+06
-9.960381533834151924e+00 2.729908251827669941e+37 1.010083715557729942e+06
-9.946390122699085623e+00 2.817381806701069978e+37 1.010107345263740048e+06
-9.932101416430668905e+00 2.907720851203780154e+37 1.010131218652650015e+06
-9.917438670789124444e+00 3.000984970285760212e+37 1.010155455487099942e+06
-9.902347795316018164e+00 3.097834131838019909e+37 1.010180150770209963e+06
-9.886782411369495094e+00 3.198357392579509933e+37 1.010205332659490057e+06
-9.870690674666548148e+00 3.302843146596740195e+37 1.010231065326109994e+06
-9.854050423280568793e+00 3.411349006517409990e+37 1.010257382908929954e+06
-9.836319443915272132e+00 3.527182674736620192e+37 1.010285097465449944e+06
-9.817272252083057538e+00 3.651716962517220169e+37 1.010314500694670016e+06
-9.797342710080556571e+00 3.782020486829809830e+37 1.010344867627650034e+06
-9.775908836250891909e+00 3.921707970301949935e+37 1.010377092990859994e+06
-9.752434197231195867e+00 4.073919412132710007e+37 1.010411861774540041e+06
-9.726680896739708260e+00 4.239664171013570224e+37 1.010449397783520049e+06
-9.698811979294987395e+00 4.417383844008840179e+37 1.010489317016470013e+06
-9.669058156898245215e+00 4.604963762151620005e+37 1.010531135351910023e+06
-9.636979884380707517e+00 4.804280401466819761e+37 1.010575338187000016e+06
-9.602032840193714947e+00 5.017724071433139976e+37 1.010622465019389987e+06
-9.565344837115844712e+00 5.237818125303080418e+37 1.010670800252699992e+06
-9.531433072610525414e+00 5.438198739534140242e+37 1.010714468860920053e+06
-9.499033690808573738e+00 5.625652743144450318e+37 1.010755372146259993e+06
-9.467537835676921532e+00 5.804366757568700295e+37 1.010794391223439947e+06
-9.436486235441407189e+00 5.977196301698260332e+37 1.010832178929339978e+06
-9.405565257096895948e+00 6.146169521620869615e+37 1.010869097707260051e+06
-9.374533892580075189e+00 6.312890509686600187e+37 1.010905526340830023e+06
-9.343192637985339388e+00 6.478861582299579786e+37 1.010941635833480046e+06
-9.311372654075967148e+00 6.644886857951759719e+37 1.010977666027270025e+06
-9.278927236999152228e+00 6.811654021318239552e+37 1.011013816061310004e+06
-9.245713123760651797e+00 6.979810483256250276e+37 1.011050254114069976e+06
-9.211583508993498981e+00 7.150009735856709833e+37 1.011087151392010041e+06
-9.176391104672802612e+00 7.322947884416409920e+37 1.011124667542970041e+06
-9.139973271056078374e+00 7.499385462370889965e+37 1.011162979557289975e+06
-9.102113157307030633e+00 7.680357863825679960e+37 1.011202317024469958e+06
-9.062594138551503420e+00 7.866827542780069792e+37 1.011242903350319946e+06
-9.021114498929819092e+00 8.060165808582130043e+37 1.011285059777110000e+06
-8.977316564676584676e+00 8.261982350961899817e+37 1.011329151242960012e+06
-8.930747372214682400e+00 8.474252977569290459e+37 1.011375646316080005e+06
-8.880834756273543462e+00 8.699527252678329725e+37 1.011425142965300009e+06
-8.829389119840925559e+00 8.930212456179280054e+37 1.011475883565090015e+06
-8.780327246640808880e+00 9.149545141020500550e+37 1.011524084482320002e+06
-8.732250674627721310e+00 9.363141376517380230e+37 1.011571273862609989e+06
-8.685620982287218794e+00 9.569691249275059274e+37 1.011617046459950041e+06
-8.640220139175653458e+00 9.770252889157169205e+37 1.011661675744679989e+06
-8.595860156958224252e+00 9.965884402592220084e+37 1.011705384159600013e+06
-8.552313202555524185e+00 1.015776236107780019e+38 1.011748393548390013e+06
-8.509344475780380890e+00 1.034703981824240075e+38 1.011790952012859983e+06
-8.466654977528378367e+00 1.053651848088199924e+38 1.011833471584270010e+06
-8.423897847416810691e+00 1.072677022489909958e+38 1.011876194660849986e+06
-8.380654961278196424e+00 1.091945832501769975e+38 1.011919584163540043e+06
-8.336402972490759566e+00 1.111701903654119925e+38 1.011964242572759977e+06
-8.290457485301885754e+00 1.132263494669849967e+38 1.012010883218339994e+06
-8.241875087551306933e+00 1.154052554696710049e+38 1.012060536623180029e+06
-8.189287366985809058e+00 1.177692728038759914e+38 1.012114695459280047e+06
-8.134628650324884802e+00 1.202398636743639984e+38 1.012171387990830000e+06
-8.078259776870254427e+00 1.227981855227940027e+38 1.012230337894669967e+06
-8.019950685731600970e+00 1.254544656146540081e+38 1.012291835758829955e+06
-7.959474307135678828e+00 1.282174884215610012e+38 1.012356158086359967e+06
-7.896497391688171774e+00 1.311044730322000002e+38 1.012423717918260023e+06
-7.830667765869293362e+00 1.341514451841570054e+38 1.012494892254709965e+06
-7.761498797684907913e+00 1.373621634090380044e+38 1.012570317163489992e+06
-7.688403244072105736e+00 1.407647879350960013e+38 1.012650671265790006e+06
-7.610630274168215692e+00 1.443869197289539923e+38 1.012736797999950009e+06
-7.527234376757405698e+00 1.482700391189279946e+38 1.012829727000380051e+06
-7.445367905515013263e+00 1.520902854742600005e+38 1.012921341659280006e+06
-7.367644006357295439e+00 1.557219267244760023e+38 1.013008660367910052e+06
-7.292386027489556000e+00 1.592356267897509943e+38 1.013093582258510054e+06
-7.218567222531419247e+00 1.626968802725170030e+38 1.013176887519099982e+06
-7.145430510921869427e+00 1.660889644312160056e+38 1.013259577726399992e+06
-7.072397254873067141e+00 1.694367688897010003e+38 1.013342172318120021e+06
-6.998932622227584943e+00 1.727812783348729862e+38 1.013425155657429947e+06
-6.924739846755983308e+00 1.761160227084340082e+38 1.013508724841370014e+06
-6.849443894316209480e+00 1.794751645878879996e+38 1.013593236605520011e+06
-6.772740986896678805e+00 1.829026627847239841e+38 1.013678628285730025e+06
-6.694361547968583182e+00 1.862995716484349926e+38 1.013765479013939970e+06
-6.614037526189349592e+00 1.897326799252319936e+38 1.013853859542059945e+06
-6.531496527633862570e+00 1.932025231507279880e+38 1.013943820547519950e+06
-6.446468036621809006e+00 1.966982606594670155e+38 1.014035408608929953e+06
-6.358657584642060101e+00 2.002437604710989829e+38 1.014128762615439948e+06
-6.267738128954079002e+00 2.038893543550599904e+38 1.014223447759049945e+06
-6.173330746998544782e+00 2.074563271530749862e+38 1.014320362552799983e+06
-6.074962628714274615e+00 2.111064877406159982e+38 1.014419479613560019e+06
-5.972061134933028370e+00 2.148123823797300134e+38 1.014520840358269983e+06
-5.868961925385519862e+00 2.184182832049620149e+38 1.014619803131490014e+06
-5.768312791245989501e+00 2.218357437447669992e+38 1.014713820465630037e+06
-5.675355350045720115e+00 2.249618368140649913e+38 1.014798424748589983e+06
-5.587960505072260275e+00 2.276505278439789917e+38 1.014875549962740042e+06
-5.497820111748296767e+00 2.304842966291269957e+38 1.014953551881729974e+06
-5.402722717437427491e+00 2.333827625445169990e+38 1.015033095817710040e+06
-5.302252620633225888e+00 2.360947756801449973e+38 1.015114490816929960e+06
-5.200563126214547083e+00 2.388464519688339942e+38 1.015194014012950007e+06
-5.096839910896960646e+00 2.415536224446650148e+38 1.015272140844380017e+06
-4.990843683510320261e+00 2.442225874056830156e+38 1.015348753786050016e+06
-4.874714232893893495e+00 2.470173359275799879e+38 1.015429068949920009e+06
-4.756541805545566604e+00 2.488832342662809941e+38 1.015505547834509984e+06
-4.646090124908369035e+00 2.518251302346600031e+38 1.015574110977489967e+06
-4.540452056331560016e+00 2.542747632789430108e+38 1.015636945091150003e+06
-4.437776892125839368e+00 2.564060735435989889e+38 1.015695246376640047e+06
-4.336323487746994942e+00 2.583610990044249848e+38 1.015750106319930055e+06
-4.234751300769858062e+00 2.602066203641710010e+38 1.015802285268050036e+06
-4.132038521900540218e+00 2.619766019135640131e+38 1.015852273735890049e+06
-4.027182063582586125e+00 2.636911677126150025e+38 1.015900464864369947e+06
-3.919348978379275650e+00 2.653634931865570014e+38 1.015947077970050042e+06
-3.807520239148288965e+00 2.670041229901180042e+38 1.015992328858089983e+06
-3.690526263177162036e+00 2.686231363743890134e+38 1.016036377360119950e+06
-3.566716002125758678e+00 2.702319798679329860e+38 1.016079416361370008e+06
-3.433941704483004287e+00 2.718432055713060104e+38 1.016121592357759946e+06
-3.288787130237324163e+00 2.734735787658719917e+38 1.016163132861859980e+06
-3.125709228857886046e+00 2.751353062074210041e+38 1.016204292460869998e+06
-2.947180430812295526e+00 2.768137066055229946e+38 1.016243043925059959e+06
-2.758655287238070741e+00 2.784385886434889911e+38 1.016277303365219967e+06
-2.560853532777400687e+00 2.799681715686310075e+38 1.016306360615830054e+06
-2.353867554775206372e+00 2.813930899789159982e+38 1.016329677144219982e+06
-2.137388587492750958e+00 2.827041299278459966e+38 1.016346796510969987e+06
-1.910269667685497552e+00 2.838993097027729823e+38 1.016357316549530020e+06
-1.670402963005471975e+00 2.849656494192700000e+38 1.016360708529339987e+06
-1.435952079336857423e+00 2.858997068026210126e+38 1.016357149158410029e+06
-1.203338199382415041e+00 2.865592278049299955e+38 1.016346972972079995e+06
-9.702664114010985941e-01 2.873210221794390043e+38 1.016331280379149946e+06
-7.349849652964621782e-01 2.878525409455569917e+38 1.016310070454369998e+06
-4.958317585114855319e-01 2.882311660466889829e+38 1.016283318006779999e+06
-2.512730350426863879e-01 2.884789132184699901e+38 1.016250946222160012e+06
0.000000000000000000e+00 2.886008651742160085e+38 1.016212814553929958e+06
2.591921745042782277e-01 2.885936077852889891e+38 1.016168730872150045e+06
5.277421920327469707e-01 2.884504524704899916e+38 1.016118402333230013e+06
8.068934984039515257e-01 2.881610965125080069e+38 1.016061511316300021e+06
1.098324331309413537e+00 2.877119414505609919e+38 1.015997592912890017e+06
1.403147321689175442e+00 2.870887525502920028e+38 1.015926268088039942e+06
1.723126143886474892e+00 2.862713712528499948e+38 1.015846992633269983e+06
2.059969119145534933e+00 2.852394159787009841e+38 1.015759295501810033e+06
2.415539845242165029e+00 2.839697122581999846e+38 1.015662511619879981e+06
2.754646733810659498e+00 2.826201301663189886e+38 1.015566592459250009e+06
3.084202819969505072e+00 2.811937299567849976e+38 1.015470651848040055e+06
3.404559928661910817e+00 2.796562460085339866e+38 1.015375111703939969e+06
3.715179794293362647e+00 2.780203714677560155e+38 1.015280633698399994e+06
4.016098158288514242e+00 2.763188369625170036e+38 1.015187654284300050e+06
4.313111938739893958e+00 2.745317541852249885e+38 1.015094797363140038e+06
4.604082222125725821e+00 2.726905796375009969e+38 1.015003045836979989e+06
4.888957022689282894e+00 2.708064018053479946e+38 1.014912713498570025e+06
5.172407826175913215e+00 2.688561328798940170e+38 1.014822604589740047e+06
5.452560894453199580e+00 2.668648936696149826e+38 1.014733531274429988e+06
5.731146098551107571e+00 2.648304547175010107e+38 1.014645187434550026e+06
6.009322137630078942e+00 2.627507205042000080e+38 1.014557407802290050e+06
6.286077092023333535e+00 2.606566931838729935e+38 1.014470746251940029e+06
6.562113948777550831e+00 2.585504358073130118e+38 1.014385135939109954e+06
6.837582888430915773e+00 2.564021696303710006e+38 1.014300616398909944e+06
7.113633547123754397e+00 2.542170938389569997e+38 1.014216953188220039e+06
7.390936593437800184e+00 2.520001691809170010e+38 1.014134082994890050e+06
7.668435977015178651e+00 2.497630772837060053e+38 1.014052418734139996e+06
7.947170683532021940e+00 2.475060729690939894e+38 1.013971774782520020e+06
8.227788510266691446e+00 2.452275743318949985e+38 1.013892066660530050e+06
8.510443883860716596e+00 2.429283002396890175e+38 1.013813358897640021e+06
8.793805326509755105e+00 2.406248633189809837e+38 1.013736084827860002e+06
9.079976017033914104e+00 2.383034243498310183e+38 1.013659754653110052e+06
9.367105207493295893e+00 2.359828555332880101e+38 1.013584900177209987e+06
9.656785974395461380e+00 2.336530743856729908e+38 1.013511163915880024e+06
9.946311897219857201e+00 2.313392777657090017e+38 1.013439240672499989e+06
1.023705477436305955e+01 2.290328146836679938e+38 1.013368819025769946e+06
1.052795861786580645e+01 2.267564049665210028e+38 1.013300179402410053e+06
1.081962484106770717e+01 2.245073186656770185e+38 1.013233143855020055e+06
1.111126399482600391e+01 2.222721776048209915e+38 1.013167849721950013e+06
1.140275880254921503e+01 2.200584043318030145e+38 1.013104287010109983e+06
1.169352433207677677e+01 2.178729657321630099e+38 1.013042617771169986e+06
1.198359692774829455e+01 2.157184342627380054e+38 1.012982742445950047e+06
1.227597093416261487e+01 2.135744457464899934e+38 1.012924052296290058e+06
1.257443222706206143e+01 2.114162332013929893e+38 1.012865885789060034e+06
1.287945786424097605e+01 2.092443208957240175e+38 1.012808244340399979e+06
1.319582681369502097e+01 2.070301120313700151e+38 1.012750406280030031e+06
1.353495271457359195e+01 2.047018459084359881e+38 1.012690602436259971e+06
1.389872203924460337e+01 2.022623434942599954e+38 1.012628958911799942e+06
1.430971921046148054e+01 1.995804609964889844e+38 1.012562475234010024e+06
1.478476137341931462e+01 1.965903845853060147e+38 1.012489764630279969e+06
1.535503879326279275e+01 1.931715844774070170e+38 1.012408251630689949e+06
1.607490114585380070e+01 1.891652728429809885e+38 1.012314107260989957e+06
1.701953897345811129e+01 1.843985806068459937e+38 1.012204275321720052e+06
1.811266698659164831e+01 1.796219567533280137e+38 1.012093396290280041e+06
1.921267870243173093e+01 1.755124408099500181e+38 1.011995794808260049e+06
2.032064587250351906e+01 1.719188557898410068e+38 1.011908625882619992e+06
2.144768131186719984e+01 1.686465839095519912e+38 1.011828213425550028e+06
2.260277110236347653e+01 1.655613708172009976e+38 1.011751882022000034e+06
2.379402311512967572e+01 1.625563776513209964e+38 1.011677537124039955e+06
2.505855995620368049e+01 1.594527376397290043e+38 1.011601807029920048e+06
2.634761244856053963e+01 1.563848240394490041e+38 1.011526698386600008e+06
2.769823512432049029e+01 1.531531791709199980e+38 1.011449217600230011e+06
2.911921030312078074e+01 1.496976155742549996e+38 1.011368504869139986e+06
3.062052450428018346e+01 1.459880385020300094e+38 1.011284276112220017e+06
3.221432118251686916e+01 1.419627751672290052e+38 1.011195194180710008e+06
3.391476612511905842e+01 1.375604434596470031e+38 1.011100574932049960e+06
3.573802421829896048e+01 1.327532025511899994e+38 1.011000844555660035e+06
3.770381323245237581e+01 1.276114879139089962e+38 1.010897012485789950e+06
3.983537017946946435e+01 1.222734073374630031e+38 1.010791335895320051e+06
4.216254735254915431e+01 1.169311897986780044e+38 1.010685957404789981e+06
4.472442803814192303e+01 1.117094845023030069e+38 1.010583016021940042e+06
4.738404720276594162e+01 1.070817757785419935e+38 1.010488860641420004e+06
5.010354499728418887e+01 1.029308079820360006e+38 1.010402642980110017e+06
5.292001936823362485e+01 9.908624723009909287e+37 1.010322059606870054e+06
5.586615051349508576e+01 9.548483738819280365e+37 1.010245695575790014e+06
5.897437414515297860e+01 9.213003670521670561e+37 1.010173135727880057e+06
6.227881831853301264e+01 8.907859172037580248e+37 1.010104493559570052e+06
6.563133082722197287e+01 8.650149511465990291e+37 1.010041902480990044e+06
6.839598080090945587e+01 8.503441195771040085e+37 1.009995117744919960e+06
7.068006946123205125e+01 8.388674232105380074e+37 1.009957966066909954e+06
7.258510843760450371e+01 8.291466674673579626e+37 1.009927501180629944e+06
7.418328853344428353e+01 8.218085077831480123e+37 1.009903277226379956e+06
7.553401014502742328e+01 7.913510689187020193e+37 1.011514776961160009e+06
7.572731289331568405e+01 7.955602015261590185e+37 1.011605524515819969e+06
7.611198536242591217e+01 7.965817825226730202e+37 1.011704378941089963e+06
7.683895835289149545e+01 7.959605334761629838e+37 1.011769676544039976e+06
7.779921971680596471e+01 7.933581544034760106e+37 1.011778057390589966e+06
7.862496818226645701e+01 7.934535279328320375e+37 1.011769867324710009e+06
7.933900942860054784e+01 7.923941068735030326e+37 1.011755509345869999e+06
7.996069194315350614e+01 7.914646285352259817e+37 1.011740939308639965e+06
8.050673153268871829e+01 7.902805374659310287e+37 1.011726428800169961e+06
8.099217578818206675e+01 7.890616582146589780e+37 1.011712590331400046e+06
8.143143213592702523e+01 7.878712254117019609e+37 1.011699562200490036e+06
8.184500914896489121e+01 7.865722965219869757e+37 1.011686663297199993e+06
8.204073460260406137e+01 7.869760151501829745e+37 1.011681137201679987e+06
8.243022825531079434e+01 7.845864949904760060e+37 1.011668276317939977e+06
8.320532062422716990e+01 7.795795776949369705e+37 1.011637491867700010e+06
8.458898234358639456e+01 7.718099123819920048e+37 1.011581406768469955e+06
8.734246916513075121e+01 7.590826227543000068e+37 1.011485108892149990e+06
9.282190794000052847e+01 7.424578351028919785e+37 1.011343804799539968e+06
9.946501083692419343e+01 7.377528251599209711e+37 1.011234308971769991e+06
1.058277402107778471e+02 7.402242486728870094e+37 1.011154435191520024e+06
1.113675634726241697e+02 7.420322151110999890e+37 1.011084389304170036e+06
1.161737578368338291e+02 7.447978237091219793e+37 1.011027666903169942e+06
1.203223741996625904e+02 7.442691487183400236e+37 1.010970616533030057e+06
1.238753310727188364e+02 7.437458083052100083e+37 1.010921330975600053e+06
1.268979684605437797e+02 7.405986427654580407e+37 1.010872098906839965e+06
1.294814702582079917e+02 7.396821337265660135e+37 1.010834785021570046e+06
1.317030959968105890e+02 7.362740796907430472e+37 1.010796559835270047e+06
1.336178050303133205e+02 7.342858858386980433e+37 1.010765571158019942e+06
1.352761761474830564e+02 7.300833574934750143e+37 1.010733205540649942e+06
1.367160359379195143e+02 7.278250484672350335e+37 1.010707668439459987e+06
1.379728660435939673e+02 7.238837102832579746e+37 1.010681566746330005e+06
1.390734281154000200e+02 7.214822369188889916e+37 1.010660362132870010e+06
1.400428564928879496e+02 7.184401568138570465e+37 1.010640187572670053e+06
1.409004443485755473e+02 7.158940205148739602e+37 1.010622388079860015e+06
1.416646028203540482e+02 7.126520145819139560e+37 1.010604725958039984e+06
1.423491057176142931e+02 7.101033693668650086e+37 1.010589148020470049e+06
1.429684175367292482e+02 7.071774139579890319e+37 1.010574036278999993e+06
1.435342027390724979e+02 7.043721178200510441e+37 1.010559792933249963e+06
1.440585744697600603e+02 7.015195545099789600e+37 1.010546028068930027e+06
1.445532933389768004e+02 6.987880041961620338e+37 1.010532905914210016e+06
1.450329584048304241e+02 6.958623456201530371e+37 1.010519720623080037e+06
1.452146987679006997e+02 6.964373436252550249e+37 1.010515507084529963e+06
1.455763620903890114e+02 6.930940744296630316e+37 1.010505553387630032e+06
1.461787950911093503e+02 6.868671317615440235e+37 1.010485217672719969e+06
1.467304213702445850e+02 6.827016697441050235e+37 1.010466884745380026e+06
1.472483065824781079e+02 6.782949560888189662e+37 1.010449348637979943e+06
1.477444520331628155e+02 6.745690816567210269e+37 1.010433299147080048e+06
1.482439558229525574e+02 6.700142459309939807e+37 1.010416282310959999e+06
1.485452805214154068e+02 6.682387158003219773e+37 1.010406527146609966e+06
1.490687947227852419e+02 6.615842729537660063e+37 1.010386693897429970e+06
1.495706325292412657e+02 6.563003238811679956e+37 1.010367321926019969e+06
1.500940430016780738e+02 6.500569974054830303e+37 1.010346062372729997e+06
1.505865275668329559e+02 6.434183264525109688e+37 1.010324455140889972e+06
1.511013613013492431e+02 6.351375320801170090e+37 1.010299370180660044e+06
1.516298305232776329e+02 6.244919475134610154e+37 1.010269556869850028e+06
1.521461702747910749e+02 6.140865693970399680e+37 1.010239108750839951e+06
1.526823719532985706e+02 6.037958259461119601e+37 1.010207999979760032e+06
1.532065117996535264e+02 5.946531674416890160e+37 1.010179306132160011e+06
1.537472949681687169e+02 5.854962283433870142e+37 1.010151022160519962e+06
1.542790108243061695e+02 5.768974626565589539e+37 1.010124478966710041e+06
1.548230759352154564e+02 5.684233219303599964e+37 1.010098517255270039e+06
1.553634629017906263e+02 5.601633859053880003e+37 1.010073497307730024e+06
1.559081555732991546e+02 5.519456206158550306e+37 1.010048923325340031e+06
1.564632311117311474e+02 5.438171471906619886e+37 1.010024646698849974e+06
1.570143329667625949e+02 5.356225365686529869e+37 1.010000703306760057e+06
1.575713390449236613e+02 5.274594304238480206e+37 1.009976914586469997e+06
1.581381974803807680e+02 5.192410285576280309e+37 1.009953073671719991e+06
1.587026951429143082e+02 5.110153656779030335e+37 1.009929499729819945e+06
1.592714929917710833e+02 5.027369954655859822e+37 1.009905928954210016e+06
1.598466046969406307e+02 4.942063009886890387e+37 1.009882032646110049e+06
1.604310406291624531e+02 4.855104621264509618e+37 1.009857769328580005e+06
1.610195021577819716e+02 4.766113778614150236e+37 1.009833180113289971e+06
1.616109470290830359e+02 4.674426897644550366e+37 1.009808187574850046e+06
1.622082257842994295e+02 4.579742943282789939e+37 1.009782574975800002e+06
1.628004853168094996e+02 4.481781330314479831e+37 1.009756502488119993e+06
1.633997043028357439e+02 4.378329326140990083e+37 1.009729275812810054e+06
1.640050982945249416e+02 4.268469569320100061e+37 1.009700679767739959e+06
1.646166683614137582e+02 4.147774841789270154e+37 1.009669972217360046e+06
1.652365416959510185e+02 4.016341046278709995e+37 1.009636946775489952e+06
1.658663684389321133e+02 3.877221451808149878e+37 1.009602149633749970e+06
1.665057385285035707e+02 3.734951606813140103e+37 1.009566411039000028e+06
1.671588684132439084e+02 3.592894752420400061e+37 1.009530461107179988e+06
1.678280278748425189e+02 3.452143604912670192e+37 1.009494556817649980e+06
1.685160785254847724e+02 3.311371711739750131e+37 1.009458689770760015e+06
1.692252641559753101e+02 3.175442904868799859e+37 1.009423634417469963e+06
1.699476689341245219e+02 3.049877543765139878e+37 1.009390473938890034e+06
1.706844920653966255e+02 2.931836545797680019e+37 1.009358944912960054e+06
1.714362669156689662e+02 2.817728209043799994e+37 1.009328455405579996e+06
1.722031911188678350e+02 2.709210782303539817e+37 1.009299049201959977e+06
1.729685734740342014e+02 2.607594653556269985e+37 1.009271178568299976e+06
1.737843445008329581e+02 2.504215243563559771e+37 1.009242744488519966e+06
1.746995774518873077e+02 2.393773532793310080e+37 1.009212199753339984e+06
1.755914528973808046e+02 2.295962357494529896e+37 1.009184188619959983e+06
1.765316800905275159e+02 2.198118889759960212e+37 1.009156153070789995e+06
1.774892455824883655e+02 2.106227344536189892e+37 1.009129378334359964e+06
1.784034453385102097e+02 2.026048393366769955e+37 1.009105544451060006e+06
1.793247731526789721e+02 1.953328359243509965e+37 1.009083418099279981e+06
1.803636385794379748e+02 1.878542239623700106e+37 1.009060412804260035e+06
1.813293947135098279e+02 1.815707270594500057e+37 1.009040505840559956e+06
1.822570524846087210e+02 1.760889100448170058e+37 1.009022761316630058e+06
1.832035835180431604e+02 1.709054645744380028e+37 1.009005800131120021e+06
1.842866620639979374e+02 1.653137223410339956e+37 1.008987453798949951e+06
1.852891587595222518e+02 1.605548992084550103e+37 1.008971346680199960e+06
1.862466958743752912e+02 1.563700359875219905e+37 1.008956877342920052e+06
1.872132975083950441e+02 1.523932321375119891e+37 1.008942998400470009e+06
1.883531931198958773e+02 1.478547076955640047e+37 1.008927258367459988e+06
1.894270079701091163e+02 1.438701124728229982e+37 1.008913007872230024e+06
1.904394677061645780e+02 1.404222570566729943e+37 1.008900312144489959e+06
1.914344232396397274e+02 1.372004890942459988e+37 1.008888362409280031e+06
1.925201307882671244e+02 1.337750967144999940e+37 1.008875718448739965e+06
1.937293812867137603e+02 1.299655183435799985e+37 1.008861792314760038e+06
1.948479516265797429e+02 1.268777560800100065e+37 1.008849698635070003e+06
1.959110301600594539e+02 1.240823116854350012e+37 1.008838698697090033e+06
1.969770082517934497e+02 1.213589866445920061e+37 1.008827987341230037e+06
1.981933283720281906e+02 1.182609433227019940e+37 1.008815943524800008e+06
1.994816498348081950e+02 1.150123801232380076e+37 1.008803284350019996e+06
2.006779602309979964e+02 1.123348790813849915e+37 1.008792183149070013e+06
2.018202377565612551e+02 1.098857333440149888e+37 1.008781981294960016e+06
2.029767233155143913e+02 1.074551992530950114e+37 1.008771884643830010e+06
2.043207284323871136e+02 1.046166353213000039e+37 1.008760245949300006e+06
2.057486246705811936e+02 1.016208020735440006e+37 1.008747925884310040e+06
2.070757622304954566e+02 9.916865812476559618e+36 1.008737141035669949e+06
2.083383046541130170e+02 9.692182526524470243e+36 1.008727234406249947e+06
2.096017811692436226e+02 9.470871324496029563e+36 1.008717502877720050e+06
2.110123500480840448e+02 9.224119624353410484e+36 1.008706730506520020e+06
2.126736922297859564e+02 8.925448403308560375e+36 1.008693913749260013e+06
2.142172496057464741e+02 8.686394270838679657e+36 1.008682756842209958e+06
2.156761401565745473e+02 8.468960054064110197e+36 1.008672581310849986e+06
2.171067514107562602e+02 8.261416811918759877e+36 1.008662829815009958e+06
2.186110891345306300e+02 8.046296738169249763e+36 1.008652720982840052e+06
2.205222775592119433e+02 7.771397419941470117e+36 1.008639921333650011e+06
2.224175545342441183e+02 7.510426041172439909e+36 1.008627458993130014e+06
2.242115118163055740e+02 7.288751786925259885e+36 1.008616310633450048e+06
2.259433381124108564e+02 7.083252199876490240e+36 1.008605890560119995e+06
2.276816135256085545e+02 6.884284958759630162e+36 1.008595697916970006e+06
2.295854224818176590e+02 6.670553287636369872e+36 1.008584716602919973e+06
2.321317537972063292e+02 6.392688232824340438e+36 1.008570343286979944e+06
2.345520356251799967e+02 6.146340190590369805e+36 1.008557155125260004e+06
2.368865686614590231e+02 5.930688083725079716e+36 1.008545100345890038e+06
