# time luminosity radius
-2.040726402453310584e+01 3.102870747199570168e+35 1.008538358283560025e+06
-1.710182494775926898e+01 3.229398501408699916e+35 1.008531278662070050e+06
-1.509105519508648285e+01 3.347535152564179922e+35 1.008538416792980046e+06
-1.421502770748247713e+01 3.414814900745589933e+35 1.008546564092669985e+06
-1.367516298767168337e+01 3.464182454508779990e+35 1.008553255405219970e+06
-1.328065139266709593e+01 3.502622520263729960e+35 1.008559285953989951e+06
-1.297646407168667793e+01 3.544920846452200255e+35 1.008564783322160016e+06
-1.272974940362109919e+01 3.581852149254179966e+35 1.008570006453890004e+06
-1.253045292747719941e+01 3.619949748724360189e+35 1.008574891103919945e+06
-1.236014062829053728e+01 3.652143489562600270e+35 1.008579424251719960e+06
-1.219218858113799797e+01 3.699263249900910261e+35 1.008584293949560029e+06
-1.205882482736888051e+01 3.734954831468290094e+35 1.008588501938589965e+06
-1.194252732928816840e+01 3.784086613991530327e+35 1.008592462984850048e+06
-1.185197959402557899e+01 3.819560794061480167e+35 1.008595824886869988e+06
-1.177318444734009972e+01 3.856102808321859909e+35 1.008598898000929970e+06
-1.170218315714646451e+01 3.891711900093829933e+35 1.008601794576689950e+06
-1.163731107571311441e+01 3.930529138406850079e+35 1.008604565797029994e+06
-1.157747672211280587e+01 3.972705323954130162e+35 1.008607334080299945e+06
-1.151956124895878020e+01 4.016676049201040309e+35 1.008610088779779966e+06
-1.146523012648140138e+01 4.063526249189090158e+35 1.008612757732519996e+06
-1.141436427668031683e+01 4.116828143762969774e+35 1.008615358112329966e+06
-1.136831304350744176e+01 4.172421553625070247e+35 1.008617791565970052e+06
-1.132502118853517459e+01 4.231449518576379772e+35 1.008620152512370027e+06
-1.128386179580229509e+01 4.293585628783170100e+35 1.008622475802719942e+06
-1.124756674918535282e+01 4.351229931736829775e+35 1.008624588236149983e+06
-1.121296739370700379e+01 4.410873057829509654e+35 1.008626639980399981e+06
-1.117954627637573140e+01 4.472552784423270268e+35 1.008628674130470026e+06
-1.114727645259245037e+01 4.534303287302970325e+35 1.008630693932389957e+06
-1.111609477201636764e+01 4.599907642579769748e+35 1.008632695799360052e+06
-1.108581734215476899e+01 4.666723605308039724e+35 1.008634687822639942e+06
-1.105641818079493532e+01 4.735078759925940332e+35 1.008636695007400005e+06
-1.102776827010347915e+01 4.806224713230730358e+35 1.008638697780839982e+06
-1.099984586156369915e+01 4.879633486224580176e+35 1.008640697441590019e+06
-1.097356637284065073e+01 4.959064003245200322e+35 1.008642638421020005e+06
-1.094797332685266156e+01 5.046458954516620357e+35 1.008644570588220027e+06
-1.092286868744395179e+01 5.141475265546989664e+35 1.008646506399190053e+06
-1.089820105941453221e+01 5.242160077680670094e+35 1.008648451434939983e+06
-1.087393201887243777e+01 5.360170467147880120e+35 1.008650461788250017e+06
-1.084983228670625977e+01 5.518533329386610009e+35 1.008652492736340035e+06
-1.082604013771560858e+01 5.695269915505060253e+35 1.008654531647859956e+06
-1.080257688326673815e+01 5.885794259293999634e+35 1.008656574566510040e+06
-1.077981917043325666e+01 6.073871496104579707e+35 1.008658593645030051e+06
-1.075494769797478511e+01 6.277138605584739757e+35 1.008660844937519985e+06
-1.073088815881601477e+01 6.473060536549330218e+35 1.008663072510040016e+06
-1.070721164782935375e+01 6.663072131572070062e+35 1.008665310096409987e+06
-1.068388034431245615e+01 6.848800128966030119e+35 1.008667564112890046e+06
-1.066074556358944392e+01 7.031493103735490137e+35 1.008669847464740044e+06
-1.063779788204465149e+01 7.213033684996569960e+35 1.008672161311120028e+06
-1.061500730493662559e+01 7.403835718328490611e+35 1.008674509312410024e+06
-1.059233808080625749e+01 7.724259179832490060e+35 1.008676904516799957e+06
-1.056975002814488107e+01 7.982972515185060012e+35 1.008679344987140037e+06
-1.054720151861602062e+01 8.212077848548179990e+35 1.008681835666100029e+06
-1.052464731719101110e+01 8.431539368785729984e+35 1.008684382579419995e+06
-1.050202854625513282e+01 8.647962047998670197e+35 1.008686994312330033e+06
-1.047932938860412833e+01 8.865982484108350036e+35 1.008689674758370034e+06
-1.045649495547695551e+01 9.069507367820060370e+35 1.008692433323489968e+06
-1.043345303248042910e+01 9.868682796880790186e+35 1.008695292683050036e+06
-1.041069949443408404e+01 1.003253577549019944e+36 1.008698195027400041e+06
-1.038875167531477928e+01 1.228751046836830058e+36 1.008701135427979985e+06
-1.036735194150151074e+01 1.226186193575940010e+36 1.008704054374780040e+06
-1.034660996993807203e+01 1.253947576245550052e+36 1.008706942988479976e+06
-1.032650010701854626e+01 1.263730154036419959e+36 1.008709800427810056e+06
-1.030695836579707247e+01 1.276326345794920009e+36 1.008712633603040013e+06
-1.028792151843481406e+01 1.291762638409800042e+36 1.008715449307120056e+06
-1.026933096209177165e+01 1.308383383285549944e+36 1.008718253767549992e+06
-1.025113398076700832e+01 1.327398284726259935e+36 1.008721050516100018e+06
-1.023326530498979992e+01 1.344137524687110101e+36 1.008723832601660048e+06
-1.021559490153958905e+01 1.359828776013489982e+36 1.008726619426760008e+06
-1.019819159952112386e+01 1.374849297210419912e+36 1.008729401884919964e+06
-1.018095081324281637e+01 1.408096310239370041e+36 1.008732275885420037e+06
-1.016407320419148164e+01 1.435672683704179986e+36 1.008735137014589971e+06
-1.014734926575238205e+01 1.460624369544439902e+36 1.008738011095719994e+06
-1.013075012529770902e+01 1.482691443998820111e+36 1.008740894282690017e+06
-1.011409317227116844e+01 1.501705636971190033e+36 1.008743818004720029e+06
-1.009685595613154874e+01 1.559678047214770081e+36 1.008746889163680025e+06
-1.007952438776555937e+01 1.603957027071370146e+36 1.008750112873179954e+06
-1.006246275749526831e+01 1.636236568719089903e+36 1.008753322030559997e+06
-1.004539439533346012e+01 1.664409841920209879e+36 1.008756568296739948e+06
-1.002820062199589302e+01 1.445213713909919979e+36 1.008759940270159976e+06
-1.001078420574322081e+01 1.393644825297990030e+36 1.008763396830340032e+06
-9.992566282703592151e+00 1.417712203788250111e+36 1.008767070703819976e+06
-9.974105756168683001e+00 1.417268192993409875e+36 1.008771094792990014e+06
-9.956019998849114927e+00 1.443374051372609995e+36 1.008775110159959993e+06
-9.937841964505423675e+00 1.477406870050279971e+36 1.008779171387559967e+06
-9.919332765137369279e+00 1.516916079985479864e+36 1.008783351468950044e+06
-9.900477054256953124e+00 1.562532186350599872e+36 1.008787670951309963e+06
-9.881268966957577504e+00 1.602732692816400013e+36 1.008792116636979976e+06
-9.861023065796871379e+00 1.636571266519070092e+36 1.008796912726940005e+06
-9.840479341463833407e+00 1.688605886997229991e+36 1.008801855329580023e+06
-9.819571638998240815e+00 1.730559682914359925e+36 1.008807069180669961e+06
-9.798731267479524831e+00 1.780858921318660020e+36 1.008812332724250038e+06
-9.777016772908609710e+00 1.867153690279940118e+36 1.008817938550719991e+06
-9.755284367933199974e+00 1.838018725835920128e+36 1.008824198862359975e+06
-9.734681121221001376e+00 1.912991506701789914e+36 1.008830180094319978e+06
-9.714212892014984391e+00 1.989184946357120089e+36 1.008836226961430046e+06
-9.694473732493861462e+00 2.066728578292589983e+36 1.008842134666459984e+06
-9.675520801320999453e+00 2.011106936721669900e+36 1.008847997382550035e+06
-9.656604834074641985e+00 2.015363120090769887e+36 1.008853914490530035e+06
-9.638241270848993736e+00 2.052000058437130001e+36 1.008859867014930001e+06
-9.620569491577953158e+00 2.099176782883669969e+36 1.008865648897569976e+06
-9.602938344414724270e+00 2.140916041358540065e+36 1.008871485603990033e+06
-9.585792244824915542e+00 2.191775430225959988e+36 1.008877270692929975e+06
-9.568557763476746914e+00 2.479655942276040123e+36 1.008883397236849996e+06
-9.551911763674979738e+00 2.284902182043959915e+36 1.008889606484830030e+06
-9.535905579215068428e+00 2.305169257935329966e+36 1.008895634311549948e+06
-9.519895196335710352e+00 2.353830040479959893e+36 1.008901698696300038e+06
-9.504256597485436941e+00 2.402621115661720105e+36 1.008907893737329985e+06
-9.488774213428769144e+00 2.471687079759869881e+36 1.008914076226160047e+06
-9.473741666442037967e+00 2.556204042910190004e+36 1.008920140573299956e+06
-9.458607811545334698e+00 2.655984642613229961e+36 1.008926362134890049e+06
-9.443740258033358259e+00 2.725077872110479751e+36 1.008932657057530014e+06
-9.428789312424669333e+00 2.748210001857370212e+36 1.008939019271750003e+06
-9.414119047053645772e+00 2.786869397716619950e+36 1.008945329952709959e+06
-9.399291590846587496e+00 2.832108456394079744e+36 1.008951770176470047e+06
-9.384695142495729669e+00 2.892438111536270038e+36 1.008958399457699968e+06
-9.370254808695790416e+00 3.172165000649020049e+36 1.008965019060889957e+06
-9.355621861227518821e+00 3.034625046800119714e+36 1.008971889197429991e+06
-9.341220106271975965e+00 3.062868654377769986e+36 1.008978679746660055e+06
-9.326555272628866078e+00 3.131208704068140061e+36 1.008985638057340053e+06
-9.311558590653476131e+00 3.198050646569419851e+36 1.008992824239760055e+06
-9.296687015920724662e+00 3.242842487701869826e+36 1.009000135793579975e+06
-9.281877814325525833e+00 3.294219490277559849e+36 1.009007527943389956e+06
-9.266792244126918376e+00 3.372177471881390259e+36 1.009015123007489950e+06
-9.251288770459723310e+00 3.461255498506940077e+36 1.009022986674719956e+06
-9.235298919618799118e+00 3.557085468404020014e+36 1.009031280173940002e+06
-9.219381497374342871e+00 3.648470661180399956e+36 1.009039601432939991e+06
-9.203731985497142887e+00 3.747618538491599944e+36 1.009047824011499994e+06
-9.187727185448238743e+00 3.856069892414729906e+36 1.009056289069529972e+06
-9.171710607555723982e+00 3.993037042031520087e+36 1.009064853800329962e+06
-9.155053153005610511e+00 4.104980772272439714e+36 1.009073847989000031e+06
-9.138585920893092407e+00 4.208481025086400032e+36 1.009082785081640002e+06
-9.122197628031244676e+00 4.315641725650179869e+36 1.009091774671330000e+06
-9.105899902610872232e+00 4.486711932496310128e+36 1.009100969036060036e+06
-9.089738504227170779e+00 4.785399713471420292e+36 1.009110116057259962e+06
-9.072756027343530150e+00 4.914011427197610210e+36 1.009119802332820022e+06
-9.055836191114394751e+00 5.023318939375830195e+36 1.009129479952489957e+06
-9.038879288433236070e+00 5.123571552372319960e+36 1.009139205544639961e+06
-9.020883366446469154e+00 5.220209725873769815e+36 1.009149623868259951e+06
-9.002915221542025392e+00 5.311716807980459956e+36 1.009160046474860050e+06
-8.983870852479412861e+00 5.411956414742210315e+36 1.009171159772000043e+06
-8.964410571499684011e+00 5.519270727586679792e+36 1.009182555614860030e+06
-8.943838360576592095e+00 5.653584706036460105e+36 1.009194761907360051e+06
-8.922553199154208414e+00 5.807315146166899679e+36 1.009207422259130049e+06
-8.900056623669115652e+00 5.976715554284590547e+36 1.009220836107069976e+06
-8.875809926427791652e+00 6.169902842435879434e+36 1.009235332715759985e+06
-8.847604939506709343e+00 6.408220079282850447e+36 1.009252255970229977e+06
-8.817793635090311000e+00 6.680376985755559834e+36 1.009270202766409959e+06
-8.781754959332829458e+00 7.010387399922509870e+36 1.009292012212279951e+06
-8.739089595884252049e+00 7.410006423577080590e+36 1.009317984957969980e+06
-8.687522642567273579e+00 7.905333249792150144e+36 1.009349544716469944e+06
-8.623340275958980783e+00 8.535756890758219973e+36 1.009389009081189986e+06
-8.546565585329517489e+00 9.322909931146130309e+36 1.009436353288810002e+06
-8.457302755587079446e+00 1.027915071091880029e+37 1.009491345014499966e+06
-8.364430034274846548e+00 1.132416706130840088e+37 1.009548248367039952e+06
-8.266252105326202582e+00 1.248758756884440086e+37 1.009607910407350049e+06
-8.161266855840949574e+00 1.380879058699600014e+37 1.009671039309079992e+06
-8.056021878528554225e+00 1.521575110252579979e+37 1.009733524104309967e+06
-7.951412281791817804e+00 1.669222462784900103e+37 1.009794785597139969e+06
-7.840104256971244467e+00 1.834199282954030005e+37 1.009859048718590057e+06
-7.726061667777685216e+00 2.010646567994769979e+37 1.009923885032469989e+06
-7.609613387196077383e+00 2.198077144666609806e+37 1.009989081654050038e+06
-7.487758236149602453e+00 2.401215706159169782e+37 1.010056303422729950e+06
-7.369379825251598959e+00 2.605337140557139959e+37 1.010120733794679982e+06
-7.221053450688486919e+00 2.867832356447129865e+37 1.010200454208069947e+06
-7.073959503207333910e+00 3.137599950256970192e+37 1.010278626844889950e+06
-6.922019714330417628e+00 3.423997542889170123e+37 1.010358772372700041e+06
-6.775092500910432136e+00 3.708686021274389799e+37 1.010435876635979977e+06
-6.630010481194403837e+00 3.996195270894800020e+37 1.010511799302270054e+06
-6.483865257459910936e+00 4.291892695764339651e+37 1.010588159022729960e+06
-6.334048569851802313e+00 4.601010563298379766e+37 1.010666366911330028e+06
-6.177841797185465111e+00 4.929132281281819832e+37 1.010747836245439947e+06
-6.012217355500069971e+00 5.282717863377920123e+37 1.010834094577759970e+06
-5.833519349844209501e+00 5.670730871083779952e+37 1.010926876685890020e+06
-5.637118395409743243e+00 6.101601610535940394e+37 1.011028255955809960e+06
-5.416877157623275707e+00 6.587918724437340257e+37 1.011140711530769942e+06
-5.200723282346189080e+00 7.067161530873259912e+37 1.011249226896779961e+06
-5.000998461879134993e+00 7.507881636987319637e+37 1.011347461232029949e+06
-4.809046379657957004e+00 7.925553951171070259e+37 1.011439551308450056e+06
-4.619736401859881880e+00 8.327262938637599667e+37 1.011527676674389979e+06
-4.429264433348180319e+00 8.719327260803259547e+37 1.011613190744839958e+06
-4.234075570397180854e+00 9.106759094170930372e+37 1.011697132928360021e+06
-4.030567176896511228e+00 9.491515911416989410e+37 1.011780302518040058e+06
-3.814596981267641240e+00 9.879045992208810804e+37 1.011863240060999990e+06
-3.581048498336713237e+00 1.027094188602780004e+38 1.011946328771090019e+06
-3.323200393153456389e+00 1.066421916065669999e+38 1.012029688770459965e+06
-3.031713204028164910e+00 1.106636529626560034e+38 1.012112354948329972e+06
-2.692924090851192886e+00 1.146856141828459967e+38 1.012192540082679945e+06
-2.355196269223597483e+00 1.181453880015809914e+38 1.012257093606719980e+06
-2.037120256994057854e+00 1.208925195116269961e+38 1.012304985130059998e+06
-1.725427228459921025e+00 1.230905469463509973e+38 1.012340222823970020e+06
-1.411955279733774660e+00 1.248370844922130084e+38 1.012364772304079961e+06
-1.089834625475305074e+00 1.261804946229269939e+38 1.012379135895499960e+06
-7.525108419749813038e-01 1.271368922821330080e+38 1.012383335368019994e+06
-3.923615984995194594e-01 1.277086550172270049e+38 1.012377007519350038e+06
0.000000000000000000e+00 1.278528742689389941e+38 1.012358787799809943e+06
4.372028868256165879e-01 1.275393684503320074e+38 1.012325088598979986e+06
9.373609970298275584e-01 1.267017677526839927e+38 1.012271415107139968e+06
1.527917098636862647e+00 1.250820074483310070e+38 1.012199357370859943e+06
2.253600822901717038e+00 1.224542752669509989e+38 1.012100230152150034e+06
2.925790766606041871e+00 1.196968648294969979e+38 1.012002835494240047e+06
3.585767832318197179e+00 1.167707691350349915e+38 1.011905824315369944e+06
4.255788605373709288e+00 1.136961859239549951e+38 1.011808434610900003e+06
4.954027043306268752e+00 1.104913727939929950e+38 1.011710251747439965e+06
5.698970012138488528e+00 1.071943498886309938e+38 1.011606539102580049e+06
6.512522746997092327e+00 1.037572048652719947e+38 1.011504536603279994e+06
7.423871286315261386e+00 9.707439217441889324e+37 1.013347520232770010e+06
7.576452828832771047e+00 9.626625135121229663e+37 1.013438920662819990e+06
7.880090098442451563e+00 9.506080325182079311e+37 1.013506866785970051e+06
8.484328264965370181e+00 9.335581317101680232e+37 1.013423068299900042e+06
9.686762216346323839e+00 9.039315204276480498e+37 1.013049409199030022e+06
1.034888381966356974e+01 8.901384177752000225e+37 1.012850877765520010e+06
1.100118110935181903e+01 8.765294123843560400e+37 1.012672323411619989e+06
1.167763158281468350e+01 8.627437302708490475e+37 1.012507106250899960e+06
1.240310288904947811e+01 8.483611714670160362e+37 1.012350458937569987e+06
1.319148384120580886e+01 8.332932894686229885e+37 1.012200522161419969e+06
1.405350160541911464e+01 8.176279979916759990e+37 1.012056215728749987e+06
1.499853087139217678e+01 8.014189217680860016e+37 1.011917052836499992e+06
1.603579903190257028e+01 7.847745772462530184e+37 1.011782777387839975e+06
1.717540834945521055e+01 7.677470333273379850e+37 1.011652650173450005e+06
1.842853239538362686e+01 7.502513043934599617e+37 1.011525888504559989e+06
1.980368286278826417e+01 7.322561417030330166e+37 1.011402234488239978e+06
2.131067817455550539e+01 7.137705335497619921e+37 1.011281342731960001e+06
2.295910652886868775e+01 6.947925152139130047e+37 1.011162931229879963e+06
2.475967711930661608e+01 6.752886214630760456e+37 1.011046671178770019e+06
2.672340075422926020e+01 6.552179666152309999e+37 1.010932302951739985e+06
2.886140086395243998e+01 6.347360030250459894e+37 1.010820071321530035e+06
3.118848684663862514e+01 6.139779263943670011e+37 1.010709961261159973e+06
3.372124479080684978e+01 5.930516362684429651e+37 1.010601979745759978e+06
3.647808209558479575e+01 5.720764788418529810e+37 1.010496063129579998e+06
3.947817770827987260e+01 5.519941641615329715e+37 1.010385350901270052e+06
4.239876954353258043e+01 5.341845907586979818e+37 1.010289789304889971e+06
4.595694717505102744e+01 5.131467731202800091e+37 1.010185641390620032e+06
4.977989623545090581e+01 4.806424463959259697e+37 1.010991408618310001e+06
5.076221047684884979e+01 4.830648665321159941e+37 1.010949512550120009e+06
5.271701581723027630e+01 4.761221347540499622e+37 1.010827728618519963e+06
5.428054836432329466e+01 4.709163595989920450e+37 1.010736438609260018e+06
5.594596078834092623e+01 4.642219897323520175e+37 1.010647157317369943e+06
5.772250458076268842e+01 4.571192663695339534e+37 1.010561277768380009e+06
5.964474260851056897e+01 4.498610235615630063e+37 1.010478216119699995e+06
6.173639927971362340e+01 4.425328620247149644e+37 1.010397446284299949e+06
6.401696727791204466e+01 4.351721985144690273e+37 1.010318649130300037e+06
6.650476239518866350e+01 4.278317854248680033e+37 1.010241647068409948e+06
6.921943735372951778e+01 4.205159652583070154e+37 1.010166185339950025e+06
7.218109432026085415e+01 4.132692045758640144e+37 1.010092153957169969e+06
7.541259685899876786e+01 4.061278278512889956e+37 1.010019408878050046e+06
7.893893600541287014e+01 3.991257763915200098e+37 1.009947827232829994e+06
8.278754921404652123e+01 3.852305680729750125e+37 1.010593319610579987e+06
8.410461288052283635e+01 3.888233083025649779e+37 1.010543211410140037e+06
8.616810069471284805e+01 3.865815621509400126e+37 1.010447981309329974e+06
8.793000389091048419e+01 3.850590347949509889e+37 1.010373800975510036e+06
8.984028280808888667e+01 3.824635998528640196e+37 1.010300619524689973e+06
9.189338996519200009e+01 3.796393823868309769e+37 1.010230009384679957e+06
9.412363859452489123e+01 3.766771091267350235e+37 1.010161317014829954e+06
9.655284256026880030e+01 3.736540815182169772e+37 1.010094276484949980e+06
9.920207047675194190e+01 3.706140004079940164e+37 1.010028655754719977e+06
1.020928635512964320e+02 3.675747572672850169e+37 1.009964214972899994e+06
1.052477962505590767e+02 3.645266658779330165e+37 1.009900695212349994e+06
1.086905092923589109e+02 3.614592680924119774e+37 1.009837885932220030e+06
1.124465971168383476e+02 3.583377996575639885e+37 1.009775527692120057e+06
1.165429742247260947e+02 3.556170339870010129e+37 1.009708651026070002e+06
1.208571444227154643e+02 3.449391371963809815e+37 1.010352129812820000e+06
1.222774078777174509e+02 3.505884337648830116e+37 1.010310321236060001e+06
1.245601196757361322e+02 3.500541145985999999e+37 1.010222870170230046e+06
1.264759025530829604e+02 3.499769832985279786e+37 1.010155662276390009e+06
1.285589146386209904e+02 3.486195170801620053e+37 1.010088553644650034e+06
1.307919790692894821e+02 3.469626752216320035e+37 1.010023602413380053e+06
1.332155693732320287e+02 3.450844874567009940e+37 1.009960116172550013e+06
1.358526450743329406e+02 3.430443702842689782e+37 1.009897814506690018e+06
1.387251121226245232e+02 3.408531002660169971e+37 1.009836430171299959e+06
1.418547389109089636e+02 3.384855837010170058e+37 1.009775690920089954e+06
1.452636734806228560e+02 3.359047415989650168e+37 1.009715352503609960e+06
1.486689013728491773e+02 3.338228244859209975e+37 1.009660398294540006e+06
1.516767679432405203e+02 3.325726060230660113e+37 1.009615438385440037e+06
1.543354504596509287e+02 3.238376291715479883e+37 1.010282542277549976e+06
1.551553643728520910e+02 3.269304908522900058e+37 1.010263438883939991e+06
1.567869930601227679e+02 3.272105785500370140e+37 1.010196131477699964e+06
1.585902221826036111e+02 3.267532294792259869e+37 1.010122923759990023e+06
1.604230105893393556e+02 3.259937282855599764e+37 1.010055501949300058e+06
1.621082187458277986e+02 3.253696605631919829e+37 1.009999661750079948e+06
1.636215524091066982e+02 3.247599031159179768e+37 1.009953650643649977e+06
1.649852234728023177e+02 3.241007943678410163e+37 1.009914920286969980e+06
1.662145115560078921e+02 3.234186244554780159e+37 1.009881898914000019e+06
1.673322378387620120e+02 3.227139426395839771e+37 1.009853230737259961e+06
1.683525484154743026e+02 3.220092173238209905e+37 1.009828075667739962e+06
1.692925514710468633e+02 3.213031420470459953e+37 1.009805676308689988e+06
1.701684291231258612e+02 3.205928401727389856e+37 1.009785415139309946e+06
1.709985340016419286e+02 3.198645077033310101e+37 1.009766706499560038e+06
1.718034828124236810e+02 3.190974159149910127e+37 1.009748979941849946e+06
1.726263217928935774e+02 3.182120240674889998e+37 1.009731217378810048e+06
1.734671779484797298e+02 3.172624073891200152e+37 1.009713445917260018e+06
1.742870943669786357e+02 3.163651154740539790e+37 1.009696531266089994e+06
1.751386194427313967e+02 3.153474996748509995e+37 1.009679301913509960e+06
1.759911225789865057e+02 3.143050368164499776e+37 1.009662429354680004e+06
1.768297149981517578e+02 3.133150200972250069e+37 1.009646197548420052e+06
1.777090284027008238e+02 3.121793387136709906e+37 1.009629474455990014e+06
1.785771657524028342e+02 3.110481065796490216e+37 1.009613332433119998e+06
1.794339186845691074e+02 3.099870236550909923e+37 1.009597739632430021e+06
1.803377225034573712e+02 3.087400724740649963e+37 1.009581568110779976e+06
1.814206642821882269e+02 3.070298267740730172e+37 1.009562453806570033e+06
1.833313426752092710e+02 3.032176100319639856e+37 1.009529193630510010e+06
1.871335926773199390e+02 2.957783243511450232e+37 1.009468114078680053e+06
1.912515931511925373e+02 2.919150987661980183e+37 1.009406899542680010e+06
1.958714700431601159e+02 2.809513823531079815e+37 1.009989802824690007e+06
1.974509677355472377e+02 2.857716981278799776e+37 1.009948230390459998e+06
1.997946827135083367e+02 2.845551958151089927e+37 1.009869871552070021e+06
2.018258216603189794e+02 2.835949812602000004e+37 1.009807217022020021e+06
2.040238360818211731e+02 2.814334455079659840e+37 1.009744606854349957e+06
2.063778307705642874e+02 2.788596576762919878e+37 1.009683665696530021e+06
2.089262482182512031e+02 2.759253752695590051e+37 1.009623822851120029e+06
2.116908178757021233e+02 2.726792279405840159e+37 1.009564880399349960e+06
2.146925104598221878e+02 2.691088806356559828e+37 1.009506590664520045e+06
2.175460803597070480e+02 2.662208336445879852e+37 1.009456206936849980e+06
2.201338087512958737e+02 2.637322167426950015e+37 1.009413772213850054e+06
2.224859379922545486e+02 2.613773755758509884e+37 1.009377269402830047e+06
2.246290445179274684e+02 2.591480273517679930e+37 1.009345484352370026e+06
2.265865516755557110e+02 2.511251781786949806e+37 1.009941544267360005e+06
2.272457697615036523e+02 2.521826909556820063e+37 1.009929726030529942e+06
2.285576137525395097e+02 2.519931593640840208e+37 1.009880886228800053e+06
2.301972217331776847e+02 2.510397946483550127e+37 1.009817798020899994e+06
2.317012519200752649e+02 2.503129254902329769e+37 1.009764746389289969e+06
2.331123075859768505e+02 2.494338267619059844e+37 1.009718926415569964e+06
2.344584612940789157e+02 2.484159433306349787e+37 1.009678248475239961e+06
2.357745508438811157e+02 2.472539483938070205e+37 1.009640922894789954e+06
2.371349886512716694e+02 2.458461895164689865e+37 1.009604481791120023e+06
2.386674317743145366e+02 2.439896327199169900e+37 1.009565643622630043e+06
2.407864982452465483e+02 2.408433392247299882e+37 1.009515084137110040e+06
2.434564204867765511e+02 2.370603052599540074e+37 1.009457088230479974e+06
2.463201038986053391e+02 2.335442341273039785e+37 1.009401241195330047e+06
2.494505657920426529e+02 2.296605311078969979e+37 1.009345614304409944e+06
2.528464475741138813e+02 2.254830789795290177e+37 1.009290484635710018e+06
2.565292229619790305e+02 2.210166895833710007e+37 1.009235785329969949e+06
2.605218169712570671e+02 2.162537466534220172e+37 1.009181395584719954e+06
2.645541947952506234e+02 2.078700921142900066e+37 1.009677898287790013e+06
2.659407319890997314e+02 2.101003631130579935e+37 1.009643291662289994e+06
2.682663545885598069e+02 2.082858728605139983e+37 1.009571861016159994e+06
2.702986832046381096e+02 2.069535847204099999e+37 1.009514737817959976e+06
2.725014643591230197e+02 2.047660329000899990e+37 1.009457856503339950e+06
2.748649311860408488e+02 2.022099609243150000e+37 1.009402406764309970e+06
2.774210441243303649e+02 1.993065289630250027e+37 1.009347938985359971e+06
2.801218677595970803e+02 1.962132531414849949e+37 1.009295590350129991e+06
2.826367115707898847e+02 1.935819530870099952e+37 1.009251113372249994e+06
2.849962116465894724e+02 1.910477383027659907e+37 1.009212212681030040e+06
2.872368320413834226e+02 1.885597948316340052e+37 1.009177367311220034e+06
2.894015132212998651e+02 1.860821138972729892e+37 1.009145384461869951e+06
2.915477629982624421e+02 1.835513172456060057e+37 1.009115115894029965e+06
2.937932744880026803e+02 1.807913160558879973e+37 1.009084787275220035e+06
2.963561794558954716e+02 1.774847909605900105e+37 1.009051661576700048e+06
2.995964567872570115e+02 1.694806234847660064e+37 1.009531447015960002e+06
3.007317321419877771e+02 1.704474854377720052e+37 1.009505423929960001e+06
3.029909300979015825e+02 1.688243192613689894e+37 1.009438440295009990e+06
3.049870147344945508e+02 1.676544962966289961e+37 1.009384136968489969e+06
3.071403408097903593e+02 1.658353903924490012e+37 1.009330492106140009e+06
3.094530645510176328e+02 1.636759685739560089e+37 1.009278188881990034e+06
3.119528022619078911e+02 1.612043868458579921e+37 1.009226885404390050e+06
3.146279585624442916e+02 1.584874883750079889e+37 1.009176969057820039e+06
3.175262979904910026e+02 1.554561527188940003e+37 1.009127592366360012e+06
3.206482459639555600e+02 1.521661594439360032e+37 1.009078955965789966e+06
3.236708455576062988e+02 1.491515566229339938e+37 1.009035787094590021e+06
3.266790421007262921e+02 1.460628815612149969e+37 1.008995728728930000e+06
3.297995186865273354e+02 1.427700234957719946e+37 1.008956761447830009e+06
3.329961377749732492e+02 1.394440306944409988e+37 1.008919365572380018e+06
3.363328368160655373e+02 1.328993634438080091e+37 1.009360440373750054e+06
3.375085116763220867e+02 1.333856802281149948e+37 1.009335821896360023e+06
3.398481046482320380e+02 1.318707123729420092e+37 1.009273655266670045e+06
3.419086452973751875e+02 1.306917824420390054e+37 1.009223294682350010e+06
3.441297763057227712e+02 1.289915179262969959e+37 1.009173535225700005e+06
3.465146008063939007e+02 1.269991290622189911e+37 1.009124972219399991e+06
3.490902672494576109e+02 1.247342901430699929e+37 1.009077294142970000e+06
3.518750935320113058e+02 1.222052387650960009e+37 1.009030337934099953e+06
3.548861558639837313e+02 1.194234218167959922e+37 1.008983991846160032e+06
3.581409685546077526e+02 1.164023748343580036e+37 1.008938176775619970e+06
3.616582358324776578e+02 1.131655272748439950e+37 1.008892851007340010e+06
3.654585714187151098e+02 1.096957388432419931e+37 1.008847860319869942e+06
3.695604671401260930e+02 1.060074322866439976e+37 1.008803186246130033e+06
3.739851112869173448e+02 1.000311533674450019e+37 1.009175402776150033e+06
3.755527873939936399e+02 1.001841142349709990e+37 1.009144216387709952e+06
3.779582608394639465e+02 9.887432835177350519e+36 1.009090711094439961e+06
3.801903729838340951e+02 9.763356276109170271e+36 1.009044986182729946e+06
3.825926912032255132e+02 9.605855796034920486e+36 1.008999966535979998e+06
3.851766284791101498e+02 9.425765115135920132e+36 1.008955888961720048e+06
3.879671257466070529e+02 9.224672945867089798e+36 1.008912551302470034e+06
3.909829210501002308e+02 9.002490150904319785e+36 1.008869791658789967e+06
3.942410934429090048e+02 8.759892741783319682e+36 1.008827521583660040e+06
3.977593778300706617e+02 8.498041073136350237e+36 1.008785676268270006e+06
4.015567453979574566e+02 8.219088958643430302e+36 1.008744236843470018e+06
4.056544615681095820e+02 7.921861469206800456e+36 1.008703074281609966e+06
4.100712121309861686e+02 7.442459505697069448e+36 1.009039445719740004e+06
4.116540102399230818e+02 7.422284402447539694e+36 1.009010383674400044e+06
4.140824461938418608e+02 7.316908782634110000e+36 1.008961645141119952e+06
4.163576670984621160e+02 7.214957811887399679e+36 1.008919594724989962e+06
4.188039709857621347e+02 7.091863993662209437e+36 1.008878364426949993e+06
4.214381524467580675e+02 6.952063193808900296e+36 1.008837995887640049e+06
4.242839455259318129e+02 6.796211365143420030e+36 1.008798306435639970e+06
4.273598197078017620e+02 6.623247377757330549e+36 1.008759114193230052e+06
4.306819822370907787e+02 6.433669544819940343e+36 1.008720341825249954e+06
4.342678031265822938e+02 6.226351205135210375e+36 1.008681849227759987e+06
4.381332668767736322e+02 6.001844868607149723e+36 1.008643591253950028e+06
4.422960167270184684e+02 5.762931346459869883e+36 1.008605602132020053e+06
4.467779731208893281e+02 5.369350418431569425e+36 1.008911688072200050e+06
4.484168329428439392e+02 5.324164286155570542e+36 1.008884035133969970e+06
4.508779419920847431e+02 5.232443994487560019e+36 1.008839348839199985e+06
4.531954983280611486e+02 5.142920917277550087e+36 1.008800499922450050e+06
4.556819541619879601e+02 5.039812435541559860e+36 1.008762496466799988e+06
4.583585439491544093e+02 4.925590741297269874e+36 1.008725331419719965e+06
4.612499689354799557e+02 4.799007021870740038e+36 1.008688751538589946e+06
4.643734825031069704e+02 4.660818983825820003e+36 1.008652678435140057e+06
4.677468975574556680e+02 4.509718975865480042e+36 1.008616941395640024e+06
4.713856511451203914e+02 4.346533579371410256e+36 1.008581503254720010e+06
4.753075579676105917e+02 4.170957206879010183e+36 1.008546262624419993e+06
4.795294802789030655e+02 3.985104909533579773e+36 1.008511258396110032e+06
4.840727219937134578e+02 3.680460264483450142e+36 1.008787309765169979e+06
4.857792183125211523e+02 3.626380958486149763e+36 1.008761209419499966e+06
4.882847946574602247e+02 3.549881822699499845e+36 1.008720338246059953e+06
4.906460195611298332e+02 3.475914872219589906e+36 1.008684651590410038e+06
4.931728477842007123e+02 3.393303369321839735e+36 1.008649762628720026e+06
4.958899267911792776e+02 3.303508522273100154e+36 1.008615663771450054e+06
4.988233721566293752e+02 3.205941315815570084e+36 1.008582142378340010e+06
5.019924559340224732e+02 3.101790837374730287e+36 1.008549161260760040e+06
5.054172519063340587e+02 2.991634373488520116e+36 1.008516647645210032e+06
5.091186139848005041e+02 2.874944003302469845e+36 1.008484471252340009e+06
