# time luminosity u_luminosity radius u_radius
-2.016065634820552077e+01 5.059979452514414572e+35 1.444505780597397695e+34 1.008379061982450541e+06 5.587807908073919805e+01
-1.817729261274507735e+01 5.275039961610037347e+35 3.276574453795085714e+34 1.008401635227890918e+06 6.193851386887067889e+01
-1.493825230744732835e+01 5.620204156126070150e+35 3.398445666659436060e+34 1.008437482896111673e+06 5.991072204161871184e+01
-1.462692315516687813e+01 5.661126446845596993e+35 3.407202631534428447e+34 1.008437394190815045e+06 5.999265722456242855e+01
-1.400737814213061938e+01 5.750140833003953371e+35 3.512876660534694359e+34 1.008437150600014022e+06 5.977735777746745782e+01
-1.277448356618697289e+01 5.965485893367533807e+35 3.686457087135350471e+34 1.008437709985584253e+06 5.903310061841307288e+01
-1.260654976405021443e+01 6.000931777569660333e+35 3.740643724581584204e+34 1.008437988591702888e+06 5.892709510941460138e+01
-1.227236149779855623e+01 6.072952311606962843e+35 3.847530120482387824e+34 1.008438620783782564e+06 5.868519280083964418e+01
-1.160732684795584646e+01 6.229209888087409383e+35 4.066683542011707120e+34 1.008440491026083939e+06 5.814226065637097207e+01
-1.149446929679834284e+01 6.257570069542473841e+35 4.108630293876405161e+34 1.008440905152969994e+06 5.807094659449182217e+01
-1.126988276999691152e+01 6.316861120999744240e+35 4.225973678862519417e+34 1.008441864374350407e+06 5.793453337946303350e+01
-1.082295558166151750e+01 6.446674741069444407e+35 4.509611229275993142e+34 1.008444414931278327e+06 5.781459578759923090e+01
-1.074917298018226575e+01 6.470434313747878611e+35 4.592538337753222352e+34 1.008444954404010437e+06 5.789943984215268102e+01
-1.060234560323806363e+01 6.518831504318568364e+35 4.754964758811531440e+34 1.008446094668747508e+06 5.806820911324984991e+01
-1.031015912311886495e+01 6.624235429434533477e+35 5.053811079280633753e+34 1.008448829864581348e+06 5.832402574757236380e+01
-9.892224972778421943e+00 6.799911028203360807e+35 5.441232218136590886e+34 1.008454512591732084e+06 5.879600704521356391e+01
-9.848622375904596993e+00 6.820458182622043770e+35 5.522501352379500773e+34 1.008455247628197307e+06 5.889444531408057770e+01
-9.761853208125103265e+00 6.861951398738858245e+35 5.683558750830036177e+34 1.008456748198024579e+06 5.908736264123317028e+01
-9.589182564242946682e+00 6.947925667096310596e+35 6.002477070851917429e+34 1.008460048933115206e+06 5.936049425848836592e+01
-9.380233971900452161e+00 7.055460892645966819e+35 6.410985848680830667e+34 1.008464868492849404e+06 5.990702048292462223e+01
-9.256745221458913875e+00 7.123121519032149032e+35 6.758330508707973305e+34 1.008468523705830798e+06 6.044635204222213787e+01
-9.176586462694103830e+00 7.169188569186281211e+35 6.979543716687080736e+34 1.008471280201162561e+06 6.090266790732408708e+01
-9.115406350545526948e+00 7.204168769838181913e+35 7.155579741407939467e+34 1.008473572648510919e+06 6.128882926977131262e+01
-9.066080195931135677e+00 7.233145031212653958e+35 7.311697119854378624e+34 1.008475615243631997e+06 6.166357680627557158e+01
-9.028349994252494071e+00 7.256207470876553731e+35 7.447308530469412938e+34 1.008477407743988326e+06 6.206357688332798261e+01
-8.997789766306595993e+00 7.275895155068818882e+35 7.564137897625035851e+34 1.008479026276437915e+06 6.249842436568739146e+01
-8.974565129115944728e+00 7.291241515946303338e+35 7.652122398166602867e+34 1.008480360408909037e+06 6.288126946994067623e+01
-8.972277544358803425e+00 7.291986635475777811e+35 7.664904024270771439e+34 1.008480496924173669e+06 6.291799544565395763e+01
-8.967725250689909444e+00 7.295649785836903562e+35 7.677473178839607351e+34 1.008480774427470053e+06 6.299674183871442779e+01
-8.958666186290429323e+00 7.301081076671578522e+35 7.714902968450604064e+34 1.008481346499388106e+06 6.317175092832220429e+01
-8.940638648135063704e+00 7.314096634331601443e+35 7.784513186173984469e+34 1.008482669441760285e+06 6.370100693827691174e+01
-8.928037591416796204e+00 7.339593190430408917e+35 7.782762549796890901e+34 1.008483776203567395e+06 6.425702422486337184e+01
-8.918586680645603337e+00 7.331326973259051770e+35 7.891793186082262724e+34 1.008484692775340984e+06 6.479867572646399765e+01
-8.912714775136919343e+00 7.341314707679742923e+35 7.891679852739949537e+34 1.008485275453162030e+06 6.517046919558568163e+01
-8.908006305693561444e+00 7.342707941357689456e+35 7.925987240744185717e+34 1.008485751119515509e+06 6.549000862357296171e+01
-8.903590603880729759e+00 7.352888667613073873e+35 7.916244377242338945e+34 1.008486218919506995e+06 6.581602237362896801e+01
-8.899487437744028284e+00 7.349499367147460639e+35 7.964492404400818359e+34 1.008486697357260389e+06 6.618881035347034469e+01
-8.898111429831260466e+00 7.350936005782159949e+35 7.968955431832462519e+34 1.008486881385915331e+06 6.635089612624133792e+01
-8.897580601720619597e+00 7.348075591364401656e+35 7.989477776177283026e+34 1.008486950699871639e+06 6.641159096636923209e+01
-8.896727492296122364e+00 7.348738065802713301e+35 7.993424981864407046e+34 1.008487060578368837e+06 6.650755558206681428e+01
-8.895029804540172336e+00 7.354002539512208208e+35 7.979818870513207712e+34 1.008487277528638020e+06 6.669826417163947951e+01
-8.891651405907396111e+00 7.357974519214453986e+35 7.988971903565808128e+34 1.008487709126511822e+06 6.708637075239960268e+01
-8.887521162208940950e+00 7.359032247086892955e+35 8.018660813880286729e+34 1.008488232506368309e+06 6.756780012071035912e+01
-8.882734664377494482e+00 7.359808293342327339e+35 8.056218598718786877e+34 1.008488831280535087e+06 6.813257701151246692e+01
-8.877387409704169841e+00 7.365312385533670171e+35 8.071232127887839182e+34 1.008489490243357024e+06 6.876887822327144306e+01
-8.871579206033857190e+00 7.390793762473031513e+35 8.036088871325178659e+34 1.008490213452736614e+06 6.946451598022319729e+01
-8.865367392960251891e+00 7.578099876126055675e+35 1.126578440392060912e+35 1.008490984929227969e+06 7.021774924070128066e+01
-8.858851036142368685e+00 8.868148738665586132e+35 6.438410967409408701e+35 1.008491842819097685e+06 7.104894041125929505e+01
-8.852111711825273233e+00 1.017589288314197593e+36 1.209158503777856539e+36 1.008492716865250608e+06 7.190433319932917300e+01
-8.845217473368393257e+00 1.126051724622554044e+36 1.678765479641245430e+36 1.008493608511933475e+06 7.277388652563919891e+01
-8.838213398337757098e+00 1.144775654200736672e+36 1.758050542874456985e+36 1.008494555088712485e+06 7.366655264934553315e+01
-8.825864851047299453e+00 1.217457258734619010e+36 2.069819566418940528e+36 1.008496246577016078e+06 7.525362391556897990e+01
-8.815296781200231635e+00 1.274808307443250865e+36 2.315156632577568595e+36 1.008497745089035248e+06 7.665618554994696865e+01
-8.805769526457879692e+00 1.249343155048781104e+36 2.201092453173489062e+36 1.008499098103815923e+06 7.792066361458218182e+01
-8.788999732134470833e+00 1.222040781221109768e+36 2.075979224715034939e+36 1.008501563076094142e+06 8.023220853212302472e+01
-8.770993339911001385e+00 1.232002763531409634e+36 2.104483600313846596e+36 1.008504448945345008e+06 8.304247970099993381e+01
-8.757090549232088961e+00 1.254142670822441271e+36 1.914248022400547577e+36 1.008506599159694975e+06 8.506105119271585124e+01
-8.736251329954029643e+00 1.489896555776710892e+36 2.229566053498488763e+36 1.008509760409775190e+06 8.791941318508555980e+01
-8.713617849132788251e+00 1.469128209611108195e+36 2.154323675212475246e+36 1.008513284685842693e+06 9.081272596185839063e+01
-8.688809616256548907e+00 1.460554182123239270e+36 2.128850732474734878e+36 1.008517585135463043e+06 9.389621869579407587e+01
-8.661510459716737387e+00 1.508217032499184648e+36 2.314550473719215352e+36 1.008522970833148458e+06 9.755138584746579511e+01
-8.631341957356198691e+00 1.509869404777546922e+36 2.055799834304806747e+36 1.008529924513644888e+06 1.022802553568485990e+02
-8.597876168831135146e+00 1.730142663474370005e+36 2.340058775648234625e+36 1.008538279186702101e+06 1.078347160036711188e+02
-8.560603004678341676e+00 1.850154030052389689e+36 2.554988395074740623e+36 1.008549418805710739e+06 1.150435464536524677e+02
-8.518897579151598620e+00 2.323871107041879965e+36 2.822497532271539752e+36 1.008563886056146934e+06 1.228160113441984862e+02
-8.472026718611232354e+00 2.664508861194218686e+36 3.395583448359821566e+36 1.008585282452853397e+06 1.301395403131357114e+02
-8.423350722305258387e+00 4.391699220364689544e+36 4.850642354310570288e+36 1.008612258476315765e+06 1.386236737086020412e+02
-8.374684624099245411e+00 5.526079959244598301e+36 5.304306159931617920e+36 1.008639061741663376e+06 1.474624765257808860e+02
-8.310416177973820595e+00 5.623543141652308210e+36 4.605867592709474392e+36 1.008674275837661349e+06 1.526206970896284361e+02
-8.256386861126884469e+00 6.206600821061376384e+36 4.013559421317232396e+36 1.008708558996818610e+06 1.495237491208590939e+02
-8.192497399928470259e+00 7.404417478102335404e+36 4.466197115359973783e+36 1.008748723818129627e+06 1.442706159449963934e+02
-8.127971210389659973e+00 8.092521688763947208e+36 3.465566710178913159e+36 1.008790233512622886e+06 1.354739986116977661e+02
-8.050888071375084110e+00 8.712350803601107427e+36 3.016665293024297782e+36 1.008834014911397710e+06 1.314518619865094706e+02
-7.975801534332276788e+00 8.323878615603552014e+36 2.246420630762740238e+36 1.008872107543728664e+06 1.314555834358457957e+02
-7.871548524581157835e+00 8.708619854622261840e+36 1.270410103539226060e+36 1.008925552953599021e+06 1.222085773150163845e+02
-7.782518104791961377e+00 9.716142239757671119e+36 1.784712428936105804e+36 1.008969510611843551e+06 1.158437139202141992e+02
-7.666709035649546422e+00 1.040189284886196183e+37 1.146496553913406290e+36 1.009023125957443146e+06 1.137253820844161396e+02
-7.531429285812919261e+00 1.138605752389961959e+37 1.466080907069414300e+36 1.009097669878678396e+06 1.212303439668378786e+02
-7.381531566528792609e+00 1.278394747957447967e+37 1.571831513889441083e+36 1.009163257125262171e+06 1.267100306734926534e+02
-7.215184117068929481e+00 1.446515011607736130e+37 1.709456581705251085e+36 1.009231592871275148e+06 1.313864538873195897e+02
-7.032895005400860100e+00 1.644574265724560779e+37 1.821903953253922491e+36 1.009302175491294125e+06 1.364529982334067881e+02
-6.839573033345004660e+00 1.862301175367570418e+37 1.911881151386829083e+36 1.009372246682009078e+06 1.419006657484266611e+02
-6.635938843905023532e+00 2.093045393412886980e+37 1.951826155850831026e+36 1.009440743293039151e+06 1.475582644091744271e+02
-6.424425675520978984e+00 2.328381296129729706e+37 1.935257777127865123e+36 1.009506322930072085e+06 1.532118401889048585e+02
-6.199888067420033622e+00 2.569250901251807180e+37 1.882264434845411351e+36 1.009570093983222730e+06 1.589965946510201036e+02
-5.984094866329542128e+00 2.789512104103490234e+37 1.801492912616641985e+36 1.009637632315531140e+06 1.579353238770752057e+02
-5.778266953448110144e+00 2.990220786075255040e+37 1.720778205478249855e+36 1.009708983798966743e+06 1.873339238692488209e+02
-5.576500763589137932e+00 3.184271340917150320e+37 1.688368923356694365e+36 1.009757962349505397e+06 1.958179138908526511e+02
-5.385533061549722333e+00 3.366081798708152326e+37 1.687039087934262359e+36 1.009801535209715134e+06 2.022076444168054365e+02
-5.199651783023000462e+00 3.543024496247030718e+37 1.711025054043019414e+36 1.009842135412968462e+06 2.073692768411787881e+02
-5.021074752634376637e+00 3.713926475894860366e+37 1.753870923059035423e+36 1.009880046623931266e+06 2.119331951576477309e+02
-4.845941619161749259e+00 3.883191923531076268e+37 1.813006744311857352e+36 1.009916419958200888e+06 2.161204503099989722e+02
-4.667353068971351604e+00 4.057952691190593859e+37 1.886918601472469299e+36 1.009952913189025014e+06 2.201586988067190589e+02
-4.467428994130386855e+00 4.256292037427944219e+37 1.978953491762011952e+36 1.009993179379398003e+06 2.244834604936154392e+02
-4.273860011469878373e+00 4.450841587762086278e+37 2.073899550061174470e+36 1.010031578292569378e+06 2.284964426614289721e+02
-4.092680692428984912e+00 4.630506080137269482e+37 2.198006715143322397e+36 1.010091400117942714e+06 2.176624271652238747e+02
-3.920811465277438401e+00 4.801120474322382451e+37 2.330719088045250022e+36 1.010141410906333127e+06 2.392738137326934407e+02
-3.756120901440226589e+00 4.966544060477553728e+37 2.430543735549686539e+36 1.010175568926288397e+06 2.470398969004533569e+02
-3.593937657185961143e+00 5.129203704496938014e+37 2.508243223037389593e+36 1.010207648971314775e+06 2.533552521543754779e+02
-3.434890252854529535e+00 5.287119977596786913e+37 2.570136189145185040e+36 1.010237759534728946e+06 2.586763998484705098e+02
-3.271115299936354859e+00 5.446823242918036578e+37 2.620459866772431955e+36 1.010267466043622466e+06 2.635571451069931754e+02
-3.101875239721266553e+00 5.607299887364577965e+37 2.664059327513883955e+36 1.010296675546226092e+06 2.681130260218861281e+02
-2.934529521598960855e+00 5.760329658316014259e+37 2.698495427472456036e+36 1.010324033110730699e+06 2.722455909616035683e+02
-2.767066411082851118e+00 5.906911798794337957e+37 2.725396038329612772e+36 1.010349747805621242e+06 2.760449551816566327e+02
-2.591671537480578991e+00 6.052519229541695629e+37 2.749712808513046070e+36 1.010374611581030651e+06 2.799284269745629672e+02
-2.408737895048034261e+00 6.194406164244066898e+37 2.765535098082606209e+36 1.010398372708890820e+06 2.835886993408004173e+02
-2.226667195200207061e+00 6.320239763262083458e+37 2.735475252413927903e+36 1.010446514998405008e+06 2.752728850650179311e+02
-2.043864933457371080e+00 6.433505068027507411e+37 2.709958702304728157e+36 1.010493294549839804e+06 3.136073846168081900e+02
-1.851388757135282503e+00 6.544421125393197118e+37 2.710410896790846543e+36 1.010517081183112459e+06 3.281751575144307935e+02
-1.639709720458995434e+00 6.654366991161749246e+37 2.714222011502306323e+36 1.010537309356244281e+06 3.381301355534285449e+02
-1.429584842275289702e+00 6.749318310766260743e+37 2.721387819419594141e+36 1.010552814672565786e+06 3.445174351257288095e+02
-1.218007423271046719e+00 6.829712053040064225e+37 2.726007978554104870e+36 1.010564203313986771e+06 3.480323773970196726e+02
-1.002160062625989667e+00 6.897101906962433949e+37 2.725195038922557965e+36 1.010572066930483445e+06 3.494792141780786210e+02
-7.781624919043679256e-01 6.951978753839646152e+37 2.732743321700735977e+36 1.010576827136256034e+06 3.500836614487300835e+02
-5.440938234914938221e-01 6.992992306516010510e+37 2.736797549692247042e+36 1.010577894693636335e+06 3.489421429361397031e+02
-2.848094411856436636e-01 7.022031658023703969e+37 2.733361914450355658e+36 1.010575286889372161e+06 3.463651086599515452e+02
0.000000000000000000e+00 7.036386927150698919e+37 2.724744346352191645e+36 1.010568580635202467e+06 3.424521998420141244e+02
2.841412716352351708e-01 7.017125223766554946e+37 2.782011559563203764e+36 1.010634302883242839e+06 3.263645824602883181e+02
5.687717256460018689e-01 6.988983958694266717e+37 2.836238112230790459e+36 1.010665801127926446e+06 3.860686114258927546e+02
8.560767096496419981e-01 6.956617763541487536e+37 2.844664464860245114e+36 1.010656007015317678e+06 3.961469894479143932e+02
1.151830996615899494e+00 6.912876519510862849e+37 2.814128729962258020e+36 1.010638505156314699e+06 3.975550295894760211e+02
1.463561954889883054e+00 6.857478113856089462e+37 2.793299479641813148e+36 1.010615253414561274e+06 3.929125889011598360e+02
1.777295323927319259e+00 6.793049177740685559e+37 2.768177298098623517e+36 1.010589019454920082e+06 3.856607029081963560e+02
2.108191749399338732e+00 6.716985036996206982e+37 2.742439807414992002e+36 1.010574732174058445e+06 3.637889542879354963e+02
2.453923543560449616e+00 6.628152190791786344e+37 2.732190888881340563e+36 1.010579609576815972e+06 3.739411855443424315e+02
2.800741998691592016e+00 6.537987496785857567e+37 2.732309686079226645e+36 1.010557153739231871e+06 3.834956174676842124e+02
3.158796154375522747e+00 6.444690054685798112e+37 2.715457883285613965e+36 1.010523536306438618e+06 3.762652025334687664e+02
3.546751698228035821e+00 6.342259181060565451e+37 2.698190984397190299e+36 1.010485705748895882e+06 3.653661845996883244e+02
4.051455278309731511e+00 6.208426833429379402e+37 2.672040325791496324e+36 1.010436176071741967e+06 3.492550146932097164e+02
4.870685246001812629e+00 5.995868696176291425e+37 2.637052501538798354e+36 1.010358309470198117e+06 3.227251713551801231e+02
5.650313655645732069e+00 5.790536523507401889e+37 2.571499210896915535e+36 1.010386208925419138e+06 3.461575307113930080e+02
6.840833978842056240e+00 5.527689287192821721e+37 2.534157489894000417e+36 1.010303738455470419e+06 3.498973686198850714e+02
8.065826968644614681e+00 5.292354237206150758e+37 2.473101173403325459e+36 1.010239083729112870e+06 3.162464240150416686e+02
9.411591283451343770e+00 5.076945164948893450e+37 2.445884571314066871e+36 1.010168530173428706e+06 3.227888424341855398e+02
1.067096594347276550e+01 4.892297302691627103e+37 2.349899220942914020e+36 1.010205815903848037e+06 3.297402278340365456e+02
1.095905514217702148e+01 4.857108448214978437e+37 2.364687469631201872e+36 1.010202919620096334e+06 3.363664205483221963e+02
1.153235264759860002e+01 4.791870430292271647e+37 2.390288175971457999e+36 1.010186342852097005e+06 3.425568343134689258e+02
1.262884569881498464e+01 4.681898081925054245e+37 2.366396939876520772e+36 1.010129743918384193e+06 3.200599578818009832e+02
1.362075919705239357e+01 4.581303268413640379e+37 2.351107895347780333e+36 1.010147437993202358e+06 3.139505825428277603e+02
1.453025034536403837e+01 4.504698577409532600e+37 2.342246015144017230e+36 1.010114122376417043e+06 3.175623197945342895e+02
1.535754880232889263e+01 4.433044529772436435e+37 2.351684041657670845e+36 1.010127067522744997e+06 2.903139912206724489e+02
1.611903223927583895e+01 4.368044013254420110e+37 2.363915036913181731e+36 1.010148544285893091e+06 2.847856930552007952e+02
1.681814478847809369e+01 4.316083149072364232e+37 2.334047352980807920e+36 1.010128693923630519e+06 2.940065931004459117e+02
1.746165276025567437e+01 4.273325128691233271e+37 2.303923635549989047e+36 1.010095083805240341e+06 2.848434431008946035e+02
1.805695255622958939e+01 4.234993413944945094e+37 2.278097234662738687e+36 1.010064236915193149e+06 2.753185653596980842e+02
1.861103986268972221e+01 4.196232022288381155e+37 2.378581802197075093e+36 1.010062666375686065e+06 2.418435033111159953e+02
1.913066557369893417e+01 4.162087200777315470e+37 2.423034973933655776e+36 1.010049014616021886e+06 2.410490044693088407e+02
1.962228115011930640e+01 4.130683294742241753e+37 2.388921456652401578e+36 1.010033912254716037e+06 2.227152521052138638e+02
2.009075546184249106e+01 4.097685426697078416e+37 2.356592547472586643e+36 1.010045327435884043e+06 2.258500655537588955e+02
2.054379652438365156e+01 4.070118975652435589e+37 2.323927573576473502e+36 1.010026464146098820e+06 2.255710431459370966e+02
2.099531691981610493e+01 4.043790354554291430e+37 2.286939256765243125e+36 1.010005828442086466e+06 2.214654509643069105e+02
2.149080985272485123e+01 4.015217913368291119e+37 2.251451152221116859e+36 1.009983052573819994e+06 2.159143241564410971e+02
2.247684078921338369e+01 3.958942650760437943e+37 2.176318336462622580e+36 1.009938898516025743e+06 2.042585027956518786e+02
2.319367888254782883e+01 3.918504156299910096e+37 2.139535158139698058e+36 1.009908138668231433e+06 1.961940350214351270e+02
2.420005365669931052e+01 3.861246929704095674e+37 2.091369929351618737e+36 1.009866705721121514e+06 1.857553785362898964e+02
2.511684592512574454e+01 3.810021979763692614e+37 2.051439515103842219e+36 1.009830801577543141e+06 1.771656057122650623e+02
2.595598866571162944e+01 3.764557193623101215e+37 2.013328026899695969e+36 1.009799283067851327e+06 1.700707800028713450e+02
2.672522748152005079e+01 3.723138767629594636e+37 1.979423958759037877e+36 1.009771499765102519e+06 1.642547071621874011e+02
2.743373986911319662e+01 3.685077128816085163e+37 1.948156088713559800e+36 1.009746664658297785e+06 1.591544435578588264e+02
2.809031711621901195e+01 3.650623584707029802e+37 1.920271839530339096e+36 1.009724279442928033e+06 1.547670818317909038e+02
2.870366984722750203e+01 3.618752145998526905e+37 1.893287070956260519e+36 1.009703950607533916e+06 1.509517474300038771e+02
2.928239327357550792e+01 3.587754101665313044e+37 1.870497933010584819e+36 1.009692902701618499e+06 1.381595984185380530e+02
2.983353504437764059e+01 3.555356681203467273e+37 1.864780627421782454e+36 1.009701762282389216e+06 1.623398868370293826e+02
3.036647383911986253e+01 3.527326067905035794e+37 1.846839770407948217e+36 1.009691158053633757e+06 1.770014568059249314e+02
3.089719251816677570e+01 3.497428301525961300e+37 1.825704876230156406e+36 1.009699642314386554e+06 1.703360365119857534e+02
3.146879023147994303e+01 3.466969638322906518e+37 1.808102193401649935e+36 1.009696220867293188e+06 1.951817854768780762e+02
3.216150183683930663e+01 3.433536786089341140e+37 1.763557445944439448e+36 1.009674541451048106e+06 1.912684634548745066e+02
3.280616690615534026e+01 3.399936145995311190e+37 1.737828050839914362e+36 1.009678106162432814e+06 1.811639385564099882e+02
3.341609982906993537e+01 3.369184882818711823e+37 1.723997073142290308e+36 1.009673652559346287e+06 2.029834170236082400e+02
3.399675016856417642e+01 3.343438477403840658e+37 1.695965178164360979e+36 1.009655512938124477e+06 1.987498596572499423e+02
3.456534866385118221e+01 3.316017263255391275e+37 1.664189455339698914e+36 1.009652011965080164e+06 1.851449252282995133e+02
3.514217034696594055e+01 3.286522860345478536e+37 1.641420991496528334e+36 1.009657842513621552e+06 2.121053270009753930e+02
3.581063173925576848e+01 3.257802120463400364e+37 1.611075891539635535e+36 1.009637521253739833e+06 2.081657958153267316e+02
3.661460907791297359e+01 3.219164437361369595e+37 1.583760472341875652e+36 1.009642583887914428e+06 1.835783204477054085e+02
3.735823459219500364e+01 3.180586773657399781e+37 1.593385681633211584e+36 1.009664529707897687e+06 2.298044873041297365e+02
3.805415863910639018e+01 3.151276617697832346e+37 1.561521230169522995e+36 1.009653361073530279e+06 2.171332630157591552e+02
3.871351311491889646e+01 3.120950134550088195e+37 1.542216667868514775e+36 1.009658371315489523e+06 2.325658615128528197e+02
3.934451344253830030e+01 3.095418835020453981e+37 1.515282825674947227e+36 1.009638442353258259e+06 2.274601158821555487e+02
3.996757805518973328e+01 3.070562748215301774e+37 1.489282767007280754e+36 1.009618045216611354e+06 2.204646750582798518e+02
4.060580118829238927e+01 3.045636179468622354e+37 1.463612502024152190e+36 1.009597384237588616e+06 2.130974291876492543e+02
4.139195239140462945e+01 3.012148288981756065e+37 1.408377869797738257e+36 1.009593446238866076e+06 2.037038954705787717e+02
4.222118207259882183e+01 2.977375383456324551e+37 1.368107027189279060e+36 1.009585268960506655e+06 2.230533142136739002e+02
4.312590637076937128e+01 2.940137364980879866e+37 1.345441191996684042e+36 1.009583236218329170e+06 2.141599053972749402e+02
4.395867102282136329e+01 2.904041525865703138e+37 1.301967628548763748e+36 1.009603523112711729e+06 2.382867125294040420e+02
4.473566023613420839e+01 2.875968197717590213e+37 1.286356942045074745e+36 1.009581142251092708e+06 2.341269038333454660e+02
4.547021061173836642e+01 2.849919802974375243e+37 1.274485470919200163e+36 1.009559967886960367e+06 2.245558397732912965e+02
4.617326064601002145e+01 2.815660776164617963e+37 1.165463371512534440e+36 1.009613647825156339e+06 2.352325877724785812e+02
4.635913360156155250e+01 2.807279217866572011e+37 1.157548356870781421e+36 1.009619904087903909e+06 2.429575557913179296e+02
4.672902078311017249e+01 2.792625228289232128e+37 1.160898794876086051e+36 1.009623328058215557e+06 2.550916650974060360e+02
4.745812177773041185e+01 2.768847213342887847e+37 1.164875296349571562e+36 1.009604183554281131e+06 2.538890209877569930e+02
4.824759277728298912e+01 2.744203490954852458e+37 1.168884620763035673e+36 1.009578687584556872e+06 2.453189606249906376e+02
4.945938224596829969e+01 2.700046303350623396e+37 1.163360994202194126e+36 1.009585631763415178e+06 2.286503911285970787e+02
5.054817701749198022e+01 2.664279449493145197e+37 1.156453305752635951e+36 1.009576222837601788e+06 2.349890773612069665e+02
5.154225316170595761e+01 2.631860681184825431e+37 1.161856083549019380e+36 1.009574763495404972e+06 2.221532962701468250e+02
5.246223837239085697e+01 2.600836013221409344e+37 1.189360371643089409e+36 1.009583086618175148e+06 2.144352768137372607e+02
5.332103750917485741e+01 2.573487659256889822e+37 1.162771285567560240e+36 1.009582807211476145e+06 2.005040741073052004e+02
5.413420730944017123e+01 2.549887911864440191e+37 1.141964999272909674e+36 1.009566112727936124e+06 2.054933512832202780e+02
5.491737216910587449e+01 2.527908483382167206e+37 1.125230670679153445e+36 1.009541414850263507e+06 1.986956843752043369e+02
5.569749732091986516e+01 2.504760888598094233e+37 1.137350380454652979e+36 1.009531273026422365e+06 1.719614355994364985e+02
5.650816156524342659e+01 2.477496955065583398e+37 1.193478786038024463e+36 1.009549746600357816e+06 1.691722647102614587e+02
5.730327345157274976e+01 2.455376701906339981e+37 1.188061369614141132e+36 1.009533111043541692e+06 1.726467610355461204e+02
5.812161702119919937e+01 2.434021159527383052e+37 1.154190207485543108e+36 1.009508550379823195e+06 1.670415269573709907e+02
5.894159094727547199e+01 2.412734070296602651e+37 1.125791273313355422e+36 1.009484379109446541e+06 1.609452662436737569e+02
5.976500329317423166e+01 2.391334960451799177e+37 1.097728628539984334e+36 1.009460822995312163e+06 1.550678710909852214e+02
6.064794407199224224e+01 2.368497566336919673e+37 1.068724160428581544e+36 1.009436505896165268e+06 1.491242820379802367e+02
6.213459172899456462e+01 2.329405094742859742e+37 1.020049582065886034e+36 1.009397485608770745e+06 1.400225550148880131e+02
6.363197845560534915e+01 2.291730256348969409e+37 9.822251649254395030e+35 1.009360557955214172e+06 1.319119786862637795e+02
6.539319822642755753e+01 2.247159620711195484e+37 9.483216380717856373e+35 1.009326278886797838e+06 1.162774345633006874e+02
6.698731846969712933e+01 2.205962081580588972e+37 9.513659630960498081e+35 1.009315723663524026e+06 1.412202138246021832e+02
6.843284755738750391e+01 2.168338877513825313e+37 9.494121667294562322e+35 1.009315138898160658e+06 1.522525952761307337e+02
6.974816282359097386e+01 2.138854494772549829e+37 9.259013823274978400e+35 1.009287500355584780e+06 1.449358324030118581e+02
7.095170143358154746e+01 2.109502204798092788e+37 9.156878925147328224e+35 1.009295667072666460e+06 1.310855190729068056e+02
7.206332208526873728e+01 2.083562445089453367e+37 9.089144729923579541e+35 1.009298225190135301e+06 1.686610617482007228e+02
7.310455270811689843e+01 2.063071212744866807e+37 8.849299281083879955e+35 1.009275787520941347e+06 1.621057153485662070e+02
7.409279709584552620e+01 2.039811757923208126e+37 8.836663890404222230e+35 1.009294169210301014e+06 1.540128453625837608e+02
7.506085592284762242e+01 2.019478539100038245e+37 8.803245199365923261e+35 1.009294608530408470e+06 1.799556703964345559e+02
7.604729878775469842e+01 2.000996519263728600e+37 8.544279294244460633e+35 1.009279211377160857e+06 1.675559604053730425e+02
7.703313128418812994e+01 1.981647010039701671e+37 8.343052154233423530e+35 1.009272790233226493e+06 1.652575913079061820e+02
7.804058278862248699e+01 1.962821314591333215e+37 8.126540784881711541e+35 1.009263285326630459e+06 1.689884548968934155e+02
7.904647400406065572e+01 1.942802845776019829e+37 7.970122975433070757e+35 1.009273131344703259e+06 1.688628176485226788e+02
8.011011349622094713e+01 1.924090724587471656e+37 7.727280549641259924e+35 1.009265859372289153e+06 1.742773532615989325e+02
8.145247731596282392e+01 1.902170594713952694e+37 7.449390679967222012e+35 1.009247688653611927e+06 1.758960870109925168e+02
8.308302262234792579e+01 1.871125676107331993e+37 6.232570296155511747e+35 1.009274506057678722e+06 1.901992069813447870e+02
8.358970216103443818e+01 1.862606088085980958e+37 6.301262778711470227e+35 1.009276483376077609e+06 2.006340258661935536e+02
8.459799444302188931e+01 1.847339265651677181e+37 6.358073450166079863e+35 1.009264772728087031e+06 1.968065026970197948e+02
8.594972260403301334e+01 1.826057136202908588e+37 6.455439476955478660e+35 1.009265519710651832e+06 1.745774452464268904e+02
8.719394042761450692e+01 1.805014354287339708e+37 6.640968578510209726e+35 1.009286037370508187e+06 1.876139740762407087e+02
8.835987163519530441e+01 1.786198947434317218e+37 6.954618573973744304e+35 1.009303328151043854e+06 1.663405087620695326e+02
8.947881047423106793e+01 1.770657465474169573e+37 7.094107195644999963e+35 1.009302850760662928e+06 1.732988428300924966e+02
9.058143569711137388e+01 1.754921342544090800e+37 6.950872299663783996e+35 1.009301526823312975e+06 1.693738307660897533e+02
9.171637766834101058e+01 1.741352335119345848e+37 6.923355414755464489e+35 1.009278752011992736e+06 1.622703922954138989e+02
9.299773391998496663e+01 1.725522377286055054e+37 7.025164909563868395e+35 1.009261196827478008e+06 1.474840897037967409e+02
9.537463836348433688e+01 1.695515239221385918e+37 6.861525231684621894e+35 1.009238008289456018e+06 1.327680076663478985e+02
9.783439643277415598e+01 1.666362785510451672e+37 6.653250248501145323e+35 1.009197875562243396e+06 1.321538243532356489e+02
1.005442948375457490e+02 1.634652037697842977e+37 6.486291978856884714e+35 1.009145731020053616e+06 1.200561618087960341e+02
1.034876970162658836e+02 1.598279964612116396e+37 6.573069161606077448e+35 1.009131187563898740e+06 1.174826096335930004e+02
1.063456362924498535e+02 1.567665691539707585e+37 6.482492094454044079e+35 1.009111256303047179e+06 1.194559465515075658e+02
1.089365405856333382e+02 1.541091238555544375e+37 6.375125559671754903e+35 1.009097550541348523e+06 1.241050713875511491e+02
1.112909421483436745e+02 1.516292245634898742e+37 6.580299717317454802e+35 1.009109326390168280e+06 1.396334235707594758e+02
1.134355494608480512e+02 1.495219924796615811e+37 6.539149133160005975e+35 1.009115626806606539e+06 1.496722219345137148e+02
1.153957195166349265e+02 1.477363507153301747e+37 6.295011922800710087e+35 1.009105155461117974e+06 1.546754796624980486e+02
1.171961392742159660e+02 1.458887628764700202e+37 6.080408104056445023e+35 1.009118507855335600e+06 1.658364906183966809e+02
1.188619288752106513e+02 1.444596566590650226e+37 6.035692334905539563e+35 1.009107384309849702e+06 1.582036830985286429e+02
1.204186968261419679e+02 1.428137780710475337e+37 5.207209641484110060e+35 1.009138065994860372e+06 1.812449672594221397e+02
1.208986233505274868e+02 1.424576016607119576e+37 5.282088739838531974e+35 1.009134538568708813e+06 1.854433153561013228e+02
1.218536771340550331e+02 1.417370529385250222e+37 5.357476313595736178e+35 1.009129560318038450e+06 1.723155374212763320e+02
1.232973873494192958e+02 1.405062805445116000e+37 5.495596795612382326e+35 1.009134108362541301e+06 1.685298615836057081e+02
1.247090870403444569e+02 1.394514643459767160e+37 5.710697898948607206e+35 1.009125087742233649e+06 1.594430704586606566e+02
1.261798752594313555e+02 1.381274828822006782e+37 5.968059684070238296e+35 1.009143091382545186e+06 1.431208228026030724e+02
1.276165860342607630e+02 1.370700749946188498e+37 6.136898226276084512e+35 1.009136006666417816e+06 1.436596768329019085e+02
1.290775563461356796e+02 1.359084777132754295e+37 6.255696021126837444e+35 1.009145448476125719e+06 1.287740135821547085e+02
1.306760080157018820e+02 1.348591732467791793e+37 6.170037317624077518e+35 1.009125573787470697e+06 1.352631016767719814e+02
1.322011637112609606e+02 1.339226982399979920e+37 6.039552407688593458e+35 1.009096609168429277e+06 1.278931204726660269e+02
1.336918905316615565e+02 1.329663319601635244e+37 5.909093052864956188e+35 1.009069688459272729e+06 1.209889352852205064e+02
1.352156982581527700e+02 1.319775201697685697e+37 5.783048466987671306e+35 1.009043740943398327e+06 1.146671305081817422e+02
1.368899249759124359e+02 1.308701951974120612e+37 5.662084856617511274e+35 1.009016884764110902e+06 1.084944604359252480e+02
1.386110884964564320e+02 1.297086973442551513e+37 5.578327647105876111e+35 1.008990833830727497e+06 1.029524687895570594e+02
1.402491744885173830e+02 1.284237727885005057e+37 5.647264351018491888e+35 1.008991296095189638e+06 8.476610962739988508e+01
1.418346535977289022e+02 1.272049485641242223e+37 5.730764016493595311e+35 1.008994058400035603e+06 1.226886264189835742e+02
1.434341425045313372e+02 1.261786281881593823e+37 5.598252800459002440e+35 1.008971419805248617e+06 1.161163920786243864e+02
1.451374253557878546e+02 1.249592968193329656e+37 5.532285105499367927e+35 1.008963553322134307e+06 9.774864310297898840e+01
1.471882695537769905e+02 1.235094565169317355e+37 5.476667345823657804e+35 1.008964552834471338e+06 1.072535460680514063e+02
1.491058640894680138e+02 1.222597753520381984e+37 5.451445318329494664e+35 1.008979705882148119e+06 1.144029987002338515e+02
1.509226732449278643e+02 1.210912549551418486e+37 5.361248273162386352e+35 1.008988575537689729e+06 1.308677530063665131e+02
1.526685320079523080e+02 1.198202772070009490e+37 5.017313670869704886e+35 1.009018562767579220e+06 1.542821314775720225e+02
1.543859800309728598e+02 1.189895211338718852e+37 4.815083655531665486e+35 1.009002736824426102e+06 1.597726653176253819e+02
1.561510654497960786e+02 1.177432850442536596e+37 4.202377765181424265e+35 1.009027214191345847e+06 1.585079376921478058e+02
1.567744555929220951e+02 1.173729331330948846e+37 4.316912989370678739e+35 1.009030326409257366e+06 1.645203121458982594e+02
1.580150019777429407e+02 1.167995597203514592e+37 4.419159905553558577e+35 1.009016418058227166e+06 1.652268313909341373e+02
1.600948045392851782e+02 1.156928609490242724e+37 4.494654918951459459e+35 1.009000596528640948e+06 1.391316116895034156e+02
1.620721911776963680e+02 1.144580330573638045e+37 4.658611475757961009e+35 1.009018204081383301e+06 1.364257986544218113e+02
1.642203999774865224e+02 1.133894721548201817e+37 4.786350791363532399e+35 1.009008674573290511e+06 1.342783253421943925e+02
1.665430962273840123e+02 1.121166281734044088e+37 5.019206154597881360e+35 1.009017856151004322e+06 1.132491584483376101e+02
1.690619029218596552e+02 1.109571361451920508e+37 5.035610259490509941e+35 1.008998033029222861e+06 1.178795006365197935e+02
1.717948680034733115e+02 1.098192229347392485e+37 4.803234801551836963e+35 1.008955022313100984e+06 1.074461045204681966e+02
1.747600217021190474e+02 1.084415150291782522e+37 4.642563025719221549e+35 1.008912369679643773e+06 9.768155424474846882e+01
1.779764204328112100e+02 1.067278999956926809e+37 4.547181422655806354e+35 1.008884168544144719e+06 7.753712199272902694e+01
1.811537043245061795e+02 1.047396760332956740e+37 4.551958144218393373e+35 1.008914188949347823e+06 1.233251459936910663e+02
1.841120499097905849e+02 1.032487111726598254e+37 4.517517472653291490e+35 1.008916459541333257e+06 1.262490030695247469e+02
1.868817482959530025e+02 1.019399769613005022e+37 4.401761755498876413e+35 1.008907046969015733e+06 1.314051978714353766e+02
1.894903152998394944e+02 1.007092256127760515e+37 4.053697959076228512e+35 1.008897780118529336e+06 1.211115846819127455e+02
1.919634117611858528e+02 9.952957313480314456e+36 3.970918169198445050e+35 1.008896535587135935e+06 1.285370962396961829e+02
1.943277715694002836e+02 9.821033508557034735e+36 3.543281750978141555e+35 1.008925040172452806e+06 1.458117935891451964e+02
1.951697861168686359e+02 9.782194788960231022e+36 3.675283481242993833e+35 1.008926853008625447e+06 1.393855505510346688e+02
1.968453950663315482e+02 9.697573532650240301e+36 3.924617413424079401e+35 1.008934295776899555e+06 1.418576094370638998e+02
1.989530855855737173e+02 9.601545258621383691e+36 4.090022197522362543e+35 1.008938216573674930e+06 1.171037650198917675e+02
2.010834580959035520e+02 9.505349178536222253e+36 4.205881154899725519e+35 1.008938108087567613e+06 1.220792068427774808e+02
2.033755527991361305e+02 9.410728870468144207e+36 4.347969115385249123e+35 1.008927798185954802e+06 1.228927130079139687e+02
2.056965277712552052e+02 9.319167209969246472e+36 4.342044272413930428e+35 1.008899596781508764e+06 1.067687059318118941e+02
2.083126933909661602e+02 9.206484239923170233e+36 4.356040954168369626e+35 1.008873571841720259e+06 9.911055667086171184e+01
2.112164620321891562e+02 9.084120292068156269e+36 4.224759990604963566e+35 1.008837758094050223e+06 9.555874606707774888e+01
2.143505755854566814e+02 8.929674117760043688e+36 4.219818579789709708e+35 1.008820162000471028e+06 8.009459119451211961e+01
2.177471370376388222e+02 8.755662621674641927e+36 4.189175200041828422e+35 1.008820537594601861e+06 9.502878075053519069e+01
2.214252204122240073e+02 8.575959879222117785e+36 4.113849227927083657e+35 1.008819848322595819e+06 1.017376862587588846e+02
2.254071678106647596e+02 8.391561901493936768e+36 3.825982404957444946e+35 1.008804500603456632e+06 9.322917123870070100e+01
2.297157153730531718e+02 8.178097309533666913e+36 3.538454774571754056e+35 1.008820519775210530e+06 1.291842823422490767e+02
2.341759123285646638e+02 7.958600059168508715e+36 3.356780662825933634e+35 1.008844747083538561e+06 1.230531571035699017e+02
2.357410702842516912e+02 7.892676284816816865e+36 3.719768856444357434e+35 1.008849683145987568e+06 1.132919609571028303e+02
2.382510965210549330e+02 7.785128837213078439e+36 3.873377779925100088e+35 1.008850061882036156e+06 1.082722066900346647e+02
2.405557549902550818e+02 7.698025919140874220e+36 3.953131108522346438e+35 1.008837855340648675e+06 9.342432611307111756e+01
2.430462258801035205e+02 7.594367731787183611e+36 4.090460504921270060e+35 1.008824469633555273e+06 9.737344651278827712e+01
2.457310974777119554e+02 7.492563240709147560e+36 4.014043572475251643e+35 1.008790772491473472e+06 9.449822137271543454e+01
2.486375570790514757e+02 7.369435744288284446e+36 3.963848473607242682e+35 1.008758315352363861e+06 8.183969262226858632e+01
2.517839097890901030e+02 7.218920423613495035e+36 3.986705300874064749e+35 1.008748226684123045e+06 8.158842104406103601e+01
2.551330637714381737e+02 7.058750372476766700e+36 3.904350372471983373e+35 1.008745272689869860e+06 9.118745665925838750e+01
2.583840099663229921e+02 6.907373310427630420e+36 3.840308562329225407e+35 1.008735409443068667e+06 8.435581217926851139e+01
2.616578954557062389e+02 6.742661971381327832e+36 3.756794106992969023e+35 1.008745213891798863e+06 1.012363234711949644e+02
2.652551264509238536e+02 6.573820613510577162e+36 3.484661942108553880e+35 1.008750250851026154e+06 1.167380980776095640e+02
2.694466109151762794e+02 6.369899918981215604e+36 3.229176902038560660e+35 1.008776345264881849e+06 1.125813829163914761e+02
2.709366608683994855e+02 6.305259399947561186e+36 3.438833207228587649e+35 1.008779912994246231e+06 1.121893092770411613e+02
2.734022577826326597e+02 6.204174172352413116e+36 3.660951475704616303e+35 1.008765373570012278e+06 1.024728733391628452e+02
2.756793278487712087e+02 6.108182273793509447e+36 3.726707251147914418e+35 1.008750533083434799e+06 8.846168172379891814e+01
2.781353597541365161e+02 5.997136702489662546e+36 3.860588419271484732e+35 1.008744512758183293e+06 8.103395529230996885e+01
2.807830311777343013e+02 5.881969068733255864e+36 3.934200545351140830e+35 1.008721663512558676e+06 8.896993391987233224e+01
2.836473119238144136e+02 5.755873592619855192e+36 3.918316294903295642e+35 1.008685753177459701e+06 8.129795696233338731e+01
2.867455163364138571e+02 5.606555051509085100e+36 3.932803402818899453e+35 1.008658247432950302e+06 6.671952383799205677e+01
2.900918945644498308e+02 5.426630393060639766e+36 3.981222723463747050e+35 1.008657543764985166e+06 6.877705045042073095e+01
2.936962896240365808e+02 5.234292567687474647e+36 3.955830651259212824e+35 1.008654896879132255e+06 9.001330438451481086e+01
2.975748715445679409e+02 5.028059081512554636e+36 3.943016836136204902e+35 1.008644513471622253e+06 9.259812728807341387e+01
3.017431016626196651e+02 4.799940179767620757e+36 3.783239305771080250e+35 1.008643757292834111e+06 9.646288845879399787e+01
3.062162105532370333e+02 4.553884057092639562e+36 3.587819074278921045e+35 1.008649009485368035e+06 1.101297572015552646e+02
3.078483477744739503e+02 4.463960964611843148e+36 3.725478914983260768e+35 1.008656082702585845e+06 9.506737195362174475e+01
3.103139454051361099e+02 4.326100236989337255e+36 3.891982799096372493e+35 1.008668968412733288e+06 8.735518244844772084e+01
3.126286128479678155e+02 4.203744617345325433e+36 3.994661811274062987e+35 1.008667530301328516e+06 8.317228978134339457e+01
3.151112081043538637e+02 4.079787703590492807e+36 4.046856912922250284e+35 1.008644211589535465e+06 8.332818222834472977e+01
3.177812710921007238e+02 3.948497179195252518e+36 4.057421432024855881e+35 1.008608637649704935e+06 7.637382053510084745e+01
3.206613349909275712e+02 3.803278182402562516e+36 4.056761255954540942e+35 1.008572970282245777e+06 6.986513134037988948e+01
3.237662356539531174e+02 3.641479943599770524e+36 4.050749183416414066e+35 1.008544188536627917e+06 5.934127409660570862e+01
3.271072882202570327e+02 3.457312008030791964e+36 4.037403505184758380e+35 1.008544925472054980e+06 6.172180327671716782e+01
3.306904930023192719e+02 3.266379666328204283e+36 3.960954717913761679e+35 1.008537821003150893e+06 7.836275800353328691e+01
3.345268844012953195e+02 3.067793525547125579e+36 3.822580137238918199e+35 1.008534296534257708e+06 7.974252041298508686e+01
3.386250247762036452e+02 2.863423632401058656e+36 3.543243297406061707e+35 1.008528167946499074e+06 1.034214342831706830e+02
3.429827091623374145e+02 2.653902180973058449e+36 3.233949360962024014e+35 1.008541519752783701e+06 1.043717671834884158e+02
3.446685113294370240e+02 2.581576786377090770e+36 3.189780793483441279e+35 1.008529779513963731e+06 1.021666200171466130e+02
3.470991087169804814e+02 2.480012644221239713e+36 3.133843075250030113e+35 1.008518839840562781e+06 8.103736912896216893e+01
3.493784218501423311e+02 2.386227894930698826e+36 3.094185058159779664e+35 1.008517693831940764e+06 6.785133057300609494e+01
3.518034249507436471e+02 2.293589288255705497e+36 3.023652119907390011e+35 1.008501058519378304e+06 6.777527534033893630e+01
3.543979501319136034e+02 2.202415936462988175e+36 2.892057406775555238e+35 1.008472630809591501e+06 6.488692674165935159e+01
3.571847189910422458e+02 2.110151918936458031e+36 2.730112685345736594e+35 1.008442623741777614e+06 5.963513924164712421e+01
3.601814309824858356e+02 2.014679610682613497e+36 2.566473878494815958e+35 1.008419649010129855e+06 5.112175295204857406e+01
3.634073477405745507e+02 1.912615201163941921e+36 2.406596624844494656e+35 1.008421624856372131e+06 5.350646038749018629e+01
3.668783461028215243e+02 1.811796034940443591e+36 2.225122428016584341e+35 1.008415164981710375e+06 6.717554898102699212e+01
3.706100616906351206e+02 1.714343736452561575e+36 2.027625357554651808e+35 1.008408513058109791e+06 6.781609194240688510e+01
3.746232501364283962e+02 1.615153737481929504e+36 1.763621587444815688e+35 1.008418105430680327e+06 7.842600950553432426e+01
3.789453796335183142e+02 1.523390954617538229e+36 1.491135076131406153e+35 1.008407437949537649e+06 9.039761677600013456e+01
3.806765757922439661e+02 1.490087736472062442e+36 1.433980957371981807e+35 1.008403851526813232e+06 7.523130142527335806e+01
3.831901464834718354e+02 1.442087561722418920e+36 1.394359045578301517e+35 1.008412323300147662e+06 6.546101256345467334e+01
3.855559704130100727e+02 1.399761369969462308e+36 1.364727804584748240e+35 1.008415653445610078e+06 5.781771314389834515e+01
3.880814133615731407e+02 1.359872111576363583e+36 1.316515636038093291e+35 1.008404276249235496e+06 6.262387739239193252e+01
3.907978268115293758e+02 1.322595870332757017e+36 1.244071420957445203e+35 1.008379573818071047e+06 5.807699047614001131e+01
3.937342110411736940e+02 1.284619743510020766e+36 1.166231981045680659e+35 1.008359429314468289e+06 4.919495834417148927e+01
3.969152143964092829e+02 1.244511970044477867e+36 1.092889003901381912e+35 1.008348071805296699e+06 5.119492069626265618e+01
4.003659007252608717e+02 1.203752693305430428e+36 1.016030837340329294e+35 1.008332583731423714e+06 4.746695748798735792e+01
4.041128301625685708e+02 1.159166821276012135e+36 9.514496579674817072e+34 1.008341265207330347e+06 5.364825906228880825e+01
4.081848814257264166e+02 1.114511831129099974e+36 8.609987329005401564e+34 1.008343593490084051e+06 6.754333123245859838e+01
4.126146176349520829e+02 1.070235274271416336e+36 6.913317128340525848e+34 1.008350464334893390e+06 7.407429353687933826e+01
4.143446888843518536e+02 1.054511998629227897e+36 6.568157307606939109e+34 1.008349156836600392e+06 7.023467950743533095e+01
4.169573304329915118e+02 1.031863805142299187e+36 6.374447761893851239e+34 1.008350642637380632e+06 6.715708974234054551e+01
4.194453604641075799e+02 1.011182720644340699e+36 6.401860352963772160e+34 1.008354469283847371e+06 5.591396553196887709e+01
4.221128704231941811e+02 9.903241858838301761e+35 6.485150545171370174e+34 1.008356275736873387e+06 5.306611922859605812e+01
4.249947983120837307e+02 9.709025507735146897e+35 6.440164739916458554e+34 1.008342683569838526e+06 5.507747185525534661e+01
4.281244607140270091e+02 9.527633917901530534e+35 6.172672713487488778e+34 1.008320028562099324e+06 4.931483128296380158e+01
4.315305358068308124e+02 9.329625479863158826e+35 5.885836805644282673e+34 1.008307279893306666e+06 4.065887148926034911e+01
4.352407113668050442e+02 9.112511045818167096e+35 5.622184371725708514e+34 1.008300439156439388e+06 4.915675829562188426e+01
4.392875733836590371e+02 8.894114765685972307e+35 5.315165735058336950e+34 1.008286520615823567e+06 4.393171722235518217e+01
4.437056724830272287e+02 8.632773014972560324e+35 5.010595840667358949e+34 1.008299929378149449e+06 6.191118036857783835e+01
4.485316728510861140e+02 8.374449741631591860e+35 4.388004575837204025e+34 1.008303050486622727e+06 6.447025527812640178e+01
4.537925148638896644e+02 8.096623094115407829e+35 3.518425976851461323e+34 1.008321653614537790e+06 6.064197033091954125e+01
4.559393165314322687e+02 8.002334559192972996e+35 3.480119822380720517e+34 1.008317654980320483e+06 5.791205952698666692e+01
4.588297627610190830e+02 7.887722472377872865e+35 3.519410902934236053e+34 1.008310772984546027e+06 5.125069199227689865e+01
4.615720019354721444e+02 7.785057193534673175e+35 3.604936566732829154e+34 1.008305913869546028e+06 5.088552515597297798e+01
4.645089314788765478e+02 7.689451573585001420e+35 3.641664198577349266e+34 1.008291998936293996e+06 5.226464402674354659e+01
4.676879939372010995e+02 7.595687152536792564e+35 3.564281531489627483e+34 1.008274759912753478e+06 4.503413299779947465e+01
4.711450047425150842e+02 7.482235562764109882e+35 3.484923703892005383e+34 1.008270143207868328e+06 3.930182709235447192e+01
4.749206700366867153e+02 7.341375043263315160e+35 3.466478916430137087e+34 1.008279521532873856e+06 4.625766904082107089e+01
4.790471234018204996e+02 7.197187450341475963e+35 3.386955942851086515e+34 1.008282070480655530e+06 5.795165391189438964e+01
4.835617982347666839e+02 7.055507926737198620e+35 2.901891812953074086e+34 1.008281350536802551e+06 6.473629482424732373e+01
4.884874309167225874e+02 6.899914545751350970e+35 2.241003710502250093e+34 1.008289174444627366e+06 5.769379478871381650e+01
4.904200340120896726e+02 6.839182077696212894e+35 2.162614943024778275e+34 1.008290709648077027e+06 5.215832559051957418e+01
4.932531562137901346e+02 6.753873379299433213e+35 2.301927212399123594e+34 1.008295754546523094e+06 4.904767268656576107e+01
4.959644434724741586e+02 6.682523295533074536e+35 2.513937956385542986e+34 1.008294095932596712e+06 4.823649788570719465e+01
4.988774074182783806e+02 6.619333444642985517e+35 2.652713379761610450e+34 1.008283817696168786e+06 5.019296802043632511e+01
5.020352231241595291e+02 6.564114252456527845e+35 2.652945267727123507e+34 1.008265571731720702e+06 4.763944652092605736e+01
5.054825006677965575e+02 6.545653350042394376e+35 2.832551399545349496e+34 1.008252608076343196e+06 3.656994721244925017e+01
5.092492958767852542e+02 7.089239917988829288e+35 0.000000000000000000e+00 1.008258280161189963e+06 0.000000000000000000e+00
