# time luminosity radius
-2.232701143189478898e+01 2.799615130690960136e+35 1.008347508315269952e+06
-1.866496543539687991e+01 2.909826653735899966e+35 1.008345378027069964e+06
-1.808113485154899536e+01 2.928182743136980078e+35 1.008345150461690035e+06
-1.691931198969541583e+01 2.968179443436510031e+35 1.008345010142790037e+06
-1.460728449460293632e+01 3.070961507937969867e+35 1.008347389111730037e+06
-1.439525787769525778e+01 3.080705921011100147e+35 1.008347677966500050e+06
-1.397332491004635813e+01 3.101092795333399957e+35 1.008348386128569953e+06
-1.342062949305545771e+01 3.129739539234430141e+35 1.008349601094380021e+06
-1.286521325320791220e+01 3.160650669845919923e+35 1.008351227839339990e+06
-1.238614251426042756e+01 3.189659980318639997e+35 1.008353027963449946e+06
-1.201918728610326070e+01 3.213356763662089992e+35 1.008354693681319943e+06
-1.164164033579436364e+01 3.239769909329100056e+35 1.008356789712260012e+06
-1.128382439643610269e+01 3.266526642253200016e+35 1.008359206429330050e+06
-1.098825581533310469e+01 3.290400914036480058e+35 1.008361586084870039e+06
-1.078823675621970324e+01 3.307259407143070078e+35 1.008363427237679949e+06
-1.061058744998445036e+01 3.323365617412440359e+35 1.008365276948180050e+06
-1.046288112677575555e+01 3.336761399059169885e+35 1.008367008749719942e+06
-1.026289743287634337e+01 3.356479029253789900e+35 1.008369818792029982e+06
-1.005823787870031083e+01 3.377556682029570085e+35 1.008373410176140023e+06
-9.804264714788587298e+00 3.409106182600369696e+35 1.008380317319500027e+06
-9.701272810649243183e+00 3.420881567172300067e+35 1.008383739840799943e+06
-9.656231176653818693e+00 3.424139146112739997e+35 1.008385387397299986e+06
-9.629961857419402804e+00 3.428662387953140171e+35 1.008386403577359975e+06
-9.608950844689388759e+00 3.430567364451189767e+35 1.008387259478250053e+06
-9.588338256813585758e+00 3.433599028322850147e+35 1.008388144669750007e+06
-9.562643093646329362e+00 3.436718319664530258e+35 1.008389335330719943e+06
-9.518245972962176893e+00 3.441757650914269705e+35 1.008391751136859995e+06
-9.480915651984105352e+00 3.447075607991600212e+35 1.008394137581820018e+06
-9.477675114409066737e+00 3.446465643979509800e+35 1.008394344155090046e+06
-9.471226444635249209e+00 3.453418504773889720e+35 1.008394776073380024e+06
-9.458393591783533338e+00 3.453933765946619633e+35 1.008395692131789983e+06
-9.445441870651848149e+00 3.461028930569560147e+35 1.008396682158119977e+06
-9.440751917158195283e+00 3.454671383916210163e+35 1.008397046117519960e+06
-9.435905988590093330e+00 3.459493819019850120e+35 1.008397429915350047e+06
-9.429902997842873447e+00 3.454276673136749775e+35 1.008397916950730025e+06
-9.417957046251103748e+00 3.458399392122260165e+35 1.008398949102699989e+06
-9.394184602584573440e+00 3.457496330050250260e+35 1.008401366088439943e+06
-9.372103269968647510e+00 3.461771111433559806e+35 1.008403985419900040e+06
-9.353390603442676365e+00 3.462819185144030067e+35 1.008406527306800010e+06
-9.337576924714085180e+00 3.474148023026830212e+35 1.008408939687120030e+06
-9.323302784418046940e+00 3.469302265058039717e+35 1.008411372499729972e+06
-9.310287869244348258e+00 3.479832487686680172e+35 1.008413837063570041e+06
-9.296991221599455457e+00 3.469735661072410351e+35 1.008416670423930045e+06
-9.284156697030994110e+00 3.474693383251979831e+35 1.008419759371279972e+06
-9.271485223500349093e+00 3.474120029437950362e+35 1.008423276891299989e+06
-9.259325036699010525e+00 3.475580975268680079e+35 1.008427174713040004e+06
-9.247734779695747420e+00 3.477358225025010154e+35 1.008431453323530033e+06
-9.236974958985229023e+00 3.481256142915280109e+35 1.008436015099799959e+06
-9.229499550150649156e+00 3.522849032963540285e+35 1.008439693114469992e+06
-9.223486082890303805e+00 3.558019415377330011e+35 1.008443575708420016e+06
-9.221648031743825413e+00 3.527575606672489863e+35 1.008444783570289961e+06
-9.219909506580734160e+00 3.629335748422149999e+35 1.008445919093469973e+06
-9.216449841500434559e+00 3.517291133552219778e+35 1.008448249485349981e+06
-9.213045746240823064e+00 3.555831503342109924e+35 1.008450556869699969e+06
-9.207879668618261348e+00 3.539920527297430362e+35 1.008454094354150002e+06
-9.201981926926237065e+00 3.553117710149629913e+35 1.008458181489230017e+06
-9.196714714140398428e+00 3.551251579383910339e+35 1.008461812106759986e+06
-9.192916175583377481e+00 3.498526512236089733e+35 1.008464461453609983e+06
-9.189705010132456664e+00 3.511158712847920098e+35 1.008466675141340005e+06
-9.185801821557106450e+00 3.548293740942159684e+35 1.008469377913339995e+06
-9.181999696782440878e+00 3.508677258830619676e+35 1.008472017314329976e+06
-9.178327556306612678e+00 3.513029231801330067e+35 1.008474533955940045e+06
-9.173216045594017487e+00 3.513566904468430164e+35 1.008478012790519977e+06
-9.163499251255416311e+00 3.728818782885849769e+35 1.008484579640169977e+06
-9.155696903493662830e+00 4.229678817924150201e+35 1.008489723294849973e+06
-9.143070804493618198e+00 1.509672106575080038e+36 1.008497925544740050e+06
-9.133499719275278039e+00 1.963839935244689884e+36 1.008503906239049975e+06
-9.116662245367479045e+00 3.818836372883929998e+36 1.008514074185890029e+06
-9.104493910614110064e+00 4.804108051469109729e+36 1.008521208628979977e+06
-9.095055096397118177e+00 5.621086801488040253e+36 1.008526653033160022e+06
-9.087278514729405288e+00 5.438827378796550347e+36 1.008530993780149962e+06
-9.074537048771162517e+00 5.330938023450029569e+36 1.008537825135839987e+06
-9.051661007702932693e+00 5.206639319893560003e+36 1.008549409319340019e+06
-9.024256207514554262e+00 5.524526914178770348e+36 1.008562666192890028e+06
-8.996004096952674445e+00 5.737633705191350489e+36 1.008575884099910036e+06
-8.978203513695916627e+00 5.287462600202190208e+36 1.008583748442490003e+06
-8.952047109400155023e+00 5.042479218214750063e+36 1.008594877900830004e+06
-8.921210349079046864e+00 4.802297348547860153e+36 1.008607507083120057e+06
-8.888826749156578444e+00 4.559139667524750058e+36 1.008620310798860039e+06
-8.854182376911921892e+00 4.407724884298150055e+36 1.008633759675569949e+06
-8.816914819442899898e+00 4.231115870202770046e+36 1.008647964373689960e+06
-8.775404427178727929e+00 4.078408406044509930e+36 1.008663649017340038e+06
-8.728070440818555653e+00 3.929447482937159790e+36 1.008681495579420007e+06
-8.675663099449593574e+00 3.773348633559879889e+36 1.008701307218880043e+06
-8.621041231570416130e+00 3.643503619452320187e+36 1.008722110862800037e+06
-8.569260604832379613e+00 3.928271487859280081e+36 1.008742339528020006e+06
-8.522165177520946600e+00 4.163597703429029889e+36 1.008760962280350039e+06
-8.479220037319464609e+00 4.428506025361849846e+36 1.008778225759790046e+06
-8.438419420723221265e+00 4.654447069737200001e+36 1.008794878712699981e+06
-8.397535835807502735e+00 4.868794766279249985e+36 1.008811954298270051e+06
-8.355537121686211322e+00 5.090569449036059707e+36 1.008829935866510030e+06
-8.311803591437637806e+00 5.331864809165790302e+36 1.008848819557599956e+06
-8.265206318668788299e+00 5.599916908472939520e+36 1.008869325664579985e+06
-8.215132795936369803e+00 5.899438381397899531e+36 1.008891688934199978e+06
-8.161198772046191152e+00 6.244953972295040003e+36 1.008916054603100056e+06
-8.103310570040775929e+00 6.624979604849329952e+36 1.008942612327720039e+06
-8.043809262868307997e+00 7.028248235203599572e+36 1.008970113820940023e+06
-7.984200413040525746e+00 7.435115766262549572e+36 1.008997927710080054e+06
-7.923761940815893468e+00 7.860394721752909521e+36 1.009026200201869942e+06
-7.866511006461223587e+00 8.279304923305590084e+36 1.009053073207370006e+06
-7.808579595315677579e+00 8.721381538751580247e+36 1.009080312576540047e+06
-7.753796014629187994e+00 9.154881783855679770e+36 1.009106050872249994e+06
-7.693341475402121432e+00 9.651657463462929777e+36 1.009134374469069997e+06
-7.619710859362385236e+00 1.028160201271619972e+37 1.009168750280510052e+06
-7.533281132229603827e+00 1.105734285527589987e+37 1.009208913962880033e+06
-7.439976176436175592e+00 1.194318041060660085e+37 1.009252046397550032e+06
-7.346258903970010579e+00 1.288762684957309945e+37 1.009295129480530042e+06
-7.252390579698840156e+00 1.389082550828440014e+37 1.009338076080490020e+06
-7.161776268963876646e+00 1.491359950245410063e+37 1.009379301743619959e+06
-7.075441436594701372e+00 1.593510108517029904e+37 1.009418375177450012e+06
-6.989585198352870066e+00 1.699209596847539891e+37 1.009457000193140004e+06
-6.909314552649448160e+00 1.801434948710619968e+37 1.009492889052690007e+06
-6.830601768851920497e+00 1.904408884198400107e+37 1.009527849141650018e+06
-6.732841647797613405e+00 2.035154708580809983e+37 1.009570936005629948e+06
-6.634910897671943530e+00 2.169357522228430208e+37 1.009613667006970034e+06
-6.536029382514243480e+00 2.307343054858140103e+37 1.009656376971159945e+06
-6.436346241789578926e+00 2.448530685326100091e+37 1.009698980567410006e+06
-6.336406550188257825e+00 2.591839814843639909e+37 1.009741241093139979e+06
-6.234364245305187069e+00 2.739586786950079937e+37 1.009783932789689978e+06
-6.133106178785965312e+00 2.887546511860249921e+37 1.009825860363950022e+06
-6.028024509956594557e+00 3.042117842858110218e+37 1.009868937184590031e+06
-5.924333070695865899e+00 3.195847282330400015e+37 1.009911039733089972e+06
-5.821206392392923590e+00 3.349745675208700163e+37 1.009952554027830018e+06
-5.714275135425850749e+00 3.510159799722870016e+37 1.009995249346880009e+06
-5.599750920766382478e+00 3.682848424022819973e+37 1.010040604552529985e+06
-5.488390031117887702e+00 3.852314443966020050e+37 1.010084369540220010e+06
-5.380745874790591188e+00 4.017201261784380103e+37 1.010126400645700051e+06
-5.272330753352434840e+00 4.184091578219229875e+37 1.010168477685709950e+06
-5.160829737695166841e+00 4.356421246427169969e+37 1.010211485931040021e+06
-5.047667820705100894e+00 4.532235541700440331e+37 1.010254854302620050e+06
-4.923812627224833705e+00 4.724706399075609937e+37 1.010301989710669965e+06
-4.795965153891302180e+00 4.924186737957359813e+37 1.010350241317559965e+06
-4.675462831968616229e+00 5.112624759863680002e+37 1.010395333769000019e+06
-4.557025957976293284e+00 5.297417521012700027e+37 1.010439274763940019e+06
-4.437124463460349943e+00 5.483346410177760357e+37 1.010483316026189947e+06
-4.312552254399633966e+00 5.674894372603060075e+37 1.010528528500549961e+06
-4.179995942700770684e+00 5.876261017314869608e+37 1.010575937540650018e+06
-4.035550513319321908e+00 6.091919810752170336e+37 1.010626648918039980e+06
-3.874365910734923091e+00 6.326792497152079874e+37 1.010681892000069958e+06
-3.718698295495414641e+00 6.548732528848219994e+37 1.010733797389570042e+06
-3.572502194358094130e+00 6.751537395598980108e+37 1.010781185001650010e+06
-3.429904862743569538e+00 6.942774734469039763e+37 1.010826025427890010e+06
-3.287089670215209480e+00 7.127180861153470445e+37 1.010869429410299985e+06
-3.140831260745471809e+00 7.307822906000760036e+37 1.010912199982519960e+06
-2.987829531200986821e+00 7.487715579888499649e+37 1.010954984235389973e+06
-2.824518106564937625e+00 7.668862791845140342e+37 1.010998321076850058e+06
-2.646342173997254577e+00 7.853145317982220216e+37 1.011042691825469956e+06
-2.447351496106421109e+00 8.045288660687230110e+37 1.011088492623190046e+06
-2.240475135207816493e+00 8.224953918844379768e+37 1.011131922732910025e+06
-2.050035805950756185e+00 8.371700326928390152e+37 1.011168285700610024e+06
-1.874223945174890105e+00 8.498265983512180051e+37 1.011198845542980009e+06
-1.711686158254451584e+00 8.604346382377940486e+37 1.011224464197639958e+06
-1.561359076637018006e+00 8.695956345317699847e+37 1.011245939622140024e+06
-1.422194252336339559e+00 8.767935930541479303e+37 1.011263933772590011e+06
-1.293254388525383547e+00 8.832548397487810055e+37 1.011278975377060007e+06
-1.173870334394450765e+00 8.883100588870439426e+37 1.011291545214100042e+06
-1.063474133028648794e+00 8.927051822286399557e+37 1.011302004672619980e+06
-9.616134474272257648e-01 8.964812478204610319e+37 1.011310688779229997e+06
-8.679534625844098628e-01 8.994453511843109241e+37 1.011317864435430034e+06
-7.816616309719393030e-01 9.019977168109090741e+37 1.011323796048610006e+06
-7.007805742614436895e-01 9.041586770852939465e+37 1.011328771016780054e+06
-6.198964896248071454e-01 9.060638972530399620e+37 1.011333163493679953e+06
-5.078300667228177190e-01 9.081047583304760541e+37 1.011338136674499954e+06
-3.756562921116710640e-01 9.100217856475230017e+37 1.011342431489509996e+06
-2.080798894457984716e-01 9.115213446722889434e+37 1.011345536881319946e+06
0.000000000000000000e+00 9.121989607137630917e+37 1.011346074383800034e+06
2.493756396725075319e-01 9.114916223846430514e+37 1.011342376002060017e+06
5.289294295289437287e-01 9.090116725504180695e+37 1.011333279895129963e+06
8.408982953915256076e-01 9.043763717346170031e+37 1.011317845255709952e+06
1.151175353523285594e+00 8.983540232350280317e+37 1.011298022291879985e+06
1.468139715791039634e+00 8.907926766578589773e+37 1.011273974100769963e+06
1.798353758116718382e+00 8.816623313447889415e+37 1.011245499397070031e+06
2.148729166634439025e+00 8.708476173597539596e+37 1.011212315312030027e+06
2.527628889925836120e+00 8.581491434805979298e+37 1.011173827418560046e+06
2.946044838150555734e+00 8.432967860219880460e+37 1.011129297641100013e+06
3.419236872781766579e+00 8.259589397193139898e+37 1.011077702696969965e+06
3.937319064832990989e+00 8.068272014166520126e+37 1.011021057359130005e+06
4.414298874537053052e+00 7.897333871063379686e+37 1.010969813698970014e+06
4.850617691714433022e+00 7.744187833164300288e+37 1.010924154411109979e+06
5.248352150221762713e+00 7.608857780382690222e+37 1.010883798917689943e+06
5.610643781838007271e+00 7.489123504384019850e+37 1.010848184820450027e+06
5.940560931834625080e+00 7.383268228882890415e+37 1.010816740627969964e+06
6.241409827467577998e+00 7.289737021829079576e+37 1.010788938563399948e+06
6.516388711301260628e+00 7.206818678083090393e+37 1.010764255854059942e+06
6.768169600829423871e+00 7.133076007108420014e+37 1.010742276641509961e+06
6.999127543327631429e+00 7.067180536074270076e+37 1.010722630820699967e+06
7.211152699157537427e+00 7.008210489578249778e+37 1.010705026644499972e+06
7.405728421785170212e+00 6.955420194732300403e+37 1.010689232867890038e+06
7.583360384698607959e+00 6.908340931691890090e+37 1.010675111960220034e+06
7.747839544055750594e+00 6.865615832049070419e+37 1.010662288016580045e+06
7.905066703431657515e+00 6.825468811725690012e+37 1.010650247428689967e+06
8.089979534386657178e+00 6.778403637993639528e+37 1.010636337926559965e+06
8.351485154089459684e+00 6.712196362068299793e+37 1.010617100768749951e+06
8.604039419027685653e+00 6.651510379945750392e+37 1.010598959339690045e+06
8.911972807174606714e+00 6.578765725939089882e+37 1.010577541829250054e+06
9.285801760706817731e+00 6.493942533104589864e+37 1.010552490599100012e+06
9.761116724504972808e+00 6.391469437785320002e+37 1.010522144122340018e+06
1.040653227541770320e+01 6.261713290257910342e+37 1.010483535337039968e+06
1.138241568655939773e+01 6.084755493125919947e+37 1.010430603878649999e+06
1.249058216112462105e+01 5.918726197172899723e+37 1.010377594716759981e+06
1.350781689554423792e+01 5.790498145749209869e+37 1.010333676248420030e+06
1.443829142041795421e+01 5.684172171136419667e+37 1.010296496347930050e+06
1.528847281893831678e+01 5.592305351430080385e+37 1.010264201177129988e+06
1.606177034522261238e+01 5.512093901326070439e+37 1.010235972408339963e+06
1.676429706433555111e+01 5.441622513898310439e+37 1.010211114802350057e+06
1.740154526632250054e+01 5.379322408971719594e+37 1.010189154190639965e+06
1.797961475480406079e+01 5.324022758216689778e+37 1.010169689191919984e+06
1.850438147124805255e+01 5.274756936293589915e+37 1.010152360345939989e+06
1.898185647741047433e+01 5.230630920365130004e+37 1.010136860592360026e+06
1.941780053007096285e+01 5.190867705225939674e+37 1.010122916962719988e+06
1.981754146648017922e+01 5.154806718259830457e+37 1.010110296896980028e+06
2.018582248190796236e+01 5.121893324016429778e+37 1.010098803002779954e+06
2.052642428930994356e+01 5.091707151665680302e+37 1.010088282696440001e+06
2.084227122533047805e+01 5.063931900864709576e+37 1.010078618436480057e+06
2.113575692421727581e+01 5.038310655991329570e+37 1.010069715073780040e+06
2.141354304116975982e+01 5.014121115668520153e+37 1.010061350646289997e+06
2.168971664334094385e+01 4.989885994794050319e+37 1.010053070818869979e+06
2.213433289220847655e+01 4.946513559693950281e+37 1.010039590190869989e+06
2.244892891330528073e+01 4.920396659241510072e+37 1.010030161456519971e+06
2.290422479938570177e+01 4.877793240296900429e+37 1.010016660206679953e+06
2.352085575210367097e+01 4.819672140464880099e+37 1.009998460748989950e+06
2.446269639339152491e+01 4.731382561758739959e+37 1.009971255313809961e+06
2.535703420788922813e+01 4.660684999606760071e+37 1.009946878159519983e+06
2.616543994897074299e+01 4.601957627280739783e+37 1.009925877366850036e+06
2.689854251543147257e+01 4.550554032702719610e+37 1.009907409360470017e+06
2.756320733157190261e+01 4.504864498064519597e+37 1.009891010146129993e+06
2.816739743059588363e+01 4.463853371957149825e+37 1.009876331629220047e+06
2.871879613307828549e+01 4.426771171093669619e+37 1.009863102509489981e+06
2.922471770990523510e+01 4.392990988201300394e+37 1.009851092516149976e+06
2.969192436931916745e+01 4.361974429787029788e+37 1.009840104425820056e+06
3.012641656624327879e+01 4.333267110423840343e+37 1.009829970449459972e+06
3.053274122302536853e+01 4.306546741211830221e+37 1.009820565665149945e+06
3.091735423509817338e+01 4.281308818862210463e+37 1.009811723394950037e+06
3.129185748589952709e+01 4.256629331852469863e+37 1.009803158030780032e+06
3.169841076596640050e+01 4.228948733309759795e+37 1.009793843105820008e+06
3.212089510769874323e+01 4.200271243991740027e+37 1.009784173060780042e+06
3.251982459193095565e+01 4.174072917849299954e+37 1.009775124885290046e+06
3.291021465168887516e+01 4.148545811083619860e+37 1.009766354685729952e+06
3.334243905247421935e+01 4.119391846447870058e+37 1.009756657494570012e+06
3.399363139562046854e+01 4.071836732136359908e+37 1.009741946457079961e+06
3.455324013086647028e+01 4.036942849033390037e+37 1.009729665726160049e+06
3.553148315750877373e+01 3.967205786683300081e+37 1.009708380777659942e+06
3.704757900760159828e+01 3.866528129674169788e+37 1.009676814179160050e+06
3.903430444790137699e+01 3.753090478853450099e+37 1.009638860425330000e+06
4.152504218184913043e+01 3.631679576326760112e+37 1.009595987194159999e+06
4.381478584137948928e+01 3.537984721819359980e+37 1.009558912748249946e+06
4.591218079379177652e+01 3.452871403904709779e+37 1.009525750012650038e+06
4.782485311789787374e+01 3.376042611691239938e+37 1.009496131644970039e+06
4.955510766036604764e+01 3.307706904265809878e+37 1.009469896959670004e+06
5.112179317596746841e+01 3.247232970269239780e+37 1.009446703559790039e+06
5.253150736592215253e+01 3.194523737500719828e+37 1.009426363329840009e+06
5.379693689497071318e+01 3.148581775157600082e+37 1.009408528163859970e+06
5.493288324234163156e+01 3.108366734270879885e+37 1.009392851170719950e+06
5.595463875640416518e+01 3.072994790824349815e+37 1.009379012975060032e+06
5.687777660629217280e+01 3.041627079596389776e+37 1.009366717591949971e+06
5.771822582877211971e+01 3.013451188009749922e+37 1.009355676524569979e+06
5.849217274711554637e+01 2.987751849319260177e+37 1.009345631854719948e+06
5.921543188275973080e+01 2.963885398435019952e+37 1.009336343578930013e+06
5.990291545925720129e+01 2.941288314881349927e+37 1.009327596568319947e+06
6.057526712244725786e+01 2.919118858994120195e+37 1.009319104561179993e+06
6.126240457319363486e+01 2.896209806926469962e+37 1.009310475620090030e+06
6.195341266697505489e+01 2.805254380869870059e+37 1.009971538114559953e+06
6.216576249735226156e+01 2.792802129258139792e+37 1.009990264447420021e+06
6.258833865980705013e+01 2.782337102386490205e+37 1.009998951296110055e+06
6.335618926550523611e+01 2.768621773367199782e+37 1.009990348012209986e+06
6.440401062236196594e+01 2.747625427373579982e+37 1.009967426821980043e+06
6.542138833417266142e+01 2.728706400698259777e+37 1.009942983384349965e+06
6.686393583317840239e+01 2.692523521990089903e+37 1.009906796304129995e+06
6.815312680570787052e+01 2.666688476663769982e+37 1.009875942759789992e+06
6.930998675846058177e+01 2.643412108219029885e+37 1.009849181764040026e+06
7.035510179560515098e+01 2.621815172270629885e+37 1.009825564475780004e+06
7.130785709209885681e+01 2.601646444076300172e+37 1.009804437333720038e+06
7.218768964808987221e+01 2.582640444060790069e+37 1.009785251851200010e+06
7.301418532347452128e+01 2.564472749031620030e+37 1.009767508761789999e+06
7.380497548563289456e+01 2.546842017641489938e+37 1.009750783703170018e+06
7.459146540887013543e+01 2.528900952450709843e+37 1.009734372242480051e+06
7.540482312635140261e+01 2.509960567040909894e+37 1.009717624118990032e+06
7.634472980126156472e+01 2.486839848427109865e+37 1.009698441284939996e+06
7.821514408433722565e+01 2.433143714640970074e+37 1.009660354040759965e+06
8.058099353605211945e+01 2.379010589895810039e+37 1.009616330181899946e+06
8.284806433405901771e+01 2.338439070538820199e+37 1.009578104204360046e+06
8.487431242486491101e+01 2.304263571053560202e+37 1.009545675727969967e+06
8.669324442453944357e+01 2.273394982549669919e+37 1.009517527506459970e+06
8.832638194546598243e+01 2.245820930007810164e+37 1.009492985913889948e+06
8.979621519704960519e+01 2.221245879081989971e+37 1.009471484813979943e+06
9.112528770813514711e+01 2.199256396525370049e+37 1.009452513266060036e+06
9.233566579932812601e+01 2.179387290202790038e+37 1.009435604194190004e+06
9.344942649694712600e+01 2.161193109212969799e+37 1.009420339835940045e+06
9.448916938705224311e+01 2.144196117332009991e+37 1.009406320243609953e+06
9.547831076612055767e+01 2.127944957864390222e+37 1.009393171399409999e+06
9.644158090668497607e+01 2.111972274610330045e+37 1.009380524524549954e+06
9.741993071712204255e+01 2.095391086615930108e+37 1.009367806565489969e+06
9.844714310653216671e+01 2.077696603713109933e+37 1.009354584926650045e+06
9.944126815145864384e+01 2.061410789686989988e+37 1.009342004208720056e+06
1.004407659988719388e+02 2.044633649836820066e+37 1.009329476915569976e+06
1.014509648591993027e+02 2.027590175380759930e+37 1.009316956423240015e+06
1.025330118787824176e+02 2.008713118855959888e+37 1.009303632686789962e+06
1.038597551011043834e+02 1.983836879680440115e+37 1.009287282903120038e+06
1.057316326069631032e+02 1.947925260479509950e+37 1.009264641890650033e+06
1.074198046879755566e+02 1.923946563359760003e+37 1.009245726134130033e+06
1.089536894858611049e+02 1.903050872482129928e+37 1.009229191899540019e+06
1.103604072554226150e+02 1.884025775754880059e+37 1.009214365304150037e+06
1.116631679528582026e+02 1.866459452143160056e+37 1.009200868048010045e+06
1.128854447190242354e+02 1.849986353730169888e+37 1.009188389416959952e+06
1.140526647972146748e+02 1.834204623971709972e+37 1.009176626436169958e+06
1.151908887960889842e+02 1.818710379006149963e+37 1.009165283565249993e+06
1.163401445124472957e+02 1.802793101448320053e+37 1.009153932319049956e+06
1.175004762604075950e+02 1.786776827988029900e+37 1.009142593395189964e+06
1.186667889303280390e+02 1.770682677210720110e+37 1.009131296146580018e+06
1.198369431046376121e+02 1.754346724557329921e+37 1.009120021479779971e+06
1.210465673309954582e+02 1.736945988808610117e+37 1.009108400730730034e+06
1.223875088539498392e+02 1.716551220394580050e+37 1.009095471747600008e+06
1.237503384152296348e+02 1.696695204559299904e+37 1.009082530620460049e+06
1.250415005323011428e+02 1.679112062129970056e+37 1.009070613098109956e+06
1.262966024821944302e+02 1.662326921426959913e+37 1.009059291169099975e+06
1.275563207874583895e+02 1.645683195824420045e+37 1.009048151700190036e+06
1.288769768662023125e+02 1.628342980647689998e+37 1.009036686844430049e+06
1.304067960462998599e+02 1.607757077884889913e+37 1.009023577551609953e+06
1.334511362146949978e+02 1.561989790511380033e+37 1.008997872228099965e+06
1.365168068394559668e+02 1.531976960838480040e+37 1.008974934627500013e+06
1.392909822132642148e+02 1.508222709747609916e+37 1.008955315622900031e+06
1.418310935393965337e+02 1.486252572011600001e+37 1.008937749399970053e+06
1.441676415169640677e+02 1.465966546565890087e+37 1.008921874199070036e+06
1.463236377287830692e+02 1.447366310395000086e+37 1.008907489508909988e+06
1.483290202565040090e+02 1.430096669038849952e+37 1.008894322846819996e+06
1.502028245538676856e+02 1.413996765007880081e+37 1.008882192636199994e+06
1.519678765135904541e+02 1.398829560493459965e+37 1.008870915053230012e+06
1.536482568939027260e+02 1.384342498428890079e+37 1.008860299763210001e+06
1.552689604020488332e+02 1.370265359659700055e+37 1.008850157415310037e+06
1.568598657253678539e+02 1.356281527873780036e+37 1.008840280641649966e+06
1.584861646936187753e+02 1.341577131444280031e+37 1.008830232477609999e+06
1.601529505907092243e+02 1.326464923710660006e+37 1.008820011769960052e+06
1.618004656073680962e+02 1.311692143745340101e+37 1.008809975389559986e+06
1.635122684486414073e+02 1.295667622907279998e+37 1.008799558833720046e+06
1.654668446084251627e+02 1.276308440496589952e+37 1.008787645394020015e+06
1.680843931485433131e+02 1.248740394701090056e+37 1.008771696750620031e+06
1.705363047050559544e+02 1.228542731381500048e+37 1.008757705997509998e+06
1.728389055507796002e+02 1.210024245463700037e+37 1.008744912364840042e+06
1.750187343914731173e+02 1.192501459298930050e+37 1.008732980389470002e+06
1.770993348446354503e+02 1.175768155962940081e+37 1.008721726078959997e+06
1.791032268941125949e+02 1.159658810525209914e+37 1.008711010438619996e+06
1.810580524898032309e+02 1.143889267513489970e+37 1.008700657784970012e+06
1.830301634762363392e+02 1.127694287144629996e+37 1.008690279461020022e+06
1.850293606883278699e+02 1.079877261219899922e+37 1.009176821704669972e+06
1.856314675553658162e+02 1.081084941165059938e+37 1.009182291754900012e+06
1.868296602207701653e+02 1.078473060477730077e+37 1.009175058506340021e+06
1.892139408665752853e+02 1.066002011738700085e+37 1.009148275931600016e+06
1.921401675266242819e+02 1.050972849947379966e+37 1.009114203120299964e+06
1.948862295241051470e+02 1.038436256361040001e+37 1.009083899956139969e+06
1.974813166836174787e+02 1.025165496480319988e+37 1.009056267455599969e+06
1.999559783181684907e+02 1.011276993524890027e+37 1.009030677747849957e+06
2.023364532955674804e+02 9.969632296702959450e+36 1.009006719862879952e+06
2.046486424417962553e+02 9.822983066151439887e+36 1.008984039961089962e+06
2.069621437494060956e+02 9.667707673193380116e+36 1.008961856517900014e+06
2.094242317148309667e+02 9.490379281479170527e+36 1.008938675896330038e+06
2.127452493100208812e+02 9.215788823115280518e+36 1.008907614081130014e+06
2.176457797460243455e+02 8.807375644182920298e+36 1.008863893737550010e+06
2.223598530097151524e+02 8.475736071898909787e+36 1.008825390671920031e+06
2.268905561575666070e+02 8.151904644878299976e+36 1.008790081855820026e+06
2.312691515799888293e+02 7.833493230034320041e+36 1.008757195727000013e+06
2.355117405811542994e+02 7.521143203336819829e+36 1.008726330461420002e+06
2.396310639111470664e+02 7.214891648058780419e+36 1.008697195162210031e+06
2.436414914271808811e+02 6.911875489077279918e+36 1.008669429242060054e+06
2.475577716478219372e+02 6.611977804238169501e+36 1.008642807044430054e+06
2.514021371777635068e+02 6.312870148357100424e+36 1.008617026223869994e+06
2.552142029976166668e+02 6.012247583774690409e+36 1.008591743427259964e+06
2.590863428823795402e+02 5.702117177590330106e+36 1.008566249905960052e+06
2.633673199804834439e+02 5.351144417002190306e+36 1.008538111120179994e+06
2.678010927591967629e+02 4.985161113526759708e+36 1.008508990105609992e+06
2.724695807769385283e+02 4.600925181379430057e+36 1.008478507692779996e+06
2.775447854069207096e+02 4.187448032708260220e+36 1.008445511724669952e+06
2.831765249987365678e+02 3.736809473487049712e+36 1.008409004271000042e+06
2.908006448765445384e+02 3.176980123830779840e+36 1.008361474337649997e+06
2.997919434223949793e+02 2.620245713543979921e+36 1.008309749134700047e+06
3.090704079406496021e+02 2.169270441511709923e+36 1.008262617469849996e+06
