# time luminosity radius
-2.191936144503415562e+01 2.801435718085530027e+35 1.008263084088020027e+06
-1.947924953686015215e+01 2.862837120033800010e+35 1.008262473531689961e+06
-1.899366726713196840e+01 2.875489653784049995e+35 1.008262385739649995e+06
-1.802735855037462898e+01 2.902142139094169905e+35 1.008262324331450043e+06
-1.610440420403028838e+01 2.963191501934589914e+35 1.008262817882640054e+06
-1.572173628910968546e+01 2.975798156430910010e+35 1.008262951590109966e+06
-1.496022713840648066e+01 3.002475567851429834e+35 1.008263354162840056e+06
-1.344482392852660269e+01 3.063717966203269830e+35 1.008264948613889981e+06
-1.315869771166762803e+01 3.075703069437949920e+35 1.008265297691729967e+06
-1.258930654013238382e+01 3.101183781018460018e+35 1.008266168732909951e+06
-1.145621810876764357e+01 3.159078551717350144e+35 1.008268978283960023e+06
-1.130292534962063655e+01 3.167137246027140060e+35 1.008269395786070032e+06
-1.099787275891867466e+01 3.183859188988139978e+35 1.008270328083200031e+06
-1.039081810342031531e+01 3.220472684269000184e+35 1.008272713199730031e+06
-9.541999529275926761e+00 3.281465705791669867e+35 1.008277936089770054e+06
-8.759707316887215711e+00 3.351820735772029952e+35 1.008288273428400047e+06
-8.382745318347588181e+00 3.394368990147400299e+35 1.008300702869180008e+06
-8.370883907336974517e+00 3.393696783478190232e+35 1.008301115922839963e+06
-8.348812505355454050e+00 3.398156542395879955e+35 1.008301973807499977e+06
-8.304890415427507833e+00 3.402511627171769877e+35 1.008303960559310042e+06
-8.298232788569293916e+00 3.401676819302629862e+35 1.008304267945479951e+06
-8.284984111131052487e+00 3.405908448306559883e+35 1.008304919197099982e+06
-8.258619243031716906e+00 3.408556027365290074e+35 1.008306387264230056e+06
-8.253907875434379093e+00 3.406565536917609982e+35 1.008306653913690010e+06
-8.244532253927900456e+00 3.414211130490570312e+35 1.008307216096519958e+06
-8.225874767129425891e+00 3.410647882887690184e+35 1.008308467565619969e+06
-8.190739676414523274e+00 3.438035672803809912e+35 1.008311744484590017e+06
-8.167576116378768347e+00 3.418878364008469995e+35 1.008314610891330056e+06
-8.149568556793383323e+00 3.462203200309839810e+35 1.008317739025439951e+06
-8.134884396655252203e+00 3.421190121935319851e+35 1.008321905279690051e+06
-8.127316583311767317e+00 3.450037602298989903e+35 1.008324778543869965e+06
-8.121066677165799774e+00 3.528467209071589948e+35 1.008328247735959943e+06
-8.116260988666908816e+00 3.462088427548490022e+35 1.008332319076439948e+06
-8.112384682375704870e+00 3.555444262856049735e+35 1.008338217654629960e+06
-8.110235088795889169e+00 3.860976010738349846e+35 1.008342693922740058e+06
-8.110077657664078288e+00 3.422718265329319692e+35 1.008343147544950014e+06
-8.110034830926451832e+00 3.422721631836890169e+35 1.008343245742550003e+06
-8.109970477613387629e+00 3.422728106192029957e+35 1.008343389770030044e+06
-8.109901764051755890e+00 3.422734592435750238e+35 1.008343542095729965e+06
-8.109765024055377580e+00 3.422747485877419658e+35 1.008343843703130027e+06
-8.109492911447887309e+00 3.422773103974239669e+35 1.008344447043429944e+06
-8.109300581578281708e+00 3.422791174987320084e+35 1.008344877144790022e+06
-8.109179274673806503e+00 3.422802541711220063e+35 1.008345151712810039e+06
-8.109110463366960175e+00 3.422808984731899856e+35 1.008345305929120048e+06
-8.108973528869682923e+00 3.422821850393529755e+35 1.008345613118779962e+06
-8.108701029224903323e+00 3.422847372584180014e+35 1.008346230276920018e+06
-8.108158754912437871e+00 3.422897720502099842e+35 1.008347500153540052e+06
-8.107079629044164903e+00 3.422995026701479747e+35 1.008350297677760012e+06
-8.106720254174433649e+00 3.423027548531789648e+35 1.008351220097549958e+06
-8.106275663187261671e+00 3.423067402869599857e+35 1.008352396771910018e+06
-8.105852868829970248e+00 3.423104987649840043e+35 1.008353545047680032e+06
-8.105011508043389767e+00 3.423177641044399676e+35 1.008356029597330024e+06
-8.104236192841199227e+00 3.423241933747580117e+35 1.008358567578939954e+06
-8.104045899875927716e+00 3.423257982413970179e+35 1.008359163139360026e+06
-8.103779308905359358e+00 3.423280338557580216e+35 1.008360016103900038e+06
-8.103248792875092477e+00 3.423323872919890333e+35 1.008361796267620055e+06
-8.102595458709402010e+00 3.423376281282319767e+35 1.008364101190930000e+06
-8.102014356030849740e+00 3.423422152292200136e+35 1.008366221386329969e+06
-8.101577907262253575e+00 3.423456328613049830e+35 1.008367840180439991e+06
-8.101286844597780146e+00 3.423479071034060363e+35 1.008368924725560006e+06
-8.100707629899261519e+00 3.423523179858890300e+35 1.008371190214319970e+06
-8.100182001551729627e+00 3.423562750254289939e+35 1.008373288408200024e+06
-8.099915315979160368e+00 3.423582994517629943e+35 1.008374337369209970e+06
-8.099384611676214263e+00 3.423622498140199720e+35 1.008376500864760019e+06
-8.098877059790538624e+00 3.423660042180469888e+35 1.008378591257679975e+06
-8.098550256268936209e+00 3.423684520567359631e+35 1.008379909236990032e+06
-8.097999026853358373e+00 3.423725529023699903e+35 1.008382161514639971e+06
-8.097472681169165298e+00 3.423764926372190064e+35 1.008384290371039999e+06
-8.097212278778897598e+00 3.423784664743600019e+35 1.008385320787340053e+06
-8.096694078019936569e+00 3.423823321412220337e+35 1.008387432030949974e+06
-8.096338979055872187e+00 3.423850005399759742e+35 1.008388859641029965e+06
-8.095640920830192044e+00 3.423890096636620072e+35 1.008392814219990047e+06
-8.095509525679517537e+00 3.423896164405369989e+35 1.008393714494329994e+06
-8.095469488616799936e+00 3.423897098244530336e+35 1.008393934861419955e+06
-8.095457190647721291e+00 3.423898086128569661e+35 1.008393998415139969e+06
-8.095432717687799595e+00 3.423900207187249638e+35 1.008394117619949975e+06
-8.095384016487514600e+00 3.423903817804650104e+35 1.008394352544259978e+06
-8.095366814071894623e+00 3.423904839470749759e+35 1.008394434017349966e+06
-8.095332581273396499e+00 3.423907282810399897e+35 1.008394594040269963e+06
-8.095264457995654084e+00 3.423912000456119675e+35 1.008394907317289966e+06
-8.095128892673528753e+00 3.423921466047370127e+35 1.008395521544969990e+06
-8.094859117671148852e+00 3.423940464513559859e+35 1.008396726195849944e+06
-8.094322265416849405e+00 3.423978507465520234e+35 1.008399101982860011e+06
-8.093392025635694154e+00 3.424044793130279646e+35 1.008403188280059956e+06
-8.093107180247898214e+00 3.424064943525019693e+35 1.008404455057039973e+06
-8.093014982790919021e+00 3.424071516426700256e+35 1.008404856758060050e+06
-8.092831509857205674e+00 3.424084955149999803e+35 1.008405630229410017e+06
-8.092466398724354804e+00 3.424111995071089789e+35 1.008407143127540010e+06
-8.091739827577839606e+00 3.424166212558110353e+35 1.008410115491930046e+06
-8.090695598759339191e+00 3.424244850598510277e+35 1.008414325911110034e+06
-8.090363500799867325e+00 3.424269543297960072e+35 1.008415697726610000e+06
-8.090250570283387788e+00 3.424278005142239694e+35 1.008416154771859990e+06
-8.090025838551810011e+00 3.424295263767369640e+35 1.008417031001270050e+06
-8.089578622399130836e+00 3.424329985498730221e+35 1.008418741922199959e+06
-8.088688662246568128e+00 3.424399676371479888e+35 1.008422092791120056e+06
-8.087419062998378649e+00 3.424500332953329948e+35 1.008426792068899958e+06
-8.086997807433363050e+00 3.424533712638350348e+35 1.008428370970049989e+06
-8.086851171960006468e+00 3.424545435892530205e+35 1.008428911911200034e+06
-8.086559367366135120e+00 3.424569441389550317e+35 1.008429947761390009e+06
-8.085978676215745509e+00 3.424648563178469945e+35 1.008432009707759949e+06
-8.085764537827344611e+00 3.424685478847360227e+35 1.008432780086999992e+06
-8.085338402437628247e+00 3.424803169258040258e+35 1.008434250690220040e+06
-8.084490393011947162e+00 3.425370746262669648e+35 1.008437113040160039e+06
-8.082824156648712233e+00 3.534635115405030363e+35 1.008442584060810041e+06
-8.082261820731218904e+00 4.067100078136799820e+35 1.008444457581080031e+06
-8.082061692912247963e+00 4.007139598416789703e+35 1.008445112128369976e+06
-8.081663438555551693e+00 4.592392687880089754e+35 1.008446366566890036e+06
-8.080870912381215021e+00 3.550278206728920249e+36 1.008448846483740024e+06
-8.080575343643431552e+00 3.885619848268539730e+36 1.008449782132080058e+06
-8.079987161851022393e+00 4.026885716951739891e+36 1.008451556616620044e+06
-8.078816680092131719e+00 5.553573574815599654e+36 1.008454968886459945e+06
-8.076755875707021914e+00 1.394968745220629978e+37 1.008460746704390040e+06
-8.076041841879487038e+00 1.480536924342179996e+37 1.008462736160789966e+06
-8.074620914572733454e+00 2.048077067438159885e+37 1.008466512435529963e+06
-8.074100761456065811e+00 1.913379491939829994e+37 1.008467893643800053e+06
-8.073065656761173159e+00 1.778010143016759911e+37 1.008470480015640031e+06
-8.071005798410624266e+00 1.936103807268959923e+37 1.008475377847439959e+06
-8.068551064425264485e+00 2.266675536457530078e+37 1.008480923636200023e+06
-8.067693986638914794e+00 2.160789613389299801e+37 1.008482814951539971e+06
-8.065988401838694699e+00 2.483905382219399807e+37 1.008486430282850051e+06
-8.065342830246663652e+00 2.501015345763179799e+37 1.008487794626840041e+06
-8.064058142772410065e+00 2.278925981469459830e+37 1.008490345284659998e+06
-8.061501614705775864e+00 2.146291881697179893e+37 1.008495102376620052e+06
-8.058590748682036065e+00 2.007626126920500054e+37 1.008500119603920029e+06
-8.055515036670840345e+00 1.866822969071249936e+37 1.008504988873620052e+06
-8.052249740852857940e+00 1.738998881146559928e+37 1.008509737252000021e+06
-8.048799011143273674e+00 1.856030565743110106e+37 1.008514564588090056e+06
-8.047575630655046552e+00 1.777400339153220083e+37 1.008516211273530032e+06
-8.045141103473724797e+00 1.617404312161360041e+37 1.008519264347919961e+06
-8.041298797979834490e+00 1.509978663388989890e+37 1.008523776950889966e+06
-8.037261077988659963e+00 1.395651557043680068e+37 1.008528165861480054e+06
-8.033004079567035660e+00 1.284499387021790039e+37 1.008532438728410052e+06
-8.028498187268269248e+00 1.182929458403669908e+37 1.008536636817779974e+06
-8.023708652806817554e+00 1.096592379659210099e+37 1.008540863904310041e+06
-8.018646939657628536e+00 1.017399723880770018e+37 1.008545033611439983e+06
-8.013290336893987842e+00 9.468599083504279607e+36 1.008549176611530012e+06
-8.007590270441141911e+00 8.844575290721490087e+36 1.008553328824930009e+06
-8.001555085982545279e+00 8.284944567995270422e+36 1.008557491222420009e+06
-7.995152213858091272e+00 7.798236285572700242e+36 1.008561690330259968e+06
-7.988314236179576255e+00 7.364787758697810105e+36 1.008565979147579987e+06
-7.981075815536314622e+00 6.977956940963859796e+36 1.008570339190809987e+06
-7.973354190500685945e+00 6.686312233347150464e+36 1.008574966483860044e+06
-7.965129922085907310e+00 6.427155905140070158e+36 1.008579775964220054e+06
-7.956358441675547510e+00 6.196372046228889474e+36 1.008584797883699997e+06
-7.946975546248722821e+00 6.000137740146249516e+36 1.008590080396009958e+06
-7.936951460986165330e+00 5.833277677007329573e+36 1.008595653899229947e+06
-7.926194717612816021e+00 5.703117241195129511e+36 1.008601594395620050e+06
-7.914662643772317097e+00 5.603546649538509849e+36 1.008607998277690029e+06
-7.902271641389233992e+00 6.499412954539420155e+36 1.008615648144330014e+06
-7.888911668618675321e+00 6.040901716058950001e+36 1.008623478513519978e+06
-7.874546896448009647e+00 6.088749698940129760e+36 1.008632053359459969e+06
-7.859671986225293949e+00 6.007699703398109883e+36 1.008640997499509947e+06
-7.844527216526330449e+00 6.066567984614439920e+36 1.008650325684210053e+06
-7.828990822876221500e+00 5.974188821071740149e+36 1.008659792390040006e+06
-7.812824847394949757e+00 5.881685459233830008e+36 1.008669600959009957e+06
-7.795650326253962703e+00 6.044352802383109701e+36 1.008680198655460030e+06
-7.777365258021745831e+00 6.076885953536739866e+36 1.008691460251359968e+06
-7.757677541667362675e+00 6.089087463020219441e+36 1.008703537312180037e+06
-7.736486599096679129e+00 6.237794394951139687e+36 1.008716552446100046e+06
-7.713626336364541203e+00 6.683613147768649795e+36 1.008730616705039982e+06
-7.688965400011511520e+00 7.016503794035189644e+36 1.008745789830669994e+06
-7.662621964176651090e+00 7.400007823304049708e+36 1.008762119216180057e+06
-7.635305450137821026e+00 7.549741070008140175e+36 1.008779231203399948e+06
-7.608907342480961233e+00 7.870937629339729677e+36 1.008795820777170011e+06
-7.583489931566873565e+00 8.162175006807299703e+36 1.008812062505500042e+06
-7.557690928995725699e+00 8.616609920106560124e+36 1.008828557654279983e+06
-7.532923949256655760e+00 8.874897928195150180e+36 1.008844472526659956e+06
-7.504764539771713316e+00 9.257745351332720022e+36 1.008862690876530018e+06
-7.477917801123112440e+00 9.607469161908780314e+36 1.008880115899289958e+06
-7.453100964936311357e+00 9.940814207680749845e+36 1.008896267478859983e+06
-7.429853716981597245e+00 1.026281634008830040e+37 1.008911405837359955e+06
-7.406981988140614703e+00 1.059165044992950044e+37 1.008926309201000025e+06
-7.384886489846394397e+00 1.091702710114230103e+37 1.008940664442340028e+06
-7.362024869216838852e+00 1.125902466922930001e+37 1.008955467500610044e+06
-7.337926996406167746e+00 1.162346863016740007e+37 1.008970985467039980e+06
-7.310744554808479734e+00 1.204071676506959964e+37 1.008988374706089962e+06
-7.279729242683970369e+00 1.252405908906390099e+37 1.009008065066440031e+06
-7.244000389167922549e+00 1.308637503803009966e+37 1.009030549060169957e+06
-7.202398452325724065e+00 1.375187107617190069e+37 1.009056436778460047e+06
-7.150793753375182860e+00 1.459104782906180105e+37 1.009088144023910048e+06
-7.098112123276223429e+00 1.546852178234139889e+37 1.009120009465600015e+06
-7.044337519429973327e+00 1.638818504593839959e+37 1.009152029095149948e+06
-6.989573463186388835e+00 1.735006967077080108e+37 1.009184094708480057e+06
-6.933916122099617496e+00 1.835276116156000082e+37 1.009216109729680000e+06
-6.877452311950037256e+00 1.939597303097659964e+37 1.009247984658729983e+06
-6.820254409234621562e+00 2.047772799158250078e+37 1.009279652026650030e+06
-6.762378638130030595e+00 2.159193644017569867e+37 1.009311045029180008e+06
-6.703865024144761264e+00 2.273399974429839995e+37 1.009342110197279952e+06
-6.644738241622690111e+00 2.389674419919149833e+37 1.009372795031080022e+06
-6.585008884634589776e+00 2.507687851868200032e+37 1.009403072087959968e+06
-6.524674890766618773e+00 2.626934913865190135e+37 1.009432914861839963e+06
-6.463722915243124589e+00 2.746847375619719998e+37 1.009462301074470044e+06
-6.402129533336847089e+00 2.867206518425199829e+37 1.009491226303400006e+06
-6.339887258043745533e+00 2.987595110445500003e+37 1.009519681803639978e+06
-6.277005380325135775e+00 3.107713315679040110e+37 1.009547658357430017e+06
-6.213441389845684171e+00 3.227403547086500029e+37 1.009575174964040052e+06
-6.149148117605363950e+00 3.346624639220779944e+37 1.009602257324959966e+06
-6.084167510518454947e+00 3.465203302654190174e+37 1.009628895554400049e+06
-6.018446518181008287e+00 3.583208155814379852e+37 1.009655133790810010e+06
-5.951982652317383327e+00 3.700647776345609866e+37 1.009680991623349953e+06
-5.884766332834260538e+00 3.817604374125460215e+37 1.009706500047990005e+06
-5.816739073023200035e+00 3.934268961278539817e+37 1.009731713702930021e+06
-5.747918996290536597e+00 4.050745482166169919e+37 1.009756662299599964e+06
-5.678264687972841784e+00 4.167258407796979796e+37 1.009781397896509967e+06
-5.607786663807928562e+00 4.283962480980659762e+37 1.009805957427129964e+06
-5.536472197476541623e+00 4.401066352076420157e+37 1.009830389809989952e+06
-5.464290567368152551e+00 4.518858514495890025e+37 1.009854750818009954e+06
-5.391284866127534769e+00 4.637464155026340071e+37 1.009879070631489973e+06
-5.317427439367747866e+00 4.757173402039640367e+37 1.009903404384159949e+06
-5.242701482566189952e+00 4.878212753680820449e+37 1.009927803886270034e+06
-5.167143838843912818e+00 5.000817968212829737e+37 1.009952298183570034e+06
-5.090755944562260993e+00 5.125151400511259996e+37 1.009976932172329980e+06
-5.013535861813579686e+00 5.251448942021199978e+37 1.010001745627220022e+06
-4.935487192022264935e+00 5.379872138948850464e+37 1.010026773755969945e+06
-4.856617862460552715e+00 5.510594730966859889e+37 1.010052048238739953e+06
-4.776939023315208033e+00 5.643838558570709695e+37 1.010077592655409942e+06
-4.696463883767137304e+00 5.779676954815480384e+37 1.010103430447879946e+06
-4.615206509784911759e+00 5.918105300844950268e+37 1.010129573662179988e+06
-4.533180615573655814e+00 6.059231284959750013e+37 1.010156033626709948e+06
-4.450398368528112769e+00 6.203098859557519735e+37 1.010182815076580038e+06
-4.366869231802411377e+00 6.349583568418340102e+37 1.010209916495349957e+06
-4.282598855526885018e+00 6.498633393557829722e+37 1.010237333796740044e+06
-4.205076275247847661e+00 6.637394192437749893e+37 1.010262599580729962e+06
-4.133840294205583632e+00 6.765725231452469793e+37 1.010285861146950047e+06
-4.066534312718431465e+00 6.887416228347789779e+37 1.010307872252570000e+06
-3.999583327051368542e+00 7.008650114649750335e+37 1.010329783320819959e+06
-3.912430944285006262e+00 7.165079788321170204e+37 1.010358301869650022e+06
-3.824958516735932790e+00 7.324045930610249847e+37 1.010386812353909947e+06
-3.736656214648974128e+00 7.484381733132529953e+37 1.010415510084780050e+06
-3.647991634294157848e+00 7.644999613019990362e+37 1.010444198109089979e+06
-3.566787141724489629e+00 7.792241449351289941e+37 1.010470319581639953e+06
-3.491977685247547925e+00 7.927119428033879822e+37 1.010494249952910002e+06
-3.422693211410660297e+00 8.051244999833430171e+37 1.010516275043700007e+06
-3.356524325979989953e+00 8.168732619914760087e+37 1.010537164406170021e+06
-3.288255551669863053e+00 8.288369558111200143e+37 1.010558539680529968e+06
-3.195625276377541013e+00 8.446097274387030189e+37 1.010587168678630027e+06
-3.102569275608402677e+00 8.604284532187159334e+37 1.010615394211270032e+06
-3.008474774949718267e+00 8.760876341363080149e+37 1.010643425645299954e+06
-2.913362437320756726e+00 8.915576445238270392e+37 1.010671188653929974e+06
-2.824725667436723597e+00 9.057154882399800727e+37 1.010696507381699979e+06
-2.742950782921980135e+00 9.184824420968580854e+37 1.010719384806119953e+06
-2.667579080123687163e+00 9.299749160891890826e+37 1.010740034323010012e+06
-2.596273036455386318e+00 9.405832025717149497e+37 1.010759176749609993e+06
-2.525337883969768882e+00 9.508330143262549173e+37 1.010777796339840046e+06
-2.438211408909410238e+00 9.628377523669499873e+37 1.010800006069789990e+06
-2.337515795719809830e+00 9.762181142079860591e+37 1.010824701354110031e+06
-2.235717021874734201e+00 9.892762515887679087e+37 1.010848624881939963e+06
-2.132485076275770552e+00 1.001877370771899956e+38 1.010871828253110056e+06
-2.027809406223241240e+00 1.013997320221289925e+38 1.010894239210910047e+06
-1.921656018836074509e+00 1.025630324604309991e+38 1.010915790094829979e+06
-1.822939246354508214e+00 1.035927867008719972e+38 1.010934773795800051e+06
-1.731695333204697818e+00 1.044951472270079910e+38 1.010951431672009989e+06
-1.646787552002933808e+00 1.052889343190500054e+38 1.010966153267430025e+06
-1.566123076423536986e+00 1.060027043533459960e+38 1.010979426646310021e+06
-1.484158840816235170e+00 1.066811740499189971e+38 1.010992176416810020e+06
-1.399728981210500933e+00 1.073367330838969979e+38 1.011004493525829981e+06
-1.316409820938133635e+00 1.079453595387509979e+38 1.011015854827890056e+06
-1.218382686347467825e+00 1.085877323930870033e+38 1.011028155244820053e+06
-1.101051780060515739e+00 1.092753922174120090e+38 1.011041317477050005e+06
-9.819053529354277998e-01 1.099136253505270083e+38 1.011053111956869951e+06
-8.612054934346815571e-01 1.104782962480939951e+38 1.011063490125049953e+06
-7.496220894390717149e-01 1.109425084730229962e+38 1.011071743438140023e+06
-6.461786697182105854e-01 1.113141058467149911e+38 1.011078290323800058e+06
-5.489081851264927536e-01 1.116150520287840072e+38 1.011083496161110001e+06
-4.546509175706887618e-01 1.118600473070849935e+38 1.011087657603999949e+06
-3.562765668466454372e-01 1.120622041463249947e+38 1.011091046808789950e+06
-2.584095428173895925e-01 1.122227095063800003e+38 1.011093467696030042e+06
-1.371762345515890047e-01 1.123318652938390041e+38 1.011095088666480035e+06
0.000000000000000000e+00 1.123848657774389908e+38 1.011095175411639968e+06
1.401200903201242909e-01 1.123688263108880006e+38 1.011093560237469967e+06
2.776041493634693325e-01 1.122849167689519917e+38 1.011090450618110015e+06
4.049384062964236364e-01 1.121552988039589982e+38 1.011086336878119968e+06
5.236436518462141976e-01 1.119871723658429925e+38 1.011081502559690038e+06
6.360756463254801929e-01 1.117844590066540094e+38 1.011076064852099982e+06
7.475454241794068366e-01 1.115419583664990001e+38 1.011069868919249973e+06
8.810058505478082225e-01 1.111813717821259997e+38 1.011061340585800004e+06
1.008934826313634403e+00 1.108125676015870094e+38 1.011052170625090017e+06
1.129480672636418603e+00 1.104304429780870058e+38 1.011042764132119948e+06
1.247881870673154481e+00 1.100186511152849922e+38 1.011032841464499943e+06
1.383704805397428572e+00 1.094913510603100074e+38 1.011020604000380030e+06
1.540135871560778469e+00 1.088346032772109908e+38 1.011005450135380030e+06
1.684587594543700106e+00 1.082129543754499942e+38 1.010990653226949973e+06
1.819737112105940469e+00 1.076011619070920084e+38 1.010976235819219961e+06
1.948899782684748061e+00 1.069909340931189931e+38 1.010961983053580043e+06
2.081680198491085321e+00 1.063346979427889979e+38 1.010946877306250040e+06
2.274461080640321597e+00 1.053033009425710082e+38 1.010924078625579947e+06
2.472181133576668799e+00 1.042445854838639973e+38 1.010899930247950018e+06
2.676549731753766537e+00 1.031204649214569912e+38 1.010874461895629996e+06
2.887930221681017429e+00 1.019361834392870033e+38 1.010847756208359962e+06
3.106687637657159939e+00 1.006962401382139956e+38 1.010819913568170043e+06
3.333213767225970514e+00 9.940540103446149989e+37 1.010791043541350053e+06
3.567919111941591837e+00 9.806881344303569279e+37 1.010761262092150049e+06
3.811272926322999410e+00 9.669180703886639333e+37 1.010730688282130053e+06
4.063795948430197313e+00 9.527992723659370265e+37 1.010699441596120014e+06
4.326030440162867308e+00 9.383905443403319309e+37 1.010667645489000017e+06
4.598625237471424043e+00 9.237488717211930939e+37 1.010635416996999993e+06
4.882257914738147520e+00 9.089336201340189335e+37 1.010602869163680007e+06
5.161499750014627352e+00 8.948727859763349998e+37 1.010571865165619995e+06
5.417662983862101100e+00 8.824804797702060045e+37 1.010544359113599989e+06
5.654436604672810063e+00 8.713981032103619068e+37 1.010519759083159966e+06
5.873309574759332463e+00 8.614747462468809492e+37 1.010497717268200009e+06
6.075956776592647657e+00 8.525573203382599288e+37 1.010477898448409978e+06
6.263338382676010951e+00 8.445413872229940058e+37 1.010460067217170028e+06
6.439925584185402840e+00 8.371734591535309730e+37 1.010443692229319946e+06
6.613880845223320648e+00 8.300718523923060179e+37 1.010427956479159999e+06
6.823292442553793080e+00 8.216189136517360424e+37 1.010409515619109967e+06
7.017279881139984354e+00 8.141432676818440345e+37 1.010392849898279994e+06
7.199679005439975299e+00 8.073100658808630457e+37 1.010377593653760036e+06
7.380147630465216935e+00 8.007083308801820196e+37 1.010362882468009950e+06
7.620747095978003927e+00 7.919652309221299904e+37 1.010343843947240035e+06
7.873885996013996191e+00 7.832026915630640398e+37 1.010324423266920028e+06
8.170040108700050041e+00 7.732838711630730102e+37 1.010302575693199993e+06
8.527698160571162589e+00 7.618533351512070032e+37 1.010277382498960011e+06
8.977130119135836139e+00 7.483429662653330177e+37 1.010247521680800011e+06
9.421755995615967549e+00 7.362795816866180209e+37 1.010219828597710002e+06
9.824490455837803893e+00 7.263187370484669694e+37 1.010196269915860030e+06
1.019293867119995411e+01 7.178162593335320189e+37 1.010175880077179987e+06
1.052954468700045254e+01 7.104879916712380054e+37 1.010158110346550005e+06
1.083834874301101081e+01 7.040811967278189864e+37 1.010142449884230038e+06
1.112276249761634972e+01 6.984168995534359842e+37 1.010128514537220006e+06
1.138543935920461081e+01 6.933675094200369602e+37 1.010116020976289990e+06
1.162857979749969672e+01 6.888362862691209801e+37 1.010104753361250041e+06
1.185391617046843749e+01 6.847504652024710020e+37 1.010094545679689967e+06
1.206658913231512997e+01 6.809759145020830389e+37 1.010085103758089943e+06
1.227810713309736457e+01 6.772664186383310071e+37 1.010075871531139943e+06
1.252567037906555925e+01 6.728766183442829973e+37 1.010065209693640005e+06
1.275448891177074984e+01 6.690032340354679624e+37 1.010055488145189942e+06
1.297141363147238735e+01 6.654085671100929865e+37 1.010046431112400023e+06
1.319424428729689680e+01 6.617355957779139536e+37 1.010037257749820012e+06
1.363767729236860760e+01 6.537331749012489735e+37 1.010019104507240001e+06
1.392263334050949197e+01 6.495568021825429713e+37 1.010007709572479944e+06
1.432516644617135171e+01 6.430714173392240438e+37 1.009992128762079985e+06
1.484513626658008434e+01 6.348458484904940132e+37 1.009972437328799977e+06
1.558285336859989911e+01 6.234673263084440180e+37 1.009945501226030057e+06
1.624646480528463144e+01 6.148463991769230108e+37 1.009922721334810019e+06
1.684660050428647082e+01 6.076139466135049967e+37 1.009903142167369951e+06
1.739134376231231727e+01 6.013140359634250175e+37 1.009885975184760056e+06
1.788680004538036883e+01 5.957267197016259784e+37 1.009870737487170030e+06
1.833899407050921582e+01 5.907111638800880206e+37 1.009857079210510012e+06
1.875348101423878688e+01 5.861675395028709739e+37 1.009844736911389977e+06
1.913528024386323523e+01 5.820189023478849823e+37 1.009833500490210019e+06
1.948877070292655844e+01 5.782046493723700238e+37 1.009823201199800009e+06
1.981737996847368777e+01 5.746804837578160441e+37 1.009813710126699996e+06
2.012362552741251420e+01 5.714152562822250013e+37 1.009804934931810014e+06
2.041125071766145993e+01 5.683596707297499999e+37 1.009796750016159960e+06
2.068801728228572756e+01 5.654117915781420362e+37 1.009788917202980025e+06
2.098495587559591513e+01 5.621506050996020471e+37 1.009780504982679966e+06
2.133474911749362946e+01 5.581669062930790182e+37 1.009770552772940020e+06
2.165925949960364960e+01 5.546717643965310150e+37 1.009761383290759986e+06
2.196387881044938695e+01 5.514528525233819891e+37 1.009752884366809973e+06
2.225599379552295431e+01 5.483896624911790154e+37 1.009744818578709965e+06
2.256044504979217891e+01 5.451418650679819647e+37 1.009736447564000031e+06
2.316630304578575306e+01 5.376436359252520092e+37 1.009719472974539967e+06
2.354105360923858825e+01 5.342804430228519814e+37 1.009709361979410052e+06
2.414652288728393614e+01 5.274835384033779708e+37 1.009693236428519944e+06
2.503304352145642042e+01 5.176540889639220016e+37 1.009669965104639996e+06
2.620838932949118316e+01 5.056686089470279617e+37 1.009640636722140014e+06
2.726800595605163835e+01 4.969188661303130206e+37 1.009616184627849958e+06
2.823648157469870057e+01 4.893107239097600261e+37 1.009594716282029985e+06
2.911704925743106287e+01 4.825415136108149633e+37 1.009575629468659987e+06
2.991684866073774174e+01 4.764703794343059727e+37 1.009558569683860056e+06
3.064388313333620317e+01 4.710108062859380041e+37 1.009543275495199952e+06
3.130587618515710346e+01 4.660935462053630048e+37 1.009529529705759953e+06
3.191088649228913710e+01 4.616454241492369861e+37 1.009517119413490058e+06
3.246680309608927928e+01 4.575962246421379934e+37 1.009505845180819975e+06
3.298114808590617031e+01 4.538799950284550187e+37 1.009495521698669996e+06
3.346095347580558155e+01 4.504371195964600038e+37 1.009485983746889979e+06
3.391172403424570803e+01 4.472246282032530022e+37 1.009477103432439966e+06
3.434040421512327157e+01 4.441832962867219817e+37 1.009468716608740040e+06
3.475913282236433588e+01 4.412391849998329825e+37 1.009459742980960058e+06
3.520201911406184081e+01 4.380388019137600136e+37 1.009450872757919948e+06
3.604881404608022422e+01 4.308329782114719884e+37 1.009433812037299969e+06
3.662948630246683024e+01 4.274461878790349928e+37 1.009422853992799995e+06
3.734091760247247294e+01 4.224140025968990034e+37 1.009409607048099977e+06
3.798840573849156499e+01 4.183162160960520045e+37 1.009397830508420011e+06
3.858497201678983402e+01 4.146421823836950140e+37 1.009387200697839959e+06
3.913974545772362035e+01 4.112654542952200129e+37 1.009377449068930000e+06
3.966087139360024594e+01 4.081118018082180107e+37 1.009368381232240004e+06
4.015579309601162095e+01 4.051273166061820096e+37 1.009359841055150027e+06
4.063886366313090548e+01 4.022013140822150209e+37 1.009351560219009989e+06
4.113429716615064535e+01 3.991528428214460195e+37 1.009343096690219943e+06
4.183902461681282148e+01 3.943059385486640181e+37 1.009330897043520003e+06
4.239544116336037405e+01 3.912892708055620011e+37 1.009321609287139960e+06
4.339066596177872270e+01 3.843972207438309911e+37 1.009304871480760048e+06
4.428699331168900244e+01 3.795853403499660082e+37 1.009290578977160039e+06
4.510190973509452306e+01 3.754381301030879927e+37 1.009278023892479949e+06
4.584579499975370709e+01 3.605117847130629866e+37 1.010071166460569948e+06
4.601743761026591528e+01 3.593085944151500197e+37 1.010097471635040012e+06
4.635900640518229920e+01 3.582063666895109801e+37 1.010115240913840011e+06
4.701879440333868843e+01 3.564925088841759943e+37 1.010112300372170052e+06
4.762715602597745601e+01 3.552469434034049939e+37 1.010099214049460017e+06
4.820654455179465003e+01 3.537820251904270154e+37 1.010083112281200010e+06
4.877544140834652353e+01 3.520562879242050151e+37 1.010065706467129989e+06
4.934879499241651502e+01 3.500794714814470041e+37 1.010047360113029950e+06
4.994112761429278180e+01 3.478293948555509812e+37 1.010027934005160001e+06
5.068497401157219429e+01 3.445107581286000170e+37 1.010002904295030050e+06
5.138912955562409479e+01 3.416563223708769871e+37 1.009979647982969997e+06
5.269806684344075620e+01 3.349087927618609863e+37 1.009935870438389946e+06
5.520863921758427750e+01 3.231606563045730210e+37 1.009858582517449977e+06
5.772626078808389138e+01 3.147026420849609896e+37 1.009791541838839999e+06
6.001290407075430267e+01 3.072950927047169911e+37 1.009734787141349982e+06
6.209161477335146628e+01 3.006548861029650131e+37 1.009686065990220057e+06
6.396629752704757266e+01 2.945784976759170009e+37 1.009643678262179950e+06
6.565932038553000893e+01 2.891949301962110232e+37 1.009606988695540000e+06
6.718200825867825188e+01 2.844946187049260104e+37 1.009575299364079954e+06
6.855152549357444514e+01 2.803680225935609997e+37 1.009547789178519975e+06
6.978569289267761633e+01 2.767364525591679804e+37 1.009523782109780004e+06
7.090227171384321991e+01 2.735188353464339887e+37 1.009502672128199949e+06
7.191991929752111901e+01 2.706341222298130169e+37 1.009483906911669997e+06
7.285781310299353208e+01 2.680047251331050143e+37 1.009466981824439950e+06
7.373595657547411975e+01 2.655596596016959993e+37 1.009451434434939991e+06
7.457179968725540675e+01 2.632452039217750232e+37 1.009436890649419976e+06
7.539588925558200572e+01 2.609503398595360188e+37 1.009422763663180056e+06
7.623882843408500776e+01 2.585877879945869896e+37 1.009408513181720045e+06
7.717481489067722578e+01 2.558874772594200020e+37 1.009392851463639992e+06
7.873090504019637592e+01 2.508018034171730233e+37 1.009366752813679981e+06
8.012627278867876157e+01 2.475461469595859899e+37 1.009345236369719962e+06
8.138575937009591144e+01 2.447174605230520116e+37 1.009326611031710054e+06
8.253370502471807413e+01 2.421363542673250029e+37 1.009310000721179997e+06
8.359137224582082126e+01 2.397499842237029981e+37 1.009294938144630054e+06
8.458072009249008261e+01 2.375099929769800185e+37 1.009281043611670029e+06
8.552414278796641156e+01 2.353667870140169958e+37 1.009267966698369943e+06
8.644693683466175571e+01 2.332581877066629898e+37 1.009255330849220045e+06
8.738995456947304774e+01 2.310715103380840233e+37 1.009242556522100000e+06
8.841737540561007336e+01 2.286342387393540142e+37 1.009228770761259948e+06
8.981564644366153516e+01 2.250222503460719875e+37 1.009210007115370012e+06
9.113607813214184716e+01 2.222975778049879925e+37 1.009193261731819948e+06
9.234521532202779781e+01 2.199359723714429820e+37 1.009178457785969949e+06
9.346769906250119675e+01 2.177388982400050188e+37 1.009164958351220004e+06
9.452798151248134673e+01 2.156431362576989787e+37 1.009152356369480025e+06
9.555068449475220405e+01 2.136009129586750011e+37 1.009140320629599970e+06
9.656821425911039114e+01 2.115386347394700025e+37 1.009128447487590020e+06
9.761725062452023849e+01 2.093806060306750038e+37 1.009116307452569949e+06
9.865182860627828632e+01 2.073203573477660047e+37 1.009104510123369982e+06
9.972913637750025373e+01 2.050967209074289932e+37 1.009092269797260058e+06
1.008202958018810023e+02 2.028832555404600092e+37 1.009080027179779951e+06
1.018880003406957258e+02 2.007614571861099913e+37 1.009068197575940052e+06
1.029878537044714903e+02 1.985282298481829938e+37 1.009056130193160032e+06
1.041982116381404921e+02 1.960176719227170033e+37 1.009042969599570031e+06
1.054387084638583474e+02 1.935708570033240105e+37 1.009029744057629956e+06
1.066171790708613116e+02 1.913860231968549972e+37 1.009017498647770029e+06
1.077618627127812942e+02 1.892649440598650061e+37 1.009005791111040046e+06
1.089111718206695514e+02 1.871124179448379930e+37 1.008994158640010050e+06
1.100687082022632239e+02 1.849581670952320056e+37 1.008982576708700042e+06
1.112388411007996183e+02 1.827787805940820081e+37 1.008970967771500000e+06
1.124326801838906249e+02 1.805182315171560056e+37 1.008959154125930043e+06
1.137374453591037309e+02 1.779218533188870071e+37 1.008946188487740001e+06
1.151219547971995780e+02 1.752089414007450017e+37 1.008932581497480045e+06
1.164358733187546022e+02 1.728478174389900106e+37 1.008920083269400056e+06
1.177060538766818354e+02 1.706192878993549908e+37 1.008908296921259956e+06
1.189678803540882654e+02 1.684354014627789919e+37 1.008896816845439957e+06
1.202547728409408592e+02 1.662354191072819940e+37 1.008885315262160031e+06
1.215509201910754200e+02 1.640764936395350062e+37 1.008873933602259960e+06
1.228766209273017012e+02 1.618617013360879981e+37 1.008862404788380023e+06
1.241988345762074459e+02 1.596968743111450076e+37 1.008851064790299977e+06
1.255401140101312194e+02 1.575070090650210023e+37 1.008839709902190021e+06
1.269779098024591804e+02 1.551304900164419977e+37 1.008827660717310035e+06
1.286316982250427827e+02 1.523457075701060007e+37 1.008813911097259959e+06
1.301918977861059830e+02 1.500548008082790117e+37 1.008801496924720006e+06
1.316834855585620971e+02 1.479404969494679898e+37 1.008789983953239978e+06
1.331325572169153020e+02 1.459337756283949972e+37 1.008779053391459980e+06
1.345928888697089860e+02 1.439288180318339999e+37 1.008768237437780015e+06
1.360703343492932618e+02 1.419463076712200025e+37 1.008757497023949982e+06
1.375727773562539369e+02 1.399450594872160078e+37 1.008746705397870042e+06
1.391126933719206136e+02 1.378972366197799930e+37 1.008735765467040008e+06
1.406431023223121883e+02 1.359111531691979954e+37 1.008725048536670045e+06
1.422573152989352820e+02 1.337881838331869982e+37 1.008713880900620017e+06
1.438672496260987828e+02 1.317706608089940051e+37 1.008702974734960007e+06
1.454636382795433747e+02 1.298147756459049975e+37 1.008692364576929947e+06
1.471374667055351892e+02 1.277651868640799986e+37 1.008681430817550048e+06
1.492069516057963483e+02 1.251112922228899981e+37 1.008667996408269973e+06
1.525588452007214073e+02 1.208203975330079952e+37 1.008646989879579982e+06
1.556880919110117247e+02 1.179636969389099948e+37 1.008629291690969956e+06
1.585998491056961939e+02 1.153348712042760046e+37 1.008613286669019959e+06
1.613351498429838102e+02 1.128901437684140026e+37 1.008598574420689954e+06
1.639029506405640859e+02 1.106221233523759927e+37 1.008585006750799948e+06
1.663380571233719820e+02 1.084885075447889936e+37 1.008572356396420044e+06
1.686493863891810179e+02 1.036956441362779983e+37 1.009049504655200057e+06
1.693578269319259562e+02 1.040194272851049965e+37 1.009053153557420010e+06
1.707676236119878013e+02 1.035134774679819953e+37 1.009042335866359994e+06
1.728929695747647202e+02 1.024064640741950047e+37 1.009018684408489964e+06
1.749445900346909184e+02 1.015363656653349964e+37 1.008995768881779979e+06
1.770330769142165082e+02 1.004466806135230004e+37 1.008972674799510045e+06
1.794927508974215016e+02 9.878572172615679549e+36 1.008945460113790003e+06
1.821155124700744636e+02 9.693151874375709723e+36 1.008917211419009953e+06
1.846105323394876905e+02 9.519471248899710431e+36 1.008891412897170056e+06
1.869994904841150856e+02 9.344478381614040072e+36 1.008867423254180001e+06
1.893187321438017534e+02 9.166412944562059733e+36 1.008844699022709974e+06
1.916338608578662388e+02 8.980720011103149989e+36 1.008822509910849971e+06
1.941407743647723692e+02 8.765964905040639644e+36 1.008798862132000038e+06
1.978140472392115043e+02 8.413404300356509549e+36 1.008764542515709996e+06
2.013340547803818481e+02 8.126442438008820373e+36 1.008734045087830047e+06
2.047049537585990038e+02 7.844378615084379780e+36 1.008705803550360026e+06
2.079548489625740331e+02 7.569502772471799587e+36 1.008679380095359986e+06
2.110945404693047749e+02 7.303855118896529968e+36 1.008654578273389954e+06
2.141528984510659939e+02 7.044571932207860114e+36 1.008631035351410042e+06
2.171793450825498439e+02 6.785963263070579522e+36 1.008608216570290038e+06
2.203272927861544304e+02 6.511619816492389490e+36 1.008584833321579965e+06
2.244083198901207652e+02 6.139880083145319981e+36 1.008554749201430008e+06
2.323148447212879546e+02 5.413445927589330082e+36 1.008498114867600030e+06
2.401430141480523162e+02 4.741624711275849850e+36 1.008444249538030010e+06
2.482510950488212984e+02 4.073728869316989941e+36 1.008390493912630016e+06
2.564959069706383161e+02 3.448952203051699930e+36 1.008338346727479948e+06
2.649088814640708733e+02 2.891362484356870052e+36 1.008288728762289975e+06
