# time luminosity u_luminosity radius u_radius
-2.016904261437593959e+01 2.875898188161543249e+35 4.939367014488602720e+33 1.008275896403354709e+06 4.252561703863697318e+01
-1.891883716467418708e+01 2.912126291615400465e+35 4.833455158955931412e+33 1.008275923827556428e+06 4.227345198536482229e+01
-1.643092831977992319e+01 2.993285987434317352e+35 5.104794084039040818e+33 1.008276453162503662e+06 4.169889394604196298e+01
-1.593583445964031853e+01 3.011421438948352096e+35 5.238883315899581984e+33 1.008276733667667722e+06 4.158635826543901715e+01
-1.495059767797647510e+01 3.051628375599592225e+35 5.493016070493147003e+33 1.008277681870009284e+06 4.138596627496333724e+01
-1.298997648245131131e+01 3.141247175290094298e+35 6.165756716495346382e+33 1.008280921956073260e+06 4.109367018190082632e+01
-1.277233773341868073e+01 3.152682646332215793e+35 6.268331573594749013e+33 1.008281440682853805e+06 4.112211153886947557e+01
-1.233923662285087630e+01 3.175884670184914471e+35 6.486983177879021214e+33 1.008282618239150033e+06 4.115344173005130557e+01
-1.147736541283666156e+01 3.229297070888527194e+35 6.956932863001930970e+33 1.008286150405706721e+06 4.153155655149056713e+01
-1.134927885376964696e+01 3.238313483220701798e+35 7.080412058723091454e+33 1.008286815022436669e+06 4.158977545566216349e+01
-1.109438660123851150e+01 3.256525411988905399e+35 7.364435895695604610e+33 1.008288324515235960e+06 4.178382656632015113e+01
-1.058715101869893260e+01 3.295177797150671424e+35 7.885059528056995893e+33 1.008291807064955938e+06 4.226958992822131478e+01
-9.841836034727748483e+00 3.365444364884198220e+35 8.661388086027962854e+33 1.008299909980459255e+06 4.388064149488170074e+01
-9.768063625291688368e+00 3.374175440795775552e+35 8.628178457853035090e+33 1.008301002265553339e+06 4.419214761260592184e+01
-9.621256530532264151e+00 3.392252037228146961e+35 8.626410035701031531e+33 1.008303455970488722e+06 4.488361623861396055e+01
-9.335110534098930657e+00 3.432275299245311532e+35 9.039887096408668910e+33 1.008310403378263349e+06 4.830765628610713947e+01
-9.022589300220715813e+00 7.463031940630615986e+35 1.383019508250665095e+36 1.008332057935814839e+06 7.935959624503075815e+01
-8.673917154999799095e+00 3.197176348078171003e+36 2.757277094068897535e+36 1.008429020299754338e+06 1.431007051539276631e+02
-8.534346729298704304e+00 3.811897534047763746e+36 3.494480849013754285e+36 1.008480008809846127e+06 1.614114781996456998e+02
-8.526138585730222985e+00 3.753892397607294478e+36 3.364789705734353019e+36 1.008482629280595691e+06 1.625382872673905581e+02
-8.509804380038985983e+00 3.598009613225102135e+36 2.998289281471348740e+36 1.008488233858504449e+06 1.642025993587038499e+02
-8.477299310703529045e+00 4.561155309613731776e+36 3.989576358080033314e+36 1.008506143632248626e+06 1.619039155158829146e+02
-8.472521221701754257e+00 4.816373772392686535e+36 4.776518770163282866e+36 1.008508416105294367e+06 1.621533239675970890e+02
-8.463012824591714889e+00 4.917146451870098850e+36 5.207759185240713043e+36 1.008512517382153193e+06 1.629873003763937902e+02
-8.444091114346520044e+00 4.347465688653439712e+36 3.717545020609789268e+36 1.008519669459016761e+06 1.652498668367282164e+02
-8.408317412118776701e+00 3.785362915503125556e+36 2.531080509959740525e+36 1.008531820177276968e+06 1.701734268696350227e+02
-8.383366499649127945e+00 3.643736496631585658e+36 2.324607691239793623e+36 1.008540048154958175e+06 1.735767581901911285e+02
-8.364395186523324810e+00 3.583278334972555211e+36 2.258329764359424587e+36 1.008546385139112826e+06 1.759853746132353933e+02
-8.348057973824325018e+00 3.565383630398027167e+36 2.229344386710441284e+36 1.008552108193722321e+06 1.777913307928283757e+02
-8.346815928409341723e+00 3.562103436871518633e+36 2.232989810161133772e+36 1.008552561493468122e+06 1.779075821671620758e+02
-8.344344258046476170e+00 3.561322150681671854e+36 2.232072472465381814e+36 1.008553466647860478e+06 1.781347046292601988e+02
-8.339425634025246836e+00 3.560408251031035720e+36 2.227267685350990335e+36 1.008555349187004846e+06 1.785046954118432154e+02
-8.330954811623087153e+00 3.556657215570539506e+36 2.225848119915563708e+36 1.008559125074185664e+06 1.785354017486615703e+02
-8.328931878204457462e+00 3.556767249802944067e+36 2.225234773936857609e+36 1.008560128001750913e+06 1.784334357491700587e+02
-8.326184376128367148e+00 3.559579583426668296e+36 2.225118326369908200e+36 1.008561568822905538e+06 1.782134666614348930e+02
-8.321120896245702170e+00 3.565971104738614541e+36 2.227160683384343942e+36 1.008564565240896656e+06 1.774693980693959077e+02
-8.314978535607224330e+00 3.574495107418723208e+36 2.229355970874228899e+36 1.008568789033016888e+06 1.760539847378068430e+02
-8.310585073195397854e+00 3.580391568020252830e+36 2.230528424404070277e+36 1.008572022726201802e+06 1.749011617067998827e+02
-8.306978136504767463e+00 3.585121190828656120e+36 2.232017558015035427e+36 1.008575175706402515e+06 1.735260023006962058e+02
-8.304856405593454838e+00 3.585946549611567325e+36 2.238532612334525162e+36 1.008576941214667051e+06 1.727596727450292917e+02
-8.304194974145502783e+00 3.588027726927337376e+36 2.237931480488677810e+36 1.008577479282867280e+06 1.725308342408873727e+02
-8.303875320954830386e+00 3.590024696379117355e+36 2.236207880455480474e+36 1.008577740876795258e+06 1.724196255018914883e+02
-8.303321651983424090e+00 3.593661395879330758e+36 2.232999060074988242e+36 1.008578190486844163e+06 1.722270696648697026e+02
-8.302219850724213757e+00 3.727066820099982066e+36 2.088082291498845281e+36 1.008579085969090695e+06 1.718277008834427875e+02
-8.301272719618282281e+00 3.875686819698852904e+36 2.037421674063921893e+36 1.008579864694848773e+06 1.714703288984854623e+02
-8.300656040883040987e+00 4.097058787754205340e+36 2.192379784664739053e+36 1.008580368597274530e+06 1.712358021033289504e+02
-8.299907152933883481e+00 4.369231007423895488e+36 2.685453647226707850e+36 1.008580990203626920e+06 1.709319459644067649e+02
-8.299252208409598097e+00 4.607880186858229148e+36 3.281734812557742485e+36 1.008581542677780380e+06 1.706532652419446947e+02
-8.298636138191795908e+00 4.666444460929023451e+36 3.440612322995527020e+36 1.008582069011335494e+06 1.703824240900314066e+02
-8.298050388912088238e+00 4.752447763386218579e+36 3.681565924642221783e+36 1.008582596866766689e+06 1.700830641744352079e+02
-8.297486680545262061e+00 5.079091757134078450e+36 4.662190330102835915e+36 1.008583113587652217e+06 1.697808731429792317e+02
-8.297133914122241549e+00 5.209137581567863200e+36 5.068792581705173421e+36 1.008583436719878460e+06 1.695928274647397416e+02
-8.296563346593757160e+00 5.107699096472375930e+36 4.745628347123124482e+36 1.008583962772059720e+06 1.692819874659155062e+02
-8.296038745727855712e+00 5.005576895466429357e+36 4.425616688019460447e+36 1.008584443703386816e+06 1.689979024213787682e+02
-8.295512499695178121e+00 4.972424183597684594e+36 4.320801388623245303e+36 1.008584920791796059e+06 1.687164862366945499e+02
-8.294977173834922723e+00 4.949318341450005212e+36 4.247266170730632480e+36 1.008585408775365562e+06 1.684268364890958196e+02
-8.294434413342969492e+00 4.925724515325558034e+36 4.173290019051236425e+36 1.008585921978139086e+06 1.681078799810504734e+02
-8.293897236202610657e+00 4.934474935055186644e+36 4.197023016502469796e+36 1.008586422339538927e+06 1.677990675709915251e+02
-8.293304105100105517e+00 4.956803078873622370e+36 4.260685858569136794e+36 1.008586972244274453e+06 1.674616179301517889e+02
-8.292683812120230868e+00 4.979448214426374764e+36 4.328306871933288676e+36 1.008587550798692973e+06 1.671066979570784952e+02
-8.292280760550056584e+00 4.993718236146163461e+36 4.372867086660076420e+36 1.008587931613303837e+06 1.668701423873941962e+02
-8.292103331536054611e+00 5.000226261181625284e+36 4.392276530331931220e+36 1.008588097108443151e+06 1.667691938959787024e+02
-8.291750247779418714e+00 5.016040138840375346e+36 4.438418837739504818e+36 1.008588427189066424e+06 1.665669299222835207e+02
-8.291167713905451819e+00 5.060711751693268297e+36 4.572260047076867979e+36 1.008588973726310302e+06 1.662261158842238729e+02
-8.290447877778206021e+00 5.115912714244389554e+36 4.738976295759498032e+36 1.008589658881252049e+06 1.657928628192850908e+02
-8.289672852974035777e+00 5.175389339425059857e+36 4.919948756701854554e+36 1.008590411610318813e+06 1.653080603567171067e+02
-8.288878155348356813e+00 5.336329458690310673e+36 5.425765034517199379e+36 1.008591217671208549e+06 1.647667284251260469e+02
-8.288050934628699906e+00 5.435729166982579285e+36 5.739781105965740809e+36 1.008592224978140672e+06 1.639803834298641050e+02
-8.287966815143590793e+00 5.400347678092243978e+36 5.624879567685899258e+36 1.008592326666778652e+06 1.639016132391028862e+02
-8.287939102432574145e+00 5.393663653081463317e+36 5.603125283337328484e+36 1.008592358131672489e+06 1.638782300747706984e+02
-8.287883954137214459e+00 5.380362466484385761e+36 5.559873771289398516e+36 1.008592419006605283e+06 1.638340199211344270e+02
-8.287774209034978412e+00 5.353893094585005760e+36 5.473964158740665915e+36 1.008592541549660033e+06 1.637440863759870524e+02
-8.287735011181212030e+00 5.344438981534525073e+36 5.443333096991599723e+36 1.008592585450155195e+06 1.637118148024507320e+02
-8.287657007444067858e+00 5.325625293768201772e+36 5.382463698094620464e+36 1.008592672002060805e+06 1.636487042710235471e+02
-8.287501780025195330e+00 5.288186062311975795e+36 5.261689653239868056e+36 1.008592843323996058e+06 1.635244716519128190e+02
-8.287192877454799600e+00 5.235702495244201027e+36 5.092575014702383763e+36 1.008593182808161830e+06 1.632790548748387209e+02
-8.286578161336365156e+00 5.196200611908969726e+36 4.963259200885308069e+36 1.008593865456294734e+06 1.627809495868759200e+02
-8.286372187445522286e+00 5.182964649993563157e+36 4.920086891410463913e+36 1.008594098223189358e+06 1.626092722922595328e+02
-8.286301255007856525e+00 5.178406503440704970e+36 4.905238417991671943e+36 1.008594178635839606e+06 1.625498556730319137e+02
-8.286160099451080896e+00 5.169335793902489315e+36 4.875719474220350940e+36 1.008594336995935650e+06 1.624339151537212445e+02
-8.285879199887858704e+00 5.154728666689685746e+36 4.827885196244528322e+36 1.008594651893547038e+06 1.622030158610268984e+02
-8.285777584445895627e+00 5.150988614494288200e+36 4.815443365888540365e+36 1.008594766690401942e+06 1.621180208100214770e+02
-8.285575369722209871e+00 5.143545912781840740e+36 4.790706718733277511e+36 1.008594992716962937e+06 1.619522988459532655e+02
-8.285172962438082322e+00 5.128734930422684571e+36 4.741571913454716720e+36 1.008595449690652778e+06 1.616136932957383578e+02
-8.285028188096475787e+00 5.123406372069401360e+36 4.723924893086764780e+36 1.008595615286292508e+06 1.614906604973098467e+02
-8.284740087168756872e+00 5.112802137942854639e+36 4.688856376145986248e+36 1.008595937175279250e+06 1.612565748471337770e+02
-8.284166766316047870e+00 5.091699561550526765e+36 4.619267923263985623e+36 1.008596581641065655e+06 1.607875083507361467e+02
-8.283964221685891971e+00 5.084244373790867348e+36 4.594748183394672579e+36 1.008596811077498016e+06 1.606203064327752941e+02
-8.283890671402332373e+00 5.081537161434957000e+36 4.585852847494229249e+36 1.008596894807738136e+06 1.605591085682519576e+02
-8.283744306332664564e+00 5.076149811003785998e+36 4.568164825114810600e+36 1.008597059752783272e+06 1.604396243669068838e+02
-8.283453039854066446e+00 5.065428986193364910e+36 4.533020648521051935e+36 1.008597386406749487e+06 1.602045015676213211e+02
-8.282873419564566575e+00 5.044184897109249129e+36 4.463585070410363628e+36 1.008598025562942610e+06 1.597487222894513934e+02
-8.282660588403814472e+00 5.036388146335740216e+36 4.438177224380876447e+36 1.008598260383835062e+06 1.595818202087779412e+02
-8.282237054401775822e+00 5.020872618999674390e+36 4.387741531947523336e+36 1.008598721497159568e+06 1.592588365142844680e+02
-8.281394221732625738e+00 4.989996744542617108e+36 4.287893620360504936e+36 1.008599636026938213e+06 1.586247972081920636e+02
-8.281090036049135961e+00 4.978853404458762324e+36 4.252034732726103895e+36 1.008599979082492879e+06 1.583808193499283732e+02
-8.280976324895163998e+00 4.974687798312051616e+36 4.238654865332214912e+36 1.008600109575800481e+06 1.582869316421081010e+02
-8.280750039717531763e+00 4.966398296450335396e+36 4.212070030571653387e+36 1.008600364149191533e+06 1.581070326350002517e+02
-8.280299732199637219e+00 4.950041023408362047e+36 4.159748587993378873e+36 1.008600842344753211e+06 1.577866551158321613e+02
-8.279403620239463635e+00 4.919709701560261333e+36 4.062627540197661212e+36 1.008601845513300854e+06 1.570846562465787599e+02
-8.279067486524581909e+00 4.908344078130194547e+36 4.026402218558146063e+36 1.008602207462551189e+06 1.568419468735719988e+02
-8.278398580441717058e+00 4.886082932102933245e+36 3.954669924551674608e+36 1.008602910186330322e+06 1.563842101262766278e+02
-8.277067457325756550e+00 4.849350969391374695e+36 3.806261608206434835e+36 1.008604279368332122e+06 1.555210061133844590e+02
-8.276580597259453498e+00 5.070993971455067867e+36 3.572264694091021441e+36 1.008604771808553254e+06 1.552164972646659749e+02
-8.276394306842121296e+00 5.076458155749854167e+36 3.550776513154779715e+36 1.008604959576748079e+06 1.551013084437394127e+02
-8.276023588914540596e+00 5.072620438709577613e+36 3.514464836840023060e+36 1.008605329862608458e+06 1.548770274577799739e+02
-8.275285860232543200e+00 5.063943738154998108e+36 3.443383575893903085e+36 1.008606046636776533e+06 1.544584924488109152e+02
-8.273817780151148327e+00 5.343960815477262601e+36 3.386469329563547309e+36 1.008607446943973540e+06 1.536687939845452604e+02
-8.271551854195422493e+00 5.890761576076496271e+36 4.243523656448884857e+36 1.008609509263284737e+06 1.525814989682889120e+02
-8.270737259153975174e+00 6.384338413523091182e+36 5.569143168261361626e+36 1.008610242055273382e+06 1.522078170614514647e+02
-8.270426045142812654e+00 6.093578956913852851e+36 4.766963779892687568e+36 1.008610519832416787e+06 1.520685951719361526e+02
-8.269806729280389845e+00 5.990971549523411754e+36 4.507365145036165300e+36 1.008611057880952372e+06 1.518085600766880532e+02
-8.268574290705146268e+00 5.982837898186689182e+36 4.501723875951224471e+36 1.008612102153348271e+06 1.513238321137258993e+02
-8.266121737935463898e+00 6.313075734395736203e+36 5.398301164041806964e+36 1.008614135947920848e+06 1.504296553921479926e+02
-8.265202767550363205e+00 6.390717510610557596e+36 4.984426266936099724e+36 1.008614872144613531e+06 1.501263869078577784e+02
-8.263374016489251517e+00 7.268294663920700127e+36 5.168168530306131634e+36 1.008616306970869657e+06 1.495687477902127966e+02
-8.260579319670796394e+00 7.271341984546025301e+36 5.220879048873793321e+36 1.008618404188990826e+06 1.488336476816104437e+02
-8.257653243854292668e+00 7.917081046707915844e+36 6.628967850721854185e+36 1.008620520987535012e+06 1.481666001359941163e+02
-8.256570410507265478e+00 7.922638233343837581e+36 6.704627578435761760e+36 1.008621286793441977e+06 1.479414350360919457e+02
-8.254415572140715085e+00 7.800319914816982911e+36 6.408164562208668819e+36 1.008622762919113273e+06 1.475471915676630488e+02
-8.253550346445990726e+00 7.776069144273225041e+36 6.367287507792785571e+36 1.008623349457078497e+06 1.473973761059149297e+02
-8.251828547319746576e+00 7.672531416660452122e+36 6.181563878703906201e+36 1.008624483173723100e+06 1.471329997434069980e+02
-8.248444835364352912e+00 7.621630275410441427e+36 6.170733981881870359e+36 1.008626656014980632e+06 1.466811896225185876e+02
-8.244911913498071954e+00 7.518169807801393431e+36 6.043181278953891686e+36 1.008628832074863254e+06 1.463108590426570288e+02
-8.241164057297282852e+00 7.230477850261745522e+36 5.412965270966152980e+36 1.008631067196228658e+06 1.459994242867431353e+02
-8.237186752143315971e+00 6.972303696710253003e+36 4.850528894858122157e+36 1.008633350042717531e+06 1.457634754452832340e+02
-8.232990688265999779e+00 6.732062124490582914e+36 4.324681065507799709e+36 1.008635680381046725e+06 1.455908119572018222e+02
-8.228542821176233701e+00 6.519821055331659130e+36 3.864129093969916333e+36 1.008638069622942479e+06 1.454840402528779748e+02
-8.223813579999841750e+00 6.331208439632213677e+36 3.457710120014687155e+36 1.008640551477323519e+06 1.454248707838315227e+02
-8.218823976334533654e+00 6.163663132426253043e+36 3.115036417453194631e+36 1.008643113008020446e+06 1.454133144713440231e+02
-8.213525403160019778e+00 6.017455422764300154e+36 2.822028633834271221e+36 1.008645769386188360e+06 1.454567409667478728e+02
-8.207901673391461372e+00 5.890536134624819575e+36 2.573035726941345166e+36 1.008648530200544745e+06 1.455578335492018880e+02
-8.201946573521126993e+00 5.779809453656718853e+36 2.366452770195145087e+36 1.008651401455992716e+06 1.457113173958230732e+02
-8.195594398275716230e+00 5.679094649115380048e+36 2.192148379975460888e+36 1.008654420445895521e+06 1.459181154378480301e+02
-8.188868358454783447e+00 5.595966046906452786e+36 2.052650653257714712e+36 1.008657593824392185e+06 1.461750445324321106e+02
-8.181700129702221602e+00 5.531696779352783114e+36 1.939081920229805193e+36 1.008660966889637872e+06 1.464527397944243035e+02
-8.174069258879171684e+00 5.490856760116882755e+36 1.856112866269949377e+36 1.008664541187621420e+06 1.467777976768942381e+02
-8.165935681754490361e+00 5.464885894100155545e+36 1.798943080502654774e+36 1.008668340849767672e+06 1.471337658198671079e+02
-8.157242334928014316e+00 5.443425764054909876e+36 1.753654005164505356e+36 1.008672394112735288e+06 1.474738419139444829e+02
-8.147961441398365423e+00 5.429030443991561425e+36 1.721288085807894325e+36 1.008676720523716649e+06 1.478338832332810853e+02
-8.138016307435464114e+00 5.425338787198718619e+36 1.702223891956592200e+36 1.008681418250881601e+06 1.480693703332859741e+02
-8.127362928658840246e+00 5.445749312027604168e+36 1.696335670130806333e+36 1.008686512265741709e+06 1.481951710073136042e+02
-8.115930541927809827e+00 5.480281009538725394e+36 1.700501680153001293e+36 1.008692294250568608e+06 1.475775225975409626e+02
-8.103616085558314808e+00 5.519009095645114399e+36 1.708783153469420316e+36 1.008700021780252689e+06 1.433909211618598931e+02
-8.090387997726793401e+00 5.556191445021302851e+36 1.717252526243251728e+36 1.008710288912027841e+06 1.346932352886014428e+02
-8.076102721359347925e+00 6.719896499523525667e+36 2.459524162878384672e+36 1.008720443766551092e+06 1.280136578813288395e+02
-8.060657134614302777e+00 7.296023321539364862e+36 4.059966962002260256e+36 1.008730174752295250e+06 1.237841882400102520e+02
-8.043969338192255236e+00 6.956729595748447675e+36 2.719844408305515588e+36 1.008739736191317206e+06 1.212785127096551747e+02
-8.026242959909723140e+00 6.720315668342836547e+36 1.626386513638067030e+36 1.008749363139135530e+06 1.197053401174362222e+02
-8.006629694558796473e+00 6.615181617595566884e+36 1.092642786318865226e+36 1.008759651930360589e+06 1.186661376348684342e+02
-7.988309674503398128e+00 6.621417760076913771e+36 9.378395382690860223e+35 1.008769115326393512e+06 1.180133578083667913e+02
-7.969721212692093104e+00 6.644012705883332442e+36 9.638267875698393833e+35 1.008778687570655253e+06 1.175038352280087253e+02
-7.950327612910768948e+00 6.704644718985046251e+36 1.020845724460332399e+36 1.008788647247577086e+06 1.170463373432807543e+02
-7.929816463714814745e+00 6.860090946680134918e+36 1.042681345824888297e+36 1.008799188997592311e+06 1.166302530490962255e+02
-7.907870418886886910e+00 7.063931090310155230e+36 1.042801564332854350e+36 1.008810517920448212e+06 1.161320142448116286e+02
-7.883860006040777080e+00 7.237035797764789122e+36 1.098124366082817911e+36 1.008823009083431214e+06 1.155417926442026442e+02
-7.857733666038257070e+00 7.481106518799880963e+36 1.114504415111553240e+36 1.008836669802275370e+06 1.148793463696747779e+02
-7.829713786486536264e+00 7.727622661581841558e+36 1.154696097022560553e+36 1.008851407933030510e+06 1.141225212907152127e+02
-7.800173170078778639e+00 7.977967963762746105e+36 1.211669531857980699e+36 1.008867024955861270e+06 1.133178722992824561e+02
-7.770979064822313376e+00 8.295046528310378528e+36 1.215200074985521146e+36 1.008882529650383745e+06 1.124908194579327017e+02
-7.742949856372433715e+00 8.532987307991860716e+36 1.278004554873540248e+36 1.008897464035336976e+06 1.116863350555782546e+02
-7.716155199377681129e+00 8.864081802205515616e+36 1.222534182479742601e+36 1.008911782566368580e+06 1.109180075120246300e+02
-7.690051463214331307e+00 9.115507644954493506e+36 1.248720306928720333e+36 1.008925751753113116e+06 1.101457627498407703e+02
-7.664448198818718083e+00 9.409621081584605904e+36 1.232192355342254846e+36 1.008939483409351320e+06 1.093745864232026719e+02
-7.639068318647332489e+00 9.666146840292378357e+36 1.259822889246540710e+36 1.008953115937177092e+06 1.086048304830022460e+02
-7.614110272697871551e+00 9.938680957107895193e+36 1.273748076882685364e+36 1.008966505229798844e+06 1.078350785024383640e+02
-7.589213260333053768e+00 1.024175528882601795e+37 1.265454375100573152e+36 1.008979859739694977e+06 1.070584556514119328e+02
-7.564007598411990330e+00 1.053329989372378601e+37 1.265683614943862954e+36 1.008993368749581976e+06 1.062878628947249524e+02
-7.538301055639749393e+00 1.083139096953145744e+37 1.278525513000536983e+36 1.009007115105955163e+06 1.055003331253376047e+02
-7.510118477963260375e+00 1.116661244675179875e+37 1.290532002178615549e+36 1.009022152583007934e+06 1.046483974387847553e+02
-7.479073410824639723e+00 1.154120556505369503e+37 1.304997497685082601e+36 1.009038680381539511e+06 1.037395897195009411e+02
-7.444634864135878161e+00 1.196452808271053056e+37 1.323875981040992953e+36 1.009056941996851820e+06 1.027524521537004034e+02
-7.406199673772789538e+00 1.244693300686984814e+37 1.345704922889539953e+36 1.009077236093628337e+06 1.017132347610044008e+02
-7.359976355772232637e+00 1.304124247511588899e+37 1.376006455055053002e+36 1.009101485889636213e+06 1.005390013487810705e+02
-7.301408907456789166e+00 1.381515129063263031e+37 1.419842581688871484e+36 1.009131965683645336e+06 9.923995937363950759e+01
-7.241501658121705987e+00 1.463148529080247728e+37 1.471693210154027713e+36 1.009162827571108239e+06 9.812817403743537170e+01
-7.180179250732180662e+00 1.549601405459065144e+37 1.530382808482423037e+36 1.009194045659701223e+06 9.719713798007691707e+01
-7.117613575435825624e+00 1.640491152664654193e+37 1.594725215545757380e+36 1.009225522838591482e+06 9.648106879669279579e+01
-7.053958448203047737e+00 1.735658679808854247e+37 1.663002393292135633e+36 1.009257142794974730e+06 9.599433659372222394e+01
-6.989340772663126700e+00 1.834903931064433682e+37 1.733452468747743055e+36 1.009288803444355959e+06 9.574314411695493732e+01
-6.923856456764042377e+00 1.937949992973499365e+37 1.804905383848680976e+36 1.009320403884543572e+06 9.571079024126400725e+01
-6.857570658146869391e+00 2.044305318539722475e+37 1.876937309875021551e+36 1.009351891473132069e+06 9.590798856463466393e+01
-6.790520041962736286e+00 2.153470905440373170e+37 1.949701042769103306e+36 1.009383223627617699e+06 9.633810771532952799e+01
-6.722764319827547297e+00 2.264921057508943636e+37 2.023413938178423536e+36 1.009414342881665449e+06 9.700361015659926522e+01
-6.654331233905395493e+00 2.378320756799275985e+37 2.096836367221904889e+36 1.009445190869637881e+06 9.787867745427296029e+01
-6.585198794244206510e+00 2.493275829084145780e+37 2.169854962826369725e+36 1.009475773749579559e+06 9.896998660671138737e+01
-6.515382832716568373e+00 2.609410858130360700e+37 2.241881563222848294e+36 1.009506048673214391e+06 1.002638845909519603e+02
-6.444887897654552944e+00 2.726431580686354488e+37 2.312327770808298929e+36 1.009536002291882411e+06 1.017357959123716995e+02
-6.373664724145783111e+00 2.844249078370950422e+37 2.380904381141342379e+36 1.009565663256838685e+06 1.033737315047449101e+02
-6.301753646344877779e+00 2.962623474857066505e+37 2.447592251033773201e+36 1.009595025817785296e+06 1.051736693816904022e+02
-6.229081175712053664e+00 3.081563985883769446e+37 2.512103201958709705e+36 1.009624120568584069e+06 1.071144308643770557e+02
-6.155695882131112739e+00 3.200965065227368893e+37 2.573835136850153542e+36 1.009652940288366633e+06 1.091741083694823686e+02
-6.081558590434724465e+00 3.320859926133594653e+37 2.632999283248059582e+36 1.009681521507307654e+06 1.113475776949879616e+02
-6.006685041153104976e+00 3.441229905882915400e+37 2.689467132590120011e+36 1.009709869512103731e+06 1.136136685851687247e+02
-5.931053274689475074e+00 3.562235423295423624e+37 2.743332598259936505e+36 1.009738032394875074e+06 1.159600612410673506e+02
-5.854620783924474381e+00 3.684004346135976273e+37 2.794907750514022817e+36 1.009766053531753365e+06 1.183718937016444102e+02
-5.777415345975896344e+00 3.806557853860983576e+37 2.845264974671299477e+36 1.009793959820163553e+06 1.208505394012104404e+02
-5.699431919711059891e+00 3.930056399628715416e+37 2.894493711010284666e+36 1.009821792836319190e+06 1.233842618825120354e+02
-5.620652636411250569e+00 4.054739436828670593e+37 2.942707636587676265e+36 1.009849591474870918e+06 1.259591676317622273e+02
-5.541068219885346480e+00 4.180793746148472703e+37 2.990505261092693952e+36 1.009877391350469901e+06 1.285660212397748126e+02
-5.460709576815133914e+00 4.308293004331947466e+37 3.039305813351769776e+36 1.009905210875970428e+06 1.312056038133233073e+02
-5.379585440925438888e+00 4.437341265848086794e+37 3.089348824549791741e+36 1.009933090117500629e+06 1.338769962023554285e+02
-5.297698773443698883e+00 4.567997432823835486e+37 3.140661087135504684e+36 1.009961048995365272e+06 1.365602469904619625e+02
-5.215057339621125720e+00 4.700400327619846649e+37 3.193790384381482061e+36 1.009989120659126551e+06 1.392577201559861351e+02
-5.131672458621324040e+00 4.834843796700991353e+37 3.250074181844447231e+36 1.010017325643524993e+06 1.419635734920736923e+02
-5.047557983562001027e+00 4.971307603014227959e+37 3.309703046182631421e+36 1.010045686567610945e+06 1.446766802579496982e+02
-4.962729276041500270e+00 5.109692221350800816e+37 3.371724415757207657e+36 1.010074209451544215e+06 1.473823811261981973e+02
-4.877202330404543318e+00 5.250117822535127973e+37 3.436787045158017790e+36 1.010102906544254045e+06 1.500895790569238386e+02
-4.790993121612700634e+00 5.392596780845804821e+37 3.505995946824716656e+36 1.010131783967490774e+06 1.528013389123847787e+02
-4.704116899723885581e+00 5.537084686305604930e+37 3.579388928018273039e+36 1.010160832592765917e+06 1.555031996833986909e+02
-4.616585999945527874e+00 5.683463389992869938e+37 3.657300140472431746e+36 1.010190052935038344e+06 1.582044398124633631e+02
-4.528410584171069786e+00 5.831674215207040901e+37 3.740501541940943756e+36 1.010219435157047701e+06 1.609058964862377366e+02
-4.439620688252034597e+00 5.981499328863439231e+37 3.828367281199158481e+36 1.010248958231239114e+06 1.636074387580829068e+02
-4.350215346421464346e+00 6.132747897995031981e+37 3.921757441316999034e+36 1.010278590571769746e+06 1.662961492006857327e+02
-4.260186963962041773e+00 6.285352894736217419e+37 4.020314881806423478e+36 1.010308305234589963e+06 1.690014736845909908e+02
-4.169553434956469573e+00 6.439104164461127659e+37 4.123548784916712509e+36 1.010338080696452991e+06 1.717248285966470291e+02
-4.078328336676349863e+00 6.593568523469146813e+37 4.231589201114778988e+36 1.010367870455002529e+06 1.744381085079047011e+02
-3.986482312946463935e+00 6.748499747008899084e+37 4.343762538073778981e+36 1.010397661517063738e+06 1.771600409350608913e+02
-3.894047879119170830e+00 6.903711612114240695e+37 4.461971442431244825e+36 1.010427404313730192e+06 1.798955661771887264e+02
-3.800992571894312277e+00 7.058764311070291629e+37 4.584809863151821174e+36 1.010457036412632675e+06 1.826283309070144867e+02
-3.707326261181151494e+00 7.213134550175917818e+37 4.706619190668415220e+36 1.010486544133578311e+06 1.854109250038431753e+02
-3.613015265116700903e+00 7.366676133383138120e+37 4.834132274301896221e+36 1.010515827394141117e+06 1.882189956806907674e+02
-3.518073160914354958e+00 7.519319426701402348e+37 4.965580738986204552e+36 1.010544859050357598e+06 1.910797001835863966e+02
-3.422455019346671179e+00 7.670794756009179762e+37 5.100661889001832950e+36 1.010573571620873874e+06 1.940533205657073381e+02
-3.326167468112544157e+00 7.820533675633257787e+37 5.240524586922923815e+36 1.010601894011157681e+06 1.970653924089205020e+02
-3.229182696275529452e+00 7.968055455401146274e+37 5.381110062957088122e+36 1.010629855068881880e+06 2.001012374303757895e+02
-3.131441639838158153e+00 8.113068554705969325e+37 5.525205328859228437e+36 1.010657410487766727e+06 2.031415368644769330e+02
-3.036607152665965259e+00 8.249961230526190691e+37 5.667269268471350859e+36 1.010683456513043959e+06 2.060482289232821245e+02
-2.949554265986080281e+00 8.372352624521089720e+37 5.791763004531096125e+36 1.010706779865917866e+06 2.087198385086465180e+02
-2.869568703579716384e+00 8.481617609167505696e+37 5.904484796821737460e+36 1.010727665365122375e+06 2.111404432668639117e+02
-2.795985268981894478e+00 8.579721021260322280e+37 6.008579223226391530e+36 1.010746393629466067e+06 2.133682034603223201e+02
-2.728239887132076547e+00 8.667817849668756016e+37 6.104043847815776379e+36 1.010763236221500207e+06 2.154043257658252912e+02
-2.664139545217039995e+00 8.749160787725511514e+37 6.192874684255743440e+36 1.010778824109315756e+06 2.173340554348427531e+02
-2.599669448536587879e+00 8.828685813717966515e+37 6.280272114077609394e+36 1.010794088698709384e+06 2.192395729577787336e+02
-2.512594038475072011e+00 8.932719651074878866e+37 6.395632442821780227e+36 1.010814108279556734e+06 2.217943506198775196e+02
-2.409766154421959072e+00 9.050529670352215043e+37 6.526166854090199346e+36 1.010836841596749495e+06 2.247963959042718329e+02
-2.309227801059023477e+00 9.160450065667698806e+37 6.650970253675627106e+36 1.010858058430267265e+06 2.276734915609885093e+02
-2.216264702685293742e+00 9.257434580648181619e+37 6.759327652449715968e+36 1.010876837454958586e+06 2.303291704650356735e+02
-2.130509197188075632e+00 9.342310242321491348e+37 6.860140056995647251e+36 1.010893354522061767e+06 2.327312474343036968e+02
-2.051447221150738187e+00 9.417624767938195004e+37 6.947560969170608767e+36 1.010907979180576513e+06 2.349267255111795407e+02
-1.977988866434316151e+00 9.484977924458741152e+37 7.030251686758383688e+36 1.010920982546692481e+06 2.368695011915103805e+02
-1.907397263988968916e+00 9.548672295940799806e+37 7.130102088921877110e+36 1.010932525509621715e+06 2.393718957280845530e+02
-1.832817054440965876e+00 9.604452240423236971e+37 7.101605615515452062e+36 1.011016848631290137e+06 2.799612068538158383e+02
-1.722224361554253846e+00 9.677993269886248037e+37 7.021173355436670204e+36 1.011076481869703624e+06 3.863552284826573100e+02
-1.610660075471969321e+00 9.750342498655911901e+37 7.016148987550629401e+36 1.011112007414451567e+06 4.433966733653575716e+02
-1.497217122319852933e+00 9.821852390078172021e+37 7.063334240744884163e+36 1.011143319013843313e+06 4.930842888470799608e+02
-1.381887156065204181e+00 9.889800682213959185e+37 7.132152275510017744e+36 1.011171612140035490e+06 5.380926781566241743e+02
-1.264591936473152600e+00 9.953721739253430465e+37 7.206164042530678610e+36 1.011197180565926479e+06 5.789577570904765480e+02
-1.155900882717105560e+00 1.000737929420745809e+38 7.274248197717773329e+36 1.011218296982555534e+06 6.131211535751998554e+02
-1.055493109131930396e+00 1.005194527037845449e+38 7.331276187540998898e+36 1.011235899557810160e+06 6.419409807065337645e+02
-9.628746955568203703e-01 1.008872238784697483e+38 7.378007536136262220e+36 1.011250572852071491e+06 6.666103317766609280e+02
-8.760508682171348482e-01 1.012000477741791850e+38 7.424093322248185879e+36 1.011263114842567127e+06 6.883430704812691374e+02
-7.923796997056342661e-01 1.014701955996828053e+38 7.463263238820045128e+36 1.011273924150340492e+06 7.076348706799933552e+02
-7.030007495923200622e-01 1.017256857821924459e+38 7.499057573739398022e+36 1.011284536922507221e+06 7.273096153559888535e+02
-6.154675561410840601e-01 1.019438078510731733e+38 7.531722217637493487e+36 1.011293926605427056e+06 7.455388105066530215e+02
-5.269260786299128085e-01 1.021317365648727059e+38 7.563364279197863244e+36 1.011302373463240103e+06 7.628333518747026574e+02
-4.049426611454691738e-01 1.023335880139477855e+38 7.595181537977713114e+36 1.011312238547657500e+06 7.846606272599111662e+02
-2.754557127918815240e-01 1.024870196282589468e+38 7.622346470254997895e+36 1.011320681242580409e+06 8.055702798309177979e+02
-1.392599824903300032e-01 1.025818568983643077e+38 7.640499028724212668e+36 1.011327439986919286e+06 8.252930892124685442e+02
0.000000000000000000e+00 1.026156375388923715e+38 7.649052244645876119e+36 1.011332235798000009e+06 8.431833263667800793e+02
1.425115060119424015e-01 1.025742058687060170e+38 7.649862244797584523e+36 1.011334538482395117e+06 8.583892943469187458e+02
2.884002671926282346e-01 1.024702136101428956e+38 7.636690161129987430e+36 1.011334743369562319e+06 8.712432823657222798e+02
4.378069471276830882e-01 1.023001288540183344e+38 7.620126101943846050e+36 1.011332669657205115e+06 8.816252815170491886e+02
5.908795428258599713e-01 1.020617676169303222e+38 7.599124340149891600e+36 1.011328313697275240e+06 8.893984239923443056e+02
7.477828083501663059e-01 1.017548770094755385e+38 7.567622087352120598e+36 1.011321553922424326e+06 8.944439248242094891e+02
8.974271002080058679e-01 1.014124058076109462e+38 7.525775791702690007e+36 1.011313198852791800e+06 8.966333447659144440e+02
1.035979275839054026e+00 1.010498499705266517e+38 7.486004549019448596e+36 1.011303768078793073e+06 8.964628804864296399e+02
1.163725974969565868e+00 1.006833248251313327e+38 7.441325052306091130e+36 1.011293679875912028e+06 8.940000899504087783e+02
1.283230876535526477e+00 1.003084821728289336e+38 7.395134519950795709e+36 1.011283124390348792e+06 8.903383593065665309e+02
1.396649373986292630e+00 9.993125331515788653e+37 7.339429241456521118e+36 1.011272433262354927e+06 8.859729248043943244e+02
1.512085984766599722e+00 9.952385970991099208e+37 7.286159805874494621e+36 1.011260471240311163e+06 8.796629868157164083e+02
1.638940877892309800e+00 9.905708921515849917e+37 7.227829584555955278e+36 1.011246572461982025e+06 8.718442163055447054e+02
1.758079064282355830e+00 9.860268616184206997e+37 7.171216468895389048e+36 1.011232798116764287e+06 8.634771721621941651e+02
1.877962214930448681e+00 9.812783680138340809e+37 7.112227020935868339e+36 1.011218203338271240e+06 8.538579806009385038e+02
2.039757769729476422e+00 9.746063169521747578e+37 7.028646311829639916e+36 1.011197566504901974e+06 8.394504014455179686e+02
2.189814379555173218e+00 9.682112040422074899e+37 6.946369329719614701e+36 1.011177533759335522e+06 8.246367437150371416e+02
2.329061714655836113e+00 9.620988137212399903e+37 6.868234337146809567e+36 1.011158265027345857e+06 8.098984151040410779e+02
2.459877761328243650e+00 9.562379996298393248e+37 6.788802419086706722e+36 1.011139727073919610e+06 7.953140395298448766e+02
2.587405727885197848e+00 9.504161738760462699e+37 6.710857918994567228e+36 1.011121267613514676e+06 7.805354154447315977e+02
2.734246483625611290e+00 9.436339061083633359e+37 6.621702758308075286e+36 1.011099659086541506e+06 7.629462359542588956e+02
2.908104215166531503e+00 9.354980039605681837e+37 6.512366578978286155e+36 1.011073722319946974e+06 7.415889465226608763e+02
3.068075513176154345e+00 9.279410890055444637e+37 6.410067491958203207e+36 1.011049653676071903e+06 7.217398117963182358e+02
3.217135863553266972e+00 9.208541719503473244e+37 6.313170821977861647e+36 1.011027173302864772e+06 7.032487158538424410e+02
3.357407182833412662e+00 9.141574572373792783e+37 6.220369895922812110e+36 1.011006035252964590e+06 6.859754084719052116e+02
3.496147207246394828e+00 9.075123580639619437e+37 6.127676009061730055e+36 1.010985226659703883e+06 6.691612070552339446e+02
3.670640162425115705e+00 8.991704247729696117e+37 6.013788820867518703e+36 1.010959199364407803e+06 6.483341660585803083e+02
3.867742229587747715e+00 8.898140542888329281e+37 5.889868618187650513e+36 1.010930163295743288e+06 6.255959515556035058e+02
4.048801805794937536e+00 8.812615152267809222e+37 5.777652732054224275e+36 1.010903942715838435e+06 6.056818888427681031e+02
4.215704170303069986e+00 8.734201146225689007e+37 5.680638179639248182e+36 1.010880238578451215e+06 5.881999232407547424e+02
4.371831847645808011e+00 8.661285956096470052e+37 5.591433511045231588e+36 1.010858351532835281e+06 5.723964837401686054e+02
4.521000134758651257e+00 8.592743938959032609e+37 5.511361137064203235e+36 1.010837871592387324e+06 5.580571386000203802e+02
4.680511440281406976e+00 8.520186702140170744e+37 5.427324882408500271e+36 1.010816398894720012e+06 5.434954374094339755e+02
4.920943024219013751e+00 8.411957105027570617e+37 5.306814812813587868e+36 1.010784838129167678e+06 5.228158693393627345e+02
5.139127310030744411e+00 8.316233627238591663e+37 5.204704575638127878e+36 1.010757009071144741e+06 5.050740730810184118e+02
5.340569228035747074e+00 8.229801739172173461e+37 5.116921369813927864e+36 1.010732309143755469e+06 4.904978327052770624e+02
5.526564126339508221e+00 8.151694858889614873e+37 5.038093945112939038e+36 1.010709980848941952e+06 4.774222883065731935e+02
5.698856068745953962e+00 8.081023740875499289e+37 4.968161479067362478e+36 1.010690005205324735e+06 4.664119499315505664e+02
5.861840797617333010e+00 8.015217114297217024e+37 4.902587970526793708e+36 1.010671404186347965e+06 4.561035432663521192e+02
6.027854413929162547e+00 7.949885934292521577e+37 4.837771997353143621e+36 1.010653170689654886e+06 4.467984658593250629e+02
6.317001432529650629e+00 7.838960391131618301e+37 4.724988759902431819e+36 1.010622252245784388e+06 4.310413894223261195e+02
6.558160820684861392e+00 7.750354475427027550e+37 4.635321291198591622e+36 1.010597571627936559e+06 4.190812160320687667e+02
6.800860968229244463e+00 7.663909928952167083e+37 4.546492065789497001e+36 1.010573687079123454e+06 4.080738395390335995e+02
7.023937892823596485e+00 7.587117384202919649e+37 4.468015340687233839e+36 1.010552463372310391e+06 3.985541676495174102e+02
7.229768169854651205e+00 7.518685273561898160e+37 4.397919516104726061e+36 1.010533558885293663e+06 3.902429028484125411e+02
7.419599996748729609e+00 7.457211929197226466e+37 4.336523366288413262e+36 1.010516672008987749e+06 3.832440288472624843e+02
7.597778139548609033e+00 7.401070986140053816e+37 4.276287940750565074e+36 1.010501267178356182e+06 3.769074604768117069e+02
7.773675672986428253e+00 7.347008460543606762e+37 4.219506270553810140e+36 1.010486440512507455e+06 3.708954272179034888e+02
8.010523565026232973e+00 7.276418295772172792e+37 4.147322339070576346e+36 1.010467100777180050e+06 3.633670201098955772e+02
8.253767160582356155e+00 7.206508396810029718e+37 4.081348964196362098e+36 1.010447920847001136e+06 3.561391611434770539e+02
8.542113478368264623e+00 7.126658692275717910e+37 4.006708035479002788e+36 1.010426062076788279e+06 3.481156672453476517e+02
8.820309133690898307e+00 7.052663473986791788e+37 3.940915335418949641e+36 1.010405790477555245e+06 3.408772557589726944e+02
9.075953716717776842e+00 6.986985551385517009e+37 3.886028145805424290e+36 1.010387879431395908e+06 3.346374831522790032e+02
9.311528202975750901e+00 6.928343771399766141e+37 3.846000542448882166e+36 1.010371823025908554e+06 3.291740734201768532e+02
9.528851071576355025e+00 6.876374260863780655e+37 3.808171109256344896e+36 1.010357526680996409e+06 3.243950613631740794e+02
9.730130042677046731e+00 6.829384648029982674e+37 3.778339940139369658e+36 1.010344605883443845e+06 3.200849460888483122e+02
9.920618290707352571e+00 6.785848979976673686e+37 3.751310366650654619e+36 1.010332668481217581e+06 3.162318588811226050e+02
1.011660412282799371e+01 6.742287816658022303e+37 3.719561252108837760e+36 1.010320677739266539e+06 3.123049219763294673e+02
1.050661592873802874e+01 6.658548541487330892e+37 3.666363408115666889e+36 1.010297646768893581e+06 3.049729193102067484e+02
1.076836893602740020e+01 6.605878743476355939e+37 3.643986965665183127e+36 1.010282838312271400e+06 3.004320069431444722e+02
1.112253260948637035e+01 6.536623063480022270e+37 3.610453369095300946e+36 1.010263438336117659e+06 2.945166529760502385e+02
1.156443633951130323e+01 6.454844346229893339e+37 3.576462924096236207e+36 1.010240321428370429e+06 2.876894619233358412e+02
1.215659582988882903e+01 6.353215692978232988e+37 3.539298398072399558e+36 1.010211075396166882e+06 2.793418466297621876e+02
1.283543711432139389e+01 6.245275394468362220e+37 3.501229469465522642e+36 1.010179592624539742e+06 2.706404616842227711e+02
1.356157193900435232e+01 6.138067504218026306e+37 3.452436292405404840e+36 1.010147984770264709e+06 2.621737380848420003e+02
1.427273177703318652e+01 6.040880395947605173e+37 3.398139872684756238e+36 1.010118762547755614e+06 2.544792072648682790e+02
1.491379130314453505e+01 5.957738191570878243e+37 3.331438469654434903e+36 1.010093660453376244e+06 2.479154886223464018e+02
1.549434751018998213e+01 5.885164425949260615e+37 3.265817455851583910e+36 1.010071703599530505e+06 2.422450972221638779e+02
1.602017335403070319e+01 5.821299780157341969e+37 3.206862614945548570e+36 1.010052404811834102e+06 2.373620694317974937e+02
1.649764065453200601e+01 5.764990714370696736e+37 3.153304083591534961e+36 1.010035330840042559e+06 2.331091419556182416e+02
1.693262398998194840e+01 5.715012844981260328e+37 3.119113452219530832e+36 1.010020111365133314e+06 2.294729808527963257e+02
1.733055155398324132e+01 5.670304515836712594e+37 3.093018259216109817e+36 1.010006449062612490e+06 2.263165766810232924e+02
1.769631922907137778e+01 5.629780182399980471e+37 3.073188576529863251e+36 1.009994129789117025e+06 2.235797355429678248e+02
1.803420885901141446e+01 5.592850537093568111e+37 3.057883352956913642e+36 1.009982900706570712e+06 2.211998460382278040e+02
1.834748504294839222e+01 5.558836838355112894e+37 3.044214043862287138e+36 1.009972634944552323e+06 2.190596480844274083e+02
1.863875473770895042e+01 5.516699353722385823e+37 3.008873216024027954e+36 1.010036728311421350e+06 2.787755530214781174e+02
1.870431355451000854e+01 5.507534584326569870e+37 3.007117708384387021e+36 1.010038181610789383e+06 2.870148630749168319e+02
1.883477559994207695e+01 5.491178397831530243e+37 3.005250163417515641e+36 1.010038624317495967e+06 2.980058813893835463e+02
1.909439507036586292e+01 5.462803373573455166e+37 2.997068225550570625e+36 1.010034890164254699e+06 3.088654473714041728e+02
1.935404715818003751e+01 5.436630478641133455e+37 2.985011233228227227e+36 1.010028974293902400e+06 3.140955097365024358e+02
1.971031582252180669e+01 5.400907165366653768e+37 2.970819487086209053e+36 1.010018988371039275e+06 3.162000797311230826e+02
2.000388787823612802e+01 5.369795810403884921e+37 2.951962985601027408e+36 1.010026498349353555e+06 3.068095259407768367e+02
2.039869681169511750e+01 5.327315158173946626e+37 2.927170630801893136e+36 1.010039815638566273e+06 3.113539148662703155e+02
2.091816674399888143e+01 5.271561402614919710e+37 2.897668997105975963e+36 1.010056979913552757e+06 3.524046234596274303e+02
2.166269812456448562e+01 5.201471816000355832e+37 2.826562269713308751e+36 1.010044545452015358e+06 3.699596451369878878e+02
2.238796573980653193e+01 5.134935665546635365e+37 2.761854725948350161e+36 1.010021560465982067e+06 3.652681707800892923e+02
2.304312397493049502e+01 5.074749088326886045e+37 2.691556351687319675e+36 1.010000448698844761e+06 3.594381028366188957e+02
2.363837279118888546e+01 5.021221282803989117e+37 2.639508021129334495e+36 1.009981160306143109e+06 3.533247527874114553e+02
2.418052489486581180e+01 4.972827121070875153e+37 2.596330670368894435e+36 1.009963832520394120e+06 3.477698772981621005e+02
2.467640302321524359e+01 4.929286973615654470e+37 2.554214380998254330e+36 1.009948119455163018e+06 3.426403327224890063e+02
2.513230837845185306e+01 4.890974518508054589e+37 2.531654966589930691e+36 1.009933922416771413e+06 3.379788753092968250e+02
2.555396530451253057e+01 4.845818271407118206e+37 2.553218724356196575e+36 1.009982528863745974e+06 3.381789403602170410e+02
2.594630330138897989e+01 4.809092620568713387e+37 2.565146297090189724e+36 1.009985471267283196e+06 3.555819260374964870e+02
2.631303262861911207e+01 4.779760087359302907e+37 2.541928559954978593e+36 1.009976918364254292e+06 3.567703479127351329e+02
2.665838460199302062e+01 4.752809306063185972e+37 2.520613140217551625e+36 1.009967487051030505e+06 3.555380695222096392e+02
2.699140234290098306e+01 4.727339994222931492e+37 2.502178524217329120e+36 1.009957821125624236e+06 3.532703230458857888e+02
2.733507392232422717e+01 4.701353110782755313e+37 2.482328857243755100e+36 1.009947628778347513e+06 3.503232420073601929e+02
2.801898036536294967e+01 4.643583032697398086e+37 2.352717376855989845e+36 1.009967739641231019e+06 3.367085463174132656e+02
2.843684403378574643e+01 4.607625785278153059e+37 2.263021081230293303e+36 1.009990875689120730e+06 3.729133605983808479e+02
2.915581907588057220e+01 4.555868667007711393e+37 2.239966296328076081e+36 1.009974049000377534e+06 3.749863444399325658e+02
3.029235174381756224e+01 4.476918613007383382e+37 2.232314361821133743e+36 1.009940872456299840e+06 3.662154119248831989e+02
3.133531680559099186e+01 4.404577698683739155e+37 2.206454775478422509e+36 1.009909687060305150e+06 3.555860681162266701e+02
3.227962952657253481e+01 4.339565613281094476e+37 2.191969284240631749e+36 1.009881953375275363e+06 3.459098561373738789e+02
3.313630878187541384e+01 4.281298310532108721e+37 2.173203457052056824e+36 1.009857356761794072e+06 3.372316980828185251e+02
3.391313160482968669e+01 4.228158234682753524e+37 2.161800159576356463e+36 1.009835456459693378e+06 3.295610758410313110e+02
3.461919156953808852e+01 4.181230957533372488e+37 2.151813152805330529e+36 1.009816028730704216e+06 3.229659265277952045e+02
3.526331204855523538e+01 4.138124446533600481e+37 2.137734583520822739e+36 1.009798559601205285e+06 3.171227459332387184e+02
3.585430295407422818e+01 4.098801043173426293e+37 2.116594666723445362e+36 1.009782889851600979e+06 3.120316982317708039e+02
3.640063677073339932e+01 4.064445671591280011e+37 2.102282728907131329e+36 1.009768733003849629e+06 3.073122820255331362e+02
3.691035708904382773e+01 4.032007402518744705e+37 2.080561149828392796e+36 1.009755690378320054e+06 3.030481110674926413e+02
3.739003091004269663e+01 4.002140618826958432e+37 2.059148877546499667e+36 1.009743656401338638e+06 2.991200156437323585e+02
3.784786575357429683e+01 3.974735851773332880e+37 2.040081560371884587e+36 1.009732413327720016e+06 2.953971518670859950e+02
3.829769665245839860e+01 3.948068155741259176e+37 2.021604085814069161e+36 1.009721501920085400e+06 2.918566098282512939e+02
3.877688705523905810e+01 3.919713409974183626e+37 2.002445039926255427e+36 1.009709982842660276e+06 2.881595090073365100e+02
3.932108530488039833e+01 3.888261442953472501e+37 1.979788178326722390e+36 1.009697149257404846e+06 2.839517400664907996e+02
3.983007931886822917e+01 3.859668747274583321e+37 1.961040710807512936e+36 1.009685355672337930e+06 2.800521431772905316e+02
4.031530471901351120e+01 3.832912275460320092e+37 1.939922702431881908e+36 1.009674265901691979e+06 2.764393608147158261e+02
4.079138085182057694e+01 3.806380028887336620e+37 1.922257649471939877e+36 1.009663491812138353e+06 2.729189830093416731e+02
4.128924504773749504e+01 3.778996941383710068e+37 1.906636079168348511e+36 1.009652339529258315e+06 2.693703605906285361e+02
4.220815297505760100e+01 3.729713610362721539e+37 1.868837422802758474e+36 1.009632182774476823e+06 2.630504109056610673e+02
4.284837986074853688e+01 3.695105379889561544e+37 1.857872083267849851e+36 1.009630195273051620e+06 2.486300325339055064e+02
4.412243136327015236e+01 3.622073493030598587e+37 1.873578161712217539e+36 1.009654712144716526e+06 2.731024163654632275e+02
4.605712918107747100e+01 3.521278026482783560e+37 1.705029087974133165e+36 1.009680981869539828e+06 2.746592495042332303e+02
4.779907086797174998e+01 3.443978128772654689e+37 1.669942472098549094e+36 1.009647042593296617e+06 2.698032315912485046e+02
4.937736876486451365e+01 3.367266211112751274e+37 1.560407993157212417e+36 1.009676151033255039e+06 2.723374244561295541e+02
5.081003382919880096e+01 3.309361292472652190e+37 1.555158728085973565e+36 1.009648502905391972e+06 2.687474013649844551e+02
5.210271324148925487e+01 3.257046074857841485e+37 1.550322737324433913e+36 1.009621427771125687e+06 2.610179105371075252e+02
5.326722347699978855e+01 3.207597985535817351e+37 1.539029519013079513e+36 1.009626112881005858e+06 2.379410647132700092e+02
5.431721119082067162e+01 3.163807903310244882e+37 1.518692526346208025e+36 1.009634483389137313e+06 2.585053091490795509e+02
5.526683102489914745e+01 3.128789562249844519e+37 1.508531038555459869e+36 1.009615894311969634e+06 2.546881959110583011e+02
5.613067724865686614e+01 3.097573231912584478e+37 1.495166738127056398e+36 1.009598709050158272e+06 2.502633168949063247e+02
5.692383779914234765e+01 3.069469334587949750e+37 1.481149632028248184e+36 1.009582986633735476e+06 2.459580480964030187e+02
5.766160574827517848e+01 3.043988231333987957e+37 1.473452327615872920e+36 1.009568599103193032e+06 2.420067838712845401e+02
5.835838162651634775e+01 3.020038407724212892e+37 1.468474801829615383e+36 1.009555255001705838e+06 2.383993382888781980e+02
5.903039054814144038e+01 2.996812133408934869e+37 1.465498326559091365e+36 1.009542487548642093e+06 2.349569601505589844e+02
5.970070099829172250e+01 2.973650148919692210e+37 1.461630963748742468e+36 1.009529879091644892e+06 2.315693586546288998e+02
6.037759701344475616e+01 2.950537293751216227e+37 1.463797690657148075e+36 1.009517368219628115e+06 2.282427676496144784e+02
6.106042897573206574e+01 2.927303433068107260e+37 1.470223875691202977e+36 1.009504943411566433e+06 2.249924850542189461e+02
6.179385733541857917e+01 2.898661025288273135e+37 1.482756388083277294e+36 1.009531368207077030e+06 2.302246848731199407e+02
6.267188588366843760e+01 2.867769614314453361e+37 1.479265485807101711e+36 1.009530377918969258e+06 2.502719225743859397e+02
6.364235293045931030e+01 2.834305025829120754e+37 1.510948292575674553e+36 1.009537560754009406e+06 2.207353519215510573e+02
6.557358235357969534e+01 2.769190881448399456e+37 1.525316364054440413e+36 1.009564767097701551e+06 1.955371187042628662e+02
6.888144416215072852e+01 2.673931611377638991e+37 1.425389934986282011e+36 1.009527431939298403e+06 2.024707335948649245e+02
7.186557597978389822e+01 2.593348316980448983e+37 1.342324921261685961e+36 1.009475126704206225e+06 1.916480476146640513e+02
7.456881229368445929e+01 2.523798614476859962e+37 1.307673225396006060e+36 1.009430419679587591e+06 1.824375786823584633e+02
7.700742461401387118e+01 2.464253166156821978e+37 1.298157967445480151e+36 1.009392240436974447e+06 1.746171278492550982e+02
7.920904211520974059e+01 2.411740146036065895e+37 1.298019609975207432e+36 1.009359175552068744e+06 1.678139248353588471e+02
8.119087150123959873e+01 2.366874192192139476e+37 1.310761428415115031e+36 1.009330667732101050e+06 1.621650383241037332e+02
8.297325264122628141e+01 2.327404194972115912e+37 1.325308352539895814e+36 1.009305906697469880e+06 1.575385610175027011e+02
8.457799797398911323e+01 2.292526344408210338e+37 1.330797595539891048e+36 1.009284324414353585e+06 1.536496900604554696e+02
8.602639269613428041e+01 2.261715131913220697e+37 1.323668322524855042e+36 1.009265408177010948e+06 1.504462545437955896e+02
8.733945833372126799e+01 2.235274599871192155e+37 1.313640650955514115e+36 1.009248744142737472e+06 1.476494616176289014e+02
8.853820813365746289e+01 2.211437895937167357e+37 1.303419310994800687e+36 1.009233879200518131e+06 1.452001187649035785e+02
8.964391234950744547e+01 2.189482541693117219e+37 1.292823654316999969e+36 1.009220400999501115e+06 1.430427665372691592e+02
9.067878748288785573e+01 2.169619998167829591e+37 1.288972393091830799e+36 1.009208033045415999e+06 1.410914236612736374e+02
9.166570254470570944e+01 2.150838098627840438e+37 1.289655328149680242e+36 1.009196428805268020e+06 1.393047946537117809e+02
9.262960081917117350e+01 2.132363626338588700e+37 1.293112431243646559e+36 1.009185221916245762e+06 1.376016716982842354e+02
9.361315974693570752e+01 2.111216873299902032e+37 1.325142102920049743e+36 1.009201264798086369e+06 1.163128612134042754e+02
9.467631183870253153e+01 2.090240454610309442e+37 1.337043971970750584e+36 1.009209595151575748e+06 1.459045970334434230e+02
9.579664441615750547e+01 2.070728864805177109e+37 1.316593450539899234e+36 1.009197267691979068e+06 1.454556828968817115e+02
9.685485858509491663e+01 2.052465887713981483e+37 1.296207775937352114e+36 1.009185190770188114e+06 1.437165440112448493e+02
9.787421409005764872e+01 2.034920740100670920e+37 1.273354451352311631e+36 1.009173577753160032e+06 1.416896629124040601e+02
9.889582264085765928e+01 2.017152961049633313e+37 1.252234573365642586e+36 1.009162008344714181e+06 1.395650047534532803e+02
9.997091747740341816e+01 1.998620096142349976e+37 1.235133543050764141e+36 1.009149971949808300e+06 1.372521719919826921e+02
1.012164534722396638e+02 1.977345114087387757e+37 1.223648499755371259e+36 1.009136215327163110e+06 1.345408571345604685e+02
1.033889201959100319e+02 1.940025229642095995e+37 1.197765180568943422e+36 1.009112705206447747e+06 1.300548607796083616e+02
1.053472159033553908e+02 1.907632889223314603e+37 1.176999022413293151e+36 1.009092184142306214e+06 1.262442563223149108e+02
1.071168099586211611e+02 1.878814300618895390e+37 1.163914708960082924e+36 1.009074127834120649e+06 1.230461405172778768e+02
1.087346183593472233e+02 1.853495412185011368e+37 1.150311627263239872e+36 1.009058084959524916e+06 1.203472078092870845e+02
1.102173150573071325e+02 1.830789208669776199e+37 1.134387595785639758e+36 1.009043707647066098e+06 1.179737314288823029e+02
1.115955268009274732e+02 1.809757921218017446e+37 1.122230307511157624e+36 1.009030569523420185e+06 1.158266232280551975e+02
1.128880485418776516e+02 1.790184200933478861e+37 1.119736776729621779e+36 1.009018428132736008e+06 1.138499040633011674e+02
1.141195665681152605e+02 1.771802025693316678e+37 1.117861148719105292e+36 1.009007042479374097e+06 1.120810376568633302e+02
1.153157915637420956e+02 1.753955520581412421e+37 1.113267078786162676e+36 1.008996147286069230e+06 1.104284601619074522e+02
1.165151409282261739e+02 1.736848637124086039e+37 1.111205799505903681e+36 1.008985420502564986e+06 1.087658214127309293e+02
1.177434272065438563e+02 1.719848716921599849e+37 1.106767115922546130e+36 1.008974632352629676e+06 1.070632237358755958e+02
1.189650784456753172e+02 1.703119527326817344e+37 1.101927940875481348e+36 1.008964058265245636e+06 1.053478603690469839e+02
1.202057767165533733e+02 1.683806188436355729e+37 1.075102467864436214e+36 1.008978663172484026e+06 1.024526780785959090e+02
1.215325679060042603e+02 1.664602858735180851e+37 1.059504115909319073e+36 1.008988799027065397e+06 1.485800147550732220e+02
1.230230580826173536e+02 1.645109844718936073e+37 1.054621204306021340e+36 1.008976048384858179e+06 1.472582823413324036e+02
1.244298658277984941e+02 1.626959948805155903e+37 1.050195657292535503e+36 1.008963647377550136e+06 1.445235807038755240e+02
1.257808901765529299e+02 1.609370466849264064e+37 1.044077128445156670e+36 1.008951810546473949e+06 1.417029293309374793e+02
1.271016887413716177e+02 1.592001552879672183e+37 1.037468498583087919e+36 1.008940341641777894e+06 1.389009735020979974e+02
1.284480408782837912e+02 1.574329921966357428e+37 1.034790165549360720e+36 1.008928841060930863e+06 1.363030912534177048e+02
1.297969535832235124e+02 1.556860039212151643e+37 1.032805112303440523e+36 1.008917496201343718e+06 1.338099542232656063e+02
1.311847383790736785e+02 1.538832575924514722e+37 1.029416930368783578e+36 1.008906023136242176e+06 1.313610691085203825e+02
1.325827002352161799e+02 1.520858682196295396e+37 1.026825133046071342e+36 1.008894626840978628e+06 1.289434163685156136e+02
1.339884061973134521e+02 1.503591875988048758e+37 1.028253042394437436e+36 1.008883426017948310e+06 1.266029579250715500e+02
1.354166854114155285e+02 1.486539547590620095e+37 1.025996108860775479e+36 1.008872285007832455e+06 1.244146338970320613e+02
1.369723822771775303e+02 1.467891563121083031e+37 1.020705999035648484e+36 1.008860316426206264e+06 1.221550854338908039e+02
1.391326511816441780e+02 1.442682478707377314e+37 1.013634530793563417e+36 1.008844129125196952e+06 1.191605524361093558e+02
1.411539476619072957e+02 1.417699800968135493e+37 1.019980266522289330e+36 1.008871119933192967e+06 1.513392508141622557e+02
1.417455394987773616e+02 1.411461736616039095e+37 1.012482817404406143e+36 1.008878679468102288e+06 1.495517634699173755e+02
1.429228072541445727e+02 1.397542273544884112e+37 1.001359828417795720e+36 1.008896197213456500e+06 1.774841532179814294e+02
1.446979800221015466e+02 1.380308131674116773e+37 1.011113682934109289e+36 1.008888976484306855e+06 1.878327467609065593e+02
1.463690417078760220e+02 1.364274578069493573e+37 1.014248783499469431e+36 1.008881164592482732e+06 1.793541247552284119e+02
1.479835072355926968e+02 1.346962673142245712e+37 1.043754639029381482e+36 1.008903055092139286e+06 1.913685759188179532e+02
1.495704128906800179e+02 1.331897951297725022e+37 1.022701806717205929e+36 1.008902354728923412e+06 1.820537161072522849e+02
1.511997467796027195e+02 1.314944458642482508e+37 9.958446829823899217e+35 1.008920543272247771e+06 2.019457996786975116e+02
1.528356236176041421e+02 1.300557026200495726e+37 9.947078400676971648e+35 1.008907151569530834e+06 1.985223929466026220e+02
1.544728270194900688e+02 1.286085591885111640e+37 9.923318612059417285e+35 1.008893263484708150e+06 1.939294153711701654e+02
1.561481443034717813e+02 1.270890281611361418e+37 9.922556923911613983e+35 1.008879083519780776e+06 1.890976549314001716e+02
1.580123520024790196e+02 1.253120249987701949e+37 9.911657644864799870e+35 1.008863431780791376e+06 1.837178406826473065e+02
1.612304054639826063e+02 1.221366562157678229e+37 9.789516319459851460e+35 1.008836952909726067e+06 1.748463277586773472e+02
1.644442728730064118e+02 1.190115921124354939e+37 9.620189141543329352e+35 1.008815701685328269e+06 1.633828160641342606e+02
1.674384465937328059e+02 1.159642199808611690e+37 9.693532857474934865e+35 1.008845260167519795e+06 1.605420251364805324e+02
1.702428705711936345e+02 1.134883442991682773e+37 9.476504296871422930e+35 1.008843766682127491e+06 1.651483736523726691e+02
1.728913597221398959e+02 1.110777459141227378e+37 9.204067725853890199e+35 1.008861758772725938e+06 1.612120930237509526e+02
1.753851805174490437e+02 1.090217267482943115e+37 8.917190084439675034e+35 1.008858379564007861e+06 1.454726999465594588e+02
1.777588924904412124e+02 1.070622454730352238e+37 8.765407827041359251e+35 1.008861760999209480e+06 1.623788223786737319e+02
1.800367247962858528e+02 1.052568559588587005e+37 8.747241419569216935e+35 1.008842587137653609e+06 1.577481893110518456e+02
1.822211013166379416e+02 1.035056938057408728e+37 8.734787669716837513e+35 1.008824275544086238e+06 1.529111500386712805e+02
1.843592118351953104e+02 1.016045803493058940e+37 8.536699786189940968e+35 1.008832071412583929e+06 1.531925557887214211e+02
1.865195038156962255e+02 9.973504889787305198e+36 8.696776577642702979e+35 1.008847393055673456e+06 1.534402284037642232e+02
1.888450799462443683e+02 9.761964706344931663e+36 8.870344851686919737e+35 1.008876203928274801e+06 1.419244737578789284e+02
1.911074856631312286e+02 9.581413904165548587e+36 8.710261680282291606e+35 1.008860955478039687e+06 1.441056447952042845e+02
1.934019207952369470e+02 9.394320322780365421e+36 8.637134049746913366e+35 1.008840162508758483e+06 1.401388917769291993e+02
1.959525714607007103e+02 9.181388374293670566e+36 8.622709984233124438e+35 1.008817430636934703e+06 1.359402549618843352e+02
2.007996198097243905e+02 8.771722397433631375e+36 8.661737369507574184e+35 1.008775840189205017e+06 1.288826616178085089e+02
2.054977990925399354e+02 8.391623520250382059e+36 8.681304451915211433e+35 1.008737885791364242e+06 1.228270424880549285e+02
2.100280624766892288e+02 8.024849849896889503e+36 8.607193303532749505e+35 1.008702883207161562e+06 1.174767734384918327e+02
2.144219514779251767e+02 7.661604163959708952e+36 8.484323323464646414e+35 1.008670078452590620e+06 1.126984447372134355e+02
2.186942401355481707e+02 7.300573776387705983e+36 8.496948264851810629e+35 1.008656584413638222e+06 8.980723706697213515e+01
2.228582250330364332e+02 6.954156500644958553e+36 8.439400551832727385e+35 1.008640092937671114e+06 9.815900480058506616e+01
2.269285544785961974e+02 6.614303218686369999e+36 8.309742355522597165e+35 1.008610336506180000e+06 9.398422613558722105e+01
2.309225351083296118e+02 6.278037757744267378e+36 8.194056313299223060e+35 1.008581599632088211e+06 9.016684878942012915e+01
2.348602032789058285e+02 5.943985110416941752e+36 8.085917092233014452e+35 1.008553744794266880e+06 8.679383560434904155e+01
2.387928727398975752e+02 5.609057869885665359e+36 7.993828009247246054e+35 1.008526341633199947e+06 8.377412555112664450e+01
2.428261347761726938e+02 5.260687485984850231e+36 7.898903203705910553e+35 1.008513863257542951e+06 7.467496017844652556e+01
2.473671682995336596e+02 4.877748605369781886e+36 7.796422395604380654e+35 1.008497167873395374e+06 9.751387871630760174e+01
2.539074356396740768e+02 4.344836459380517007e+36 7.591528902833203932e+35 1.008451111616726965e+06 9.063171256940348997e+01
2.609100727569311857e+02 3.801209070259662219e+36 7.236090819646020984e+35 1.008403484491937561e+06 8.416451993470919035e+01
2.688344368598482106e+02 3.230745412911522019e+36 6.590178217844644619e+35 1.008401823487313348e+06 1.123064872179695897e+02
2.722560870835732203e+02 3.013299688256737158e+36 6.273513180519926070e+35 1.008391458201674512e+06 1.109307483599827577e+02
2.781426079108350677e+02 2.670850402113036504e+36 5.664536439729300267e+35 1.008379192331792321e+06 1.101069659569529051e+02
2.834569508199347183e+02 2.400919034826143812e+36 5.010637755182202635e+35 1.008357293291440699e+06 1.165517678521541427e+02
2.890991765814542305e+02 2.155406420319332238e+36 4.385567296454884091e+35 1.008329146002355730e+06 1.028437765113203710e+02
2.951149638168863021e+02 1.928899911022567459e+36 3.781027825522035410e+35 1.008313785671920399e+06 9.328120491570071238e+01
3.015756726941035595e+02 1.724379161198499159e+36 3.157146949315589784e+35 1.008310215536596370e+06 7.577743170559939756e+01
3.085517830348690040e+02 1.541905523531665708e+36 2.588651365057219129e+35 1.008302300521136727e+06 7.306211671905117555e+01
3.161172996492387028e+02 1.381869046205927257e+36 2.079975765185388084e+35 1.008311220149456756e+06 6.665608154098977423e+01
3.243454123557748972e+02 1.244007650564948960e+36 1.671788288951694309e+35 1.008288907735749963e+06 8.004079079784537498e+01
3.333155878311663400e+02 1.126845137798652417e+36 1.367859318090228873e+35 1.008250126736605656e+06 7.080197578069775943e+01
3.431158089172386099e+02 1.021691394049176557e+36 1.131304862071843251e+35 1.008221515697582974e+06 5.359406852849646441e+01
3.538267346730572172e+02 9.288795483022927394e+35 9.487748821698008809e+34 1.008195836108320276e+06 5.450420106368978423e+01
3.655637668305280386e+02 8.476652185296851239e+35 7.811941695692971429e+34 1.008162089963473962e+06 4.845058976305745801e+01
3.784227033878560178e+02 7.735872498356244578e+35 6.458439876452830795e+34 1.008145073428196018e+06 4.880261215102839856e+01
3.924722821098985150e+02 7.088388984373962053e+35 5.434239604247952546e+34 1.008115357082851813e+06 4.731096042562328563e+01
4.079323863774043275e+02 6.454303420264281735e+35 4.470781086081955349e+34 1.008140053017332917e+06 6.532389420524573609e+01
4.140803034138079965e+02 6.243410475359076970e+35 4.222406630564421945e+34 1.008141357790168258e+06 7.003579185875453561e+01
4.224682685086154379e+02 6.011679774899474388e+35 3.180688430797883205e+34 1.008179242824158631e+06 4.486267375191811624e+01
4.306100862460734788e+02 5.755703021884400230e+35 0.000000000000000000e+00 1.008166188107879949e+06 0.000000000000000000e+00
