# time luminosity radius
-2.045607262369412638e+01 4.612894314705269707e+35 1.008260481246029958e+06
-1.530609366032877006e+01 5.151473912760220309e+35 1.008268427824320039e+06
-1.494480677625324461e+01 5.195041490994309797e+35 1.008269094054020010e+06
-1.422584587694109359e+01 5.284224641907620073e+35 1.008270689582669991e+06
-1.279511368731073162e+01 5.515721825284940120e+35 1.008275316624750034e+06
-1.258167869641511061e+01 5.552874248501509671e+35 1.008276062497940031e+06
-1.215694306453224272e+01 5.631441033059649698e+35 1.008277739983999985e+06
-1.131171915708546294e+01 5.822264180994149977e+35 1.008282088056609966e+06
-1.115262923298541864e+01 5.860384851052230109e+35 1.008282967121909955e+06
-1.083604028402623953e+01 5.941526463033909655e+35 1.008284923303839983e+06
-1.020602827559923753e+01 6.136714819427330335e+35 1.008289933552340022e+06
-9.334193893906558515e+00 6.537165990467160331e+35 1.008301639860499999e+06
-8.920888567412475822e+00 6.774226769910759841e+35 1.008309317553370027e+06
-8.629126760786675732e+00 6.974328388458570108e+35 1.008316290838969988e+06
-8.386001274941008887e+00 7.175685422972349580e+35 1.008323732583360048e+06
-8.223515566534842947e+00 7.325837827731200350e+35 1.008329834069040022e+06
-8.125415083266489091e+00 7.426748181032889526e+35 1.008334083224590053e+06
-8.052285997177023091e+00 7.507374030183720219e+35 1.008337640377499978e+06
-7.993731517535707098e+00 7.575936118374469944e+35 1.008340801809519995e+06
-7.944388589001391665e+00 7.637248749598209317e+35 1.008343732516629971e+06
-7.901788224311530939e+00 7.692088964851049847e+35 1.008346511609490030e+06
-7.863950939579808619e+00 7.745119987319939352e+35 1.008349214656839962e+06
-7.829828117655779351e+00 7.794969662645580151e+35 1.008351876981460024e+06
-7.798828110651811585e+00 7.837752587987550689e+35 1.008354535621459945e+06
-7.771195180514041567e+00 7.883051623385970014e+35 1.008357250866170041e+06
-7.746252443754201522e+00 7.923212515271249975e+35 1.008360242485919967e+06
-7.723302102354864473e+00 7.957259644231380086e+35 1.008363201792620006e+06
-7.696530048377098865e+00 7.999499424287789344e+35 1.008366826853950042e+06
-7.670353871475526830e+00 8.044680331346389545e+35 1.008370545673749992e+06
-7.644271697390649933e+00 8.092238855498310286e+35 1.008374473584720050e+06
-7.615048173458490055e+00 8.163688946929690543e+35 1.008379164628630038e+06
-7.586882211218835437e+00 8.234825780087059603e+35 1.008383979511940037e+06
-7.559314684587661759e+00 8.333927269685739532e+35 1.008389068050600006e+06
-7.534000545587332454e+00 8.469567800125230591e+35 1.008393992771110032e+06
-7.509840938988418202e+00 8.647363793342729566e+35 1.008398940594400046e+06
-7.486645888764542178e+00 8.915405335969309586e+35 1.008403967651230050e+06
-7.464675334498679149e+00 9.279892886561300540e+35 1.008409026872889954e+06
-7.443545888047083281e+00 9.710274495438339960e+35 1.008414201887169969e+06
-7.420222456412375323e+00 1.040363098938310024e+36 1.008420448568240041e+06
-7.395288877847633557e+00 1.206148948840050006e+36 1.008427553962860024e+06
-7.370872081111883745e+00 1.677773774632780087e+36 1.008435194857810042e+06
-7.348505264535560855e+00 2.472942119905940011e+36 1.008442526729039964e+06
-7.327326874927166500e+00 2.986881451808379933e+36 1.008449811318670050e+06
-7.307246767795732012e+00 3.330195869483990168e+36 1.008457029315109947e+06
-7.288252715472481214e+00 3.872179217044799926e+36 1.008464196178240003e+06
-7.269109228736851946e+00 4.126326488790599871e+36 1.008471733809110010e+06
-7.250366747808584478e+00 4.433500108220119706e+36 1.008479436122589977e+06
-7.232984660409783828e+00 5.075111618095279822e+36 1.008486953742259997e+06
-7.216308259034121875e+00 5.351167476955000071e+36 1.008494453973890049e+06
-7.199902480153468787e+00 5.644053532888479570e+36 1.008502126841129968e+06
-7.184239437416181318e+00 5.955911047620619651e+36 1.008509734797070036e+06
-7.168983518620734685e+00 6.664626736801509754e+36 1.008517539088080055e+06
-7.153841328325142968e+00 6.981196337314529991e+36 1.008525580903640017e+06
-7.139053232147489325e+00 7.315879373601839829e+36 1.008533730922449962e+06
-7.124426054868308711e+00 7.660848876360000118e+36 1.008542095242350013e+06
-7.109880925681864028e+00 8.025179335620719573e+36 1.008550725899050012e+06
-7.095499276312693837e+00 8.837342657680980107e+36 1.008559745384369977e+06
-7.081274622139972053e+00 9.222278992447300076e+36 1.008568999849939952e+06
-7.067246334438095801e+00 9.622951068699460259e+36 1.008578463125359965e+06
-7.053448647009645356e+00 1.003448367070150035e+37 1.008588112197529990e+06
-7.039816982909542276e+00 1.045759682474790037e+37 1.008597984277180047e+06
-7.026421030181154492e+00 1.088915490627229901e+37 1.008608020744030015e+06
-7.013269336941448273e+00 1.133186705571140005e+37 1.008618218505110010e+06
-7.000489224106786423e+00 1.182077972059330026e+37 1.008628515716020018e+06
-6.988014470249254373e+00 1.230607750911270080e+37 1.008638909167169943e+06
-6.975781179760815576e+00 1.369561898598749955e+37 1.008649848305930034e+06
-6.963780684185621794e+00 1.409592663943909974e+37 1.008660884614220005e+06
-6.951997777030555881e+00 1.450446510662670080e+37 1.008672028904719977e+06
-6.940400686535213026e+00 1.492114567468220052e+37 1.008683299053080031e+06
-6.928928138564515393e+00 1.533563101585869933e+37 1.008694737433779985e+06
-6.917288461632779217e+00 1.576476910869130085e+37 1.008706638999399962e+06
-6.905677164582812111e+00 1.619745694017670036e+37 1.008718805653900024e+06
-6.894024156399609637e+00 1.663172583480029907e+37 1.008731305284800008e+06
-6.882447910118571599e+00 1.706984383060779916e+37 1.008744006249270053e+06
-6.871194161600215011e+00 1.748467453534789992e+37 1.008756616063300055e+06
-6.860351664738118416e+00 1.787526095641620075e+37 1.008769005048800027e+06
-6.849638937294002972e+00 1.825153024398529998e+37 1.008781476990430034e+06
-6.839448306216581841e+00 1.860083422715180116e+37 1.008793542614700040e+06
-6.829436640227868338e+00 1.893376060717689917e+37 1.008805588437039987e+06
-6.819410619938935270e+00 1.925622693743679956e+37 1.008817835381680052e+06
-6.809569229226326570e+00 1.956210246817599966e+37 1.008830029576290050e+06
-6.799715220411599148e+00 1.985520867227280086e+37 1.008842406422770000e+06
-6.789905220670334529e+00 2.013386579829970073e+37 1.008854885208819993e+06
-6.780210445889679249e+00 2.038184696764959888e+37 1.008867359096350032e+06
-6.770545069075524225e+00 2.063129227753879965e+37 1.008879934952539974e+06
-6.761370406878995709e+00 2.085470072795819893e+37 1.008891992130610044e+06
-6.752576399145254982e+00 2.105641675910110032e+37 1.008903655022340012e+06
-6.744089809413708281e+00 2.124513440892090012e+37 1.008915002357190009e+06
-6.735415839450070052e+00 2.145205367685969773e+37 1.008926704944510013e+06
-6.726793590862143901e+00 2.161919732853099844e+37 1.008938420060670003e+06
-6.718415834253391949e+00 2.177695196969360122e+37 1.008949875850799959e+06
-6.709653350913868053e+00 2.194782622003349812e+37 1.008961938661810011e+06
-6.701034702342440141e+00 2.210895156578550199e+37 1.008973873414710048e+06
-6.692185977062763413e+00 2.227657390198190213e+37 1.008986200440210057e+06
-6.683318189479905413e+00 2.243996376457539804e+37 1.008998623256040039e+06
-6.674632711696176557e+00 2.261747595215660035e+37 1.009010860241909977e+06
-6.665499194694348262e+00 2.280794235453540218e+37 1.009023805937519995e+06
-6.656472331884287996e+00 2.300258462020879919e+37 1.009036658278879942e+06
-6.647034316147255595e+00 2.319629233557149813e+37 1.009050161625080043e+06
-6.637686790283623850e+00 2.340555210143780176e+37 1.009063587309819995e+06
-6.627882604156184243e+00 2.365744528670119799e+37 1.009077734964199946e+06
-6.618323743763539824e+00 2.390536400692369978e+37 1.009091576149179949e+06
-6.608240881205347250e+00 2.418269699711509800e+37 1.009106229886490037e+06
-6.598258925576374168e+00 2.445349571438120193e+37 1.009120773856390035e+06
-6.587868550555867841e+00 2.479260306034419773e+37 1.009135962471859995e+06
-6.577688551131359418e+00 2.515413142345819973e+37 1.009150873902069987e+06
-6.566996460460359231e+00 2.553720387779469976e+37 1.009166566016420024e+06
-6.555325467095826752e+00 2.601051862550539996e+37 1.009183726738519967e+06
-6.544207009173987899e+00 2.659373209816190174e+37 1.009200080546890036e+06
-6.532544580630201381e+00 2.709818715115080148e+37 1.009217254393960000e+06
-6.521578657591817318e+00 2.779538562676760201e+37 1.009233401445750031e+06
-6.510020808404078707e+00 2.851565902633390038e+37 1.009250442437950056e+06
-6.498851625599854742e+00 2.916332926733349781e+37 1.009266896918840008e+06
-6.486928593372795149e+00 3.013695558097400192e+37 1.009284461414529942e+06
-6.474451639827748295e+00 3.054540366137660226e+37 1.009302802384159993e+06
-6.461037855022368603e+00 3.165507844831780176e+37 1.009322489530610037e+06
-6.446747648538803332e+00 3.239129680737129844e+37 1.009343408115979983e+06
-6.431536527477874188e+00 3.332110943950610055e+37 1.009365605630589998e+06
-6.414572925359607325e+00 3.433266662464860087e+37 1.009390262354189996e+06
-6.395481464758631773e+00 3.541120162673029933e+37 1.009417872736199992e+06
-6.374102199166372884e+00 3.659598462682599842e+37 1.009448600004310021e+06
-6.351029510717125959e+00 3.797176459522950220e+37 1.009481537191519979e+06
-6.325659124951926060e+00 3.952478614050190126e+37 1.009517486725089955e+06
-6.300058792759955395e+00 4.111886355098319813e+37 1.009553464418040006e+06
-6.272853929307530052e+00 4.283479962701159950e+37 1.009591393124509952e+06
-6.243184132210444659e+00 4.472523469521800036e+37 1.009632397737010033e+06
-6.211445150549479877e+00 4.676455166599619726e+37 1.009675838100729976e+06
-6.175990204505069414e+00 4.904024722477599741e+37 1.009723844012490008e+06
-6.135946270949716563e+00 5.159588889194539910e+37 1.009777352632099995e+06
-6.095453898982668761e+00 5.415513648417700384e+37 1.009830636875660042e+06
-6.054592121336099808e+00 5.669227423259930341e+37 1.009883545247839997e+06
-6.011130150349345058e+00 5.932357311326469954e+37 1.009938802391579957e+06
-5.965940517651688424e+00 6.198229417816379883e+37 1.009995075461260043e+06
-5.918594174101599492e+00 6.467193922854959729e+37 1.010052680875679944e+06
-5.868960963118297514e+00 6.738297124000639796e+37 1.010111526345020044e+06
-5.817608501018185052e+00 7.006563023348409902e+37 1.010170696261279983e+06
-5.762936725121107884e+00 7.277617829830439545e+37 1.010231734542250051e+06
-5.704947195419663331e+00 7.548919334563699862e+37 1.010294225078059942e+06
-5.645435886339328135e+00 7.811072136185370021e+37 1.010355986578179989e+06
-5.584993302869406762e+00 8.059825205184759971e+37 1.010416272403919953e+06
-5.522779283568524988e+00 8.298264087662300377e+37 1.010475800719419960e+06
-5.457972402733503259e+00 8.527871033025710516e+37 1.010535127295690007e+06
-5.389625509738834808e+00 8.751111642206630414e+37 1.010594799778940040e+06
-5.316610177831535111e+00 8.969452554011449538e+37 1.010655378622499993e+06
-5.237496350782748777e+00 9.184919691427660851e+37 1.010717500022849999e+06
-5.150409879006474512e+00 9.399762806096729944e+37 1.010781911670229980e+06
-5.052824855654762359e+00 9.616499983691979804e+37 1.010849542470499990e+06
-4.941231193597559468e+00 9.840409229852029116e+37 1.010921679590619984e+06
-4.823873367546184454e+00 1.005882882348660048e+38 1.010992681784979999e+06
-4.715852481402180274e+00 1.025245109892889941e+38 1.011054757561099948e+06
-4.612203214139299234e+00 1.043184327932259985e+38 1.011112034322689986e+06
-4.510458291875693249e+00 1.060560407964949973e+38 1.011166627713449998e+06
-4.408947109641303541e+00 1.077967877438839983e+38 1.011220026634169975e+06
-4.306420359071125858e+00 1.095889346645020087e+38 1.011273407033939962e+06
-4.201850597932207165e+00 1.114720592017150067e+38 1.011327815156570054e+06
-4.094249455007229699e+00 1.134862313950889999e+38 1.011384304653440020e+06
-3.982650502610340482e+00 1.156708191262280043e+38 1.011443952187189949e+06
-3.865958895461517386e+00 1.180686176901789943e+38 1.011507999894559965e+06
-3.761756976969991229e+00 1.203577706405049981e+38 1.011566940854480024e+06
-3.671887701133528026e+00 1.224210776337380020e+38 1.011619352474919986e+06
-3.592398835036874516e+00 1.243007297039589964e+38 1.011667091640659957e+06
-3.519804342164206901e+00 1.260598001391150020e+38 1.011711884974590037e+06
-3.451929336770263035e+00 1.277380654291849909e+38 1.011754832867059973e+06
-3.387298310639380361e+00 1.293664010965440006e+38 1.011796723659479991e+06
-3.327694178780802758e+00 1.308991605210260081e+38 1.011836189906770014e+06
-3.275724107370479032e+00 1.322649729217949919e+38 1.011871253553390037e+06
-3.230306598588867928e+00 1.334714850811299978e+38 1.011902412976479973e+06
-3.190587691868131515e+00 1.345359027224890065e+38 1.011930059303169954e+06
-3.155881172813678859e+00 1.354726650480070067e+38 1.011954516827099957e+06
-3.125596770954871317e+00 1.362952869236779928e+38 1.011976087541389978e+06
-3.099203694077004911e+00 1.370156794192990019e+38 1.011995059939829982e+06
-3.076224625601753360e+00 1.376453415965259908e+38 1.012011709379169974e+06
-3.056205785915153683e+00 1.381955542351349973e+38 1.012026313475750037e+06
-3.038736660657377797e+00 1.386768167659180021e+38 1.012039132593670045e+06
-3.023377151112072170e+00 1.391004528657000017e+38 1.012050461496790056e+06
-3.009721427444674191e+00 1.394772311908870067e+38 1.012060578852219973e+06
-2.997336347312739235e+00 1.398186139287689916e+38 1.012069791744149989e+06
-2.985679044029893703e+00 1.401389016513980085e+38 1.012078493370139971e+06
-2.973713772380506271e+00 1.404647548094910046e+38 1.012087455775849987e+06
-2.957530294481330202e+00 1.408940754159980000e+38 1.012099633052570047e+06
-2.937087789840006735e+00 1.414400582836700084e+38 1.012115083350840025e+06
-2.919262507475650636e+00 1.419366342714089984e+38 1.012128567419199971e+06
-2.903565080361659057e+00 1.423741613521930057e+38 1.012140495899709989e+06
-2.889588609208658454e+00 1.427635641517939977e+38 1.012151159000989981e+06
-2.876892114660222433e+00 1.431166183392319962e+38 1.012160879680890008e+06
-2.864937563072089688e+00 1.434476869934809992e+38 1.012170061700999970e+06
-2.852644105205399683e+00 1.437846802084430029e+38 1.012179533171360032e+06
-2.836000769088059315e+00 1.442282708212269975e+38 1.012192408520880039e+06
-2.802880530212860322e+00 1.450833226031789928e+38 1.012218263817979954e+06
-2.762334355573329958e+00 1.461674543614879986e+38 1.012250075559120043e+06
-2.715764198681426933e+00 1.474141841205140029e+38 1.012286950445399969e+06
-2.661334579650429077e+00 1.488549453463010016e+38 1.012330524956419948e+06
-2.597751747582151438e+00 1.505141201468239939e+38 1.012382027213550056e+06
-2.523192896036562161e+00 1.524201119131990055e+38 1.012443167346769944e+06
-2.434369968033934128e+00 1.546242808155269939e+38 1.012516911341849947e+06
-2.325546079555351753e+00 1.572198960158770012e+38 1.012608320041369996e+06
-2.212754883847082965e+00 1.598641433730219967e+38 1.012703893990179989e+06
-2.103467502960484126e+00 1.623616791972560023e+38 1.012797242370559950e+06
-1.998559447809384437e+00 1.646771261097049995e+38 1.012887430062429979e+06
-1.897259868308537989e+00 1.668264788746540055e+38 1.012974905973650049e+06
-1.800212203477713047e+00 1.688117330381900045e+38 1.013058914716399973e+06
-1.713633698536796146e+00 1.705450902434340063e+38 1.013133927988020005e+06
-1.636171666497830302e+00 1.720449072334019916e+38 1.013201090316780028e+06
-1.566797327102904092e+00 1.733466132619090122e+38 1.013261230369989993e+06
-1.504658117994040367e+00 1.744785021381960031e+38 1.013315055216109962e+06
-1.449224669962859480e+00 1.754613745662580100e+38 1.013363009440939990e+06
-1.399795608958811499e+00 1.763151927329929974e+38 1.013405704766380019e+06
-1.355965082157126744e+00 1.770557979413630088e+38 1.013443498356960015e+06
-1.317165661921535502e+00 1.776974749102630123e+38 1.013476894854340004e+06
-1.282930261400906602e+00 1.782529035589319835e+38 1.013506310330000008e+06
-1.252756932475676876e+00 1.787338873004150001e+38 1.013532191361639998e+06
-1.226197078362019965e+00 1.791505838192739978e+38 1.013554934707470005e+06
-1.202644690947636263e+00 1.795138538849670107e+38 1.013575071843730053e+06
-1.181578934605568065e+00 1.798335428432079975e+38 1.013593055868439958e+06
-1.162458621209225385e+00 1.801188666298389915e+38 1.013609355165709974e+06
-1.144607832231486100e+00 1.803798769415469929e+38 1.013624550006279955e+06
-1.126798420364139020e+00 1.806321592277900150e+38 1.013639685996229993e+06
-1.105061371621559374e+00 1.809191676236989850e+38 1.013658121714730049e+06
-1.061804644623407512e+00 1.814131504237490001e+38 1.013694636993890046e+06
-1.011670226469504996e+00 1.820284406513810021e+38 1.013736425647119991e+06
-9.555374155188474106e-01 1.826880768260600188e+38 1.013782726925860043e+06
-8.893421279972244520e-01 1.834017375192629950e+38 1.013836623483679956e+06
-8.107805357449251460e-01 1.841720971227010149e+38 1.013899441998639959e+06
-7.159102524092304520e-01 1.849869787256430069e+38 1.013973424927309970e+06
-5.979286112105910433e-01 1.858215368223089818e+38 1.014062111076359986e+06
-4.451090446764283115e-01 1.866116957663300038e+38 1.014170494646650041e+06
-2.373468671285081655e-01 1.872022137843199971e+38 1.014304100659650052e+06
0.000000000000000000e+00 1.875166258883470166e+38 1.014437235103960033e+06
2.487133319973509060e-01 1.874001892529140030e+38 1.014553385347399977e+06
4.754604223307978828e-01 1.870023345292829878e+38 1.014638811700250022e+06
6.820063988725451054e-01 1.862720121024329838e+38 1.014698745485619991e+06
8.698056950433965540e-01 1.853135821930079860e+38 1.014737451065790025e+06
1.040315011572602089e+00 1.842089950720629880e+38 1.014758807303769980e+06
1.195014702989283251e+00 1.830183299582480026e+38 1.014766292472110013e+06
1.335398394758158247e+00 1.817917932044000141e+38 1.014762961853710003e+06
1.462270439136773348e+00 1.805747805479630158e+38 1.014751428831199999e+06
1.577131266923970543e+00 1.793873933378129872e+38 1.014733843101290055e+06
1.680525751196910278e+00 1.782563877622669855e+38 1.014712133666069945e+06
1.773573779284561169e+00 1.771896484175840073e+38 1.014687784770000027e+06
1.856940954832680291e+00 1.761977909068750050e+38 1.014662078298010048e+06
1.931340189510592609e+00 1.752854388131510042e+38 1.014636033695210004e+06
1.997461715440294938e+00 1.744545150343170083e+38 1.014610436401110026e+06
2.056002383567829384e+00 1.737039319286320125e+38 1.014585857342920033e+06
2.107705797863673070e+00 1.730297231920080043e+38 1.014562658887809957e+06
2.153411950348527171e+00 1.724246728305599891e+38 1.014540992572400020e+06
2.194065966337802820e+00 1.718788743823490020e+38 1.014520808241409948e+06
2.230864085027860710e+00 1.713772692854630108e+38 1.014501793778809952e+06
2.265243625985021936e+00 1.709005115142150025e+38 1.014483379905099981e+06
2.300095497022994095e+00 1.704036972835399967e+38 1.014464042896979954e+06
2.350274507189169526e+00 1.696349101277530080e+38 1.014434805089780013e+06
2.420507483440815122e+00 1.685510483758460027e+38 1.014391069806240033e+06
2.491887257017879165e+00 1.674930993945420072e+38 1.014343771956900018e+06
2.576964166544712498e+00 1.661714278278039987e+38 1.014283644698860007e+06
2.680059199918105151e+00 1.645384517700490060e+38 1.014205431797610014e+06
2.775885249309794744e+00 1.630695221547540077e+38 1.014128417878750013e+06
2.861671863667652360e+00 1.617484379969050028e+38 1.014056371877460042e+06
2.937869721039533033e+00 1.605673710109300094e+38 1.013990131580309942e+06
3.005285051745886449e+00 1.595178104769150033e+38 1.013929904315980035e+06
3.064731780281363172e+00 1.585897737937779919e+38 1.013875632491479977e+06
3.117158479271893157e+00 1.577693267792620004e+38 1.013826935572230024e+06
3.163581635697482852e+00 1.570412482494960014e+38 1.013783209464509971e+06
3.205386483210531878e+00 1.563829624468310081e+38 1.013743377369259950e+06
3.244242051830951823e+00 1.557673481892579918e+38 1.013705987594019971e+06
3.283305113896858529e+00 1.551402251411679977e+38 1.013668045833679964e+06
3.338845551081249141e+00 1.542082567931070053e+38 1.013613426787749981e+06
3.418256036904494977e+00 1.528786272067460078e+38 1.013534076674900018e+06
3.499113581799974781e+00 1.515812101316870061e+38 1.013452274625979946e+06
3.595532234709025943e+00 1.499989126383749907e+38 1.013353891314539942e+06
3.713034457656249288e+00 1.480729223299180093e+38 1.013233421820209944e+06
3.858875643876672257e+00 1.456996186662200019e+38 1.013084406885719975e+06
4.044178548141644569e+00 1.427318883107340008e+38 1.012898463422009954e+06
4.271218153000518214e+00 1.392189101375800060e+38 1.012679875707390020e+06
4.520670489735493902e+00 1.355624989657230069e+38 1.012455457034950028e+06
4.804129709462358733e+00 1.316097104125369966e+38 1.012224068194809952e+06
5.064818465354619548e+00 1.282498823319089941e+38 1.012032741745559964e+06
5.298183836232055910e+00 1.253846820365760068e+38 1.011878320177290007e+06
5.505290357399644563e+00 1.229591961032570068e+38 1.011753710288719973e+06
5.690259254386546672e+00 1.208695757979129965e+38 1.011651567084379960e+06
5.854442052201193292e+00 1.190793923398289986e+38 1.011567517940400052e+06
6.001014341320114909e+00 1.175338992452069914e+38 1.011497369412170025e+06
6.131087786610805779e+00 1.162039413311360064e+38 1.011438688700909959e+06
6.246850410847400781e+00 1.150532617911469983e+38 1.011389111264360021e+06
6.349399159074891941e+00 1.140574553513570074e+38 1.011347148073700024e+06
6.439997498491720762e+00 1.131983501665579924e+38 1.011311526316839969e+06
6.519772961852140725e+00 1.124575481767789977e+38 1.011281234760230058e+06
6.589916034447014681e+00 1.118180440896060038e+38 1.011255398825380020e+06
6.651692840141549823e+00 1.112637185295350060e+38 1.011233240929070045e+06
6.706575274234637618e+00 1.107777280398819932e+38 1.011214009585569962e+06
6.756789840168494266e+00 1.103371198097470003e+38 1.011196778214580030e+06
6.806272496480232803e+00 1.099041763245399930e+38 1.011180127538759960e+06
6.872838122322718846e+00 1.093098678474500090e+38 1.011158242284959997e+06
6.974149838979428750e+00 1.084003116738979977e+38 1.011126007051659981e+06
7.099847642241002177e+00 1.073033276721230058e+38 1.011087594302090001e+06
7.246793065625752206e+00 1.060641194478229930e+38 1.011044802347330027e+06
7.429151151407495490e+00 1.045833810198199938e+38 1.010994708808730007e+06
7.631603651445402647e+00 1.030510511244779936e+38 1.010942687031839974e+06
7.809318011333743925e+00 1.018324930681830048e+38 1.010899886925969971e+06
7.966977430176484631e+00 1.008161907590930020e+38 1.010864108494349988e+06
8.107841724910031189e+00 9.995167010100620372e+37 1.010833779957639985e+06
8.233166892101507983e+00 9.921407233073259400e+37 1.010808019360649982e+06
8.344283710879608407e+00 9.858311415908120117e+37 1.010786088853170048e+06
8.442577217419966473e+00 9.804201509551339131e+37 1.010767365134409978e+06
8.529286487762874458e+00 9.757750343811310540e+37 1.010751349887100048e+06
8.605653919034011778e+00 9.717798459859199499e+37 1.010737617404980003e+06
8.673009269341491745e+00 9.683268818493959074e+37 1.010725783890770050e+06
8.732887014026346151e+00 9.653077097335979802e+37 1.010715474327560049e+06
8.787773700971229118e+00 9.625696040183169679e+37 1.010706190652239951e+06
8.842236229618720245e+00 9.598548595194119453e+37 1.010697121670649969e+06
8.919835688353487058e+00 9.558218936904769164e+37 1.010684412583949976e+06
9.028774553455150453e+00 9.500512410190150104e+37 1.010666942615419975e+06
9.183697678608950810e+00 9.418041137635789444e+37 1.010642794479880016e+06
9.364392330258851871e+00 9.327109976096779114e+37 1.010615639492599992e+06
9.559964860243781004e+00 9.235562670124850860e+37 1.010587549715860048e+06
9.732244896802512812e+00 9.163310031264259609e+37 1.010563945359779987e+06
9.886144213123770896e+00 9.102842216774829820e+37 1.010543789978859946e+06
1.002280057360985666e+01 9.051724043040630752e+37 1.010526587015019963e+06
1.014444863792232354e+01 9.007820837050560805e+37 1.010511778451720020e+06
1.025237501262381556e+01 8.969998907010369971e+37 1.010499033846230013e+06
1.034790966594664496e+01 8.937326628776260350e+37 1.010488038024359965e+06
1.043229458858695580e+01 8.909056509187819242e+37 1.010478535276870010e+06
1.050686387765563268e+01 8.884495474028530544e+37 1.010470292727860040e+06
1.057305447144608479e+01 8.862980759286189357e+37 1.010463090527949971e+06
1.063324029643445101e+01 8.843540199491159496e+37 1.010456628199369996e+06
1.069154591670303489e+01 8.824590182640110839e+37 1.010450433309679967e+06
1.076341401078934723e+01 8.800009998622589203e+37 1.010442839408879983e+06
1.087932065066161158e+01 8.756479112348759667e+37 1.010430653226300026e+06
1.101126606993057067e+01 8.707681715620539595e+37 1.010416864356269944e+06
1.112751399633998517e+01 8.667884572619860103e+37 1.010404870506430045e+06
1.123089670699300768e+01 8.634060586433599808e+37 1.010394373281099950e+06
1.132247048383942456e+01 8.605052997692980773e+37 1.010385208853170043e+06
1.140345081933264737e+01 8.579966608930409388e+37 1.010377211314599961e+06
1.147529219185526017e+01 8.558038174991560500e+37 1.010370199728609994e+06
1.153986676120257471e+01 8.538480650406500747e+37 1.010363960842720000e+06
1.160052269044717832e+01 8.520044886231210197e+37 1.010358147831829963e+06
1.166591444423829671e+01 8.499524527477149989e+37 1.010351899281969992e+06
1.179604403428311343e+01 8.451802826946370098e+37 1.010339413547110045e+06
1.191583726766293694e+01 8.411064135126139714e+37 1.010327914410330006e+06
1.202211248103594698e+01 8.376685618025990206e+37 1.010317820926090004e+06
1.211626567961320688e+01 8.347222155438409618e+37 1.010308973124120035e+06
1.219963286767233512e+01 8.321692935588279856e+37 1.010301217437330051e+06
1.227368859765010711e+01 8.299321951248149989e+37 1.010294390838979976e+06
1.234036202157039952e+01 8.279307297556200192e+37 1.010288293627699954e+06
1.240316661301403656e+01 8.260349057143740164e+37 1.010282585415989975e+06
1.247148419943914632e+01 8.238967236212299825e+37 1.010276379848179989e+06
1.260743619642380509e+01 8.189123836125880274e+37 1.010263926662900019e+06
1.275464960692806926e+01 8.137404235145369551e+37 1.010250383687690017e+06
1.288479718845155730e+01 8.095294107663859696e+37 1.010238519631510018e+06
1.300093436873430619e+01 8.059353205419840354e+37 1.010228076454199967e+06
1.310416949916179874e+01 8.028306660261999577e+37 1.010218916216230020e+06
1.319571551459557668e+01 8.001288149150939828e+37 1.010210894649569993e+06
1.327700975311563525e+01 7.977589230826309704e+37 1.010203851001129951e+06
1.334968838939130364e+01 7.956552469520289875e+37 1.010197614084110013e+06
1.341664714027137961e+01 7.937131105491619641e+37 1.010191912170680007e+06
1.348375707422928826e+01 7.917245564060499961e+37 1.010186220143630053e+06
1.358402109883172670e+01 7.884076842433469811e+37 1.010177674311010051e+06
1.370535353325249162e+01 7.842940439637680336e+37 1.010167274733719998e+06
1.383489449853550468e+01 7.799835824025290371e+37 1.010156176069549983e+06
1.394972024080743722e+01 7.764092065171199952e+37 1.010146402715299977e+06
1.405185705453004630e+01 7.733433914590610055e+37 1.010137803564339993e+06
1.414257644763529242e+01 7.706829037405399961e+37 1.010130246351880021e+06
1.422341386645166494e+01 7.683448243631559832e+37 1.010123578498819959e+06
1.429637574074513395e+01 7.662467294677370288e+37 1.010117611215629964e+06
1.436520313764958701e+01 7.642531602306019889e+37 1.010112017600269988e+06
1.444008501997996063e+01 7.619932003517360120e+37 1.010105932972850045e+06
1.453974876915526693e+01 7.587389266748939740e+37 1.010097801422270015e+06
1.462797593622599379e+01 7.559976441699739724e+37 1.010090586421240005e+06
1.470693784227842116e+01 7.535871608579929884e+37 1.010084159165489953e+06
1.477920383193668386e+01 7.513944534593149606e+37 1.010078298296369961e+06
1.484970411301219428e+01 7.492293488019360392e+37 1.010072588559200056e+06
1.493842112725178595e+01 7.463067157562500212e+37 1.010065355147699942e+06
1.507794105699576903e+01 7.412645945267870227e+37 1.010053846409169957e+06
1.525585141649025900e+01 7.349137689196140081e+37 1.010039076515509980e+06
1.541629711423775007e+01 7.298144185340179759e+37 1.010025915747010033e+06
1.555938819878610957e+01 7.255416683576209790e+37 1.010014423642270034e+06
1.568735091271446436e+01 7.218540994571119767e+37 1.010004361829409958e+06
1.580145037875081471e+01 7.186450184537860345e+37 1.009995562394569977e+06
1.590310981225775322e+01 7.158366143505769750e+37 1.009987856076890021e+06
1.599383343574481842e+01 7.133642074896569993e+37 1.009981080031499965e+06
1.607542699145415099e+01 7.111601586043340183e+37 1.009975061279630056e+06
1.615119326350759366e+01 7.091099955061119573e+37 1.009969527075959952e+06
1.622841706992039690e+01 7.069647469254759758e+37 1.009963913340309984e+06
1.635620283840034972e+01 7.028824691926479570e+37 1.009954556975050014e+06
1.649777648775489070e+01 6.985150465757410341e+37 1.009944156131939963e+06
1.668689729078141681e+01 6.925443669839990447e+37 1.009930325296900002e+06
1.688776301681900804e+01 6.867282795875489902e+37 1.009915894136299961e+06
1.706520120689674513e+01 6.821565213094540056e+37 1.009903517040819977e+06
1.722519019919673156e+01 6.782093334773559600e+37 1.009892692369839991e+06
1.736858226585718512e+01 6.747697029744469618e+37 1.009883237830050057e+06
1.749689321339428716e+01 6.717482033026120342e+37 1.009874957506929990e+06
1.761158156451165269e+01 6.690845103046260397e+37 1.009867685663920012e+06
1.771415924573011580e+01 6.667265835998800218e+37 1.009861275029569981e+06
1.780620943198118766e+01 6.646249960685430081e+37 1.009855588321710005e+06
1.789066000021193759e+01 6.626908961069170317e+37 1.009850416242619976e+06
1.797282006062232540e+01 6.607668176216800387e+37 1.009845406717009959e+06
1.807261487592040794e+01 6.582098868306770157e+37 1.009839275208609994e+06
1.823883106747962302e+01 6.533596629678809603e+37 1.009828870979559957e+06
1.840215136122060358e+01 6.491073191780000367e+37 1.009818616465260042e+06
1.854802210483649105e+01 6.456034950316399585e+37 1.009809577159440028e+06
1.867885240849682305e+01 6.425639948155429641e+37 1.009801599211349967e+06
1.879598168843585881e+01 6.398915678313739989e+37 1.009794560590490000e+06
1.890101229238280212e+01 6.375187670964439608e+37 1.009788327910910011e+06
1.899578530956750910e+01 6.353866640060900440e+37 1.009782760420929990e+06
1.908373442667652853e+01 6.333929624955840057e+37 1.009777631085320027e+06
1.917196376357060217e+01 6.313259057981159830e+37 1.009772493971689953e+06
1.929848254957869358e+01 6.279342675398049928e+37 1.009765021263170056e+06
1.946183134416060057e+01 6.234604315217139728e+37 1.009755243051880039e+06
1.960627450943138683e+01 6.199740566345479678e+37 1.009746630721339956e+06
1.973645873876557744e+01 6.169478598977479799e+37 1.009738976127170026e+06
1.985325464503330295e+01 6.142938402383550119e+37 1.009732201226879959e+06
1.995812175020728318e+01 6.119400024355130189e+37 1.009726191220549983e+06
2.005387006065939204e+01 6.097935462932169679e+37 1.009720757440989953e+06
2.014483154174558877e+01 6.077277856438159755e+37 1.009715627822989947e+06
2.024325471022166312e+01 6.053642271075639656e+37 1.009710059514330002e+06
2.043911681548706838e+01 5.997029571837599543e+37 1.009698708020890015e+06
2.062386174964558450e+01 5.952117595087819975e+37 1.009688033836790011e+06
2.078939151133636187e+01 5.914868455224670436e+37 1.009678671989990049e+06
2.093834194708142604e+01 5.882386621354460121e+37 1.009670428861140041e+06
2.107213933306593390e+01 5.853750908299949706e+37 1.009663162504979991e+06
2.119247447811540042e+01 5.828317342768640289e+37 1.009656729906050023e+06
2.130105918621848105e+01 5.805566829656900214e+37 1.009650999509769958e+06
2.140096044915298990e+01 5.784616037287509880e+37 1.009645778697330039e+06
2.149769470819410344e+01 5.763931238194340428e+37 1.009640749806949985e+06
2.161017224967145012e+01 5.737842862839859539e+37 1.009634856229980011e+06
2.180230999943705683e+01 5.686850907206409630e+37 1.009624579286599997e+06
2.197324187488084135e+01 5.649282807588259570e+37 1.009615490814500023e+06
2.212694457537872950e+01 5.617180241318049651e+37 1.009607484053250053e+06
2.226527061950400821e+01 5.588993543400159908e+37 1.009600413981370046e+06
2.238995775718467485e+01 5.563932532531840312e+37 1.009594143904880038e+06
2.250287097337422892e+01 5.541417687606540296e+37 1.009588539688579971e+06
2.260751749370683683e+01 5.520477759418130206e+37 1.009583396570889978e+06
2.271005643638090987e+01 5.499471397784840309e+37 1.009578379475170048e+06
2.283510011221369496e+01 5.471219805463540426e+37 1.009572194063010043e+06
2.303755571535657509e+01 5.420445566122079611e+37 1.009561986781249987e+06
2.321789860006174422e+01 5.383303418166010153e+37 1.009552989790580003e+06
2.338024738062267716e+01 5.351526850822059590e+37 1.009545079418519977e+06
2.352660376654785068e+01 5.323562093166729623e+37 1.009538097126479959e+06
2.365878386144140677e+01 5.298656711842600146e+37 1.009531901518029976e+06
2.377867797398903349e+01 5.276264016172410200e+37 1.009526360241840011e+06
2.388985326561305556e+01 5.255443963673649660e+37 1.009521275493939989e+06
2.399824592719232896e+01 5.234705598145120312e+37 1.009516343091569957e+06
2.412619455993626616e+01 5.207877132698160181e+37 1.009510459515359951e+06
2.434596070328734640e+01 5.155574462197240205e+37 1.009500127074029995e+06
2.454183453141740756e+01 5.118330785024099831e+37 1.009491049077089992e+06
2.471835342927624879e+01 5.086482938457369905e+37 1.009483089368110057e+06
2.487770927207384375e+01 5.058403182316259955e+37 1.009476070969550055e+06
2.502184601884437143e+01 5.033365490348459668e+37 1.009469843905320042e+06
2.515242910400229448e+01 5.010929935478509809e+37 1.009464287286150036e+06
2.527299774536004406e+01 4.990204886618300109e+37 1.009459215259099961e+06
2.538817669009767997e+01 4.970142202089559986e+37 1.009454402448219946e+06
2.551175962316665391e+01 4.947230662859909704e+37 1.009449210340550053e+06
2.575475087248378259e+01 4.892407576770600276e+37 1.009438664649860002e+06
2.596267565052403370e+01 4.857078937927529729e+37 1.009429800019689952e+06
2.615874210562469671e+01 4.824060696489080169e+37 1.009421678927339963e+06
2.633589068040237180e+01 4.795429022034469662e+37 1.009414517248310032e+06
2.649624479808881006e+01 4.769958489275750379e+37 1.009408166191400029e+06
2.664183958328612789e+01 4.747105918489059854e+37 1.009402493057079962e+06
2.677488118785186089e+01 4.726367500562649946e+37 1.009397373649619985e+06
2.689965449390911090e+01 4.706773879843660209e+37 1.009392612981060054e+06
2.702394352996088855e+01 4.686608812943830141e+37 1.009387877754469984e+06
2.718219391301136056e+01 4.657477975377080310e+37 1.009381726784419967e+06
2.741765773301995068e+01 4.611362749487930000e+37 1.009372396399460034e+06
2.764569269206549507e+01 4.574402632327090176e+37 1.009363527435629978e+06
2.785227841002415516e+01 4.543647965562960306e+37 1.009355740777670057e+06
2.803942781129080686e+01 4.516511735915489878e+37 1.009348875105089974e+06
2.820909514675076935e+01 4.492248221425259570e+37 1.009342778230019961e+06
2.836355087192532665e+01 4.470343722948060101e+37 1.009337314295660006e+06
2.850513886762746552e+01 4.450339112287369921e+37 1.009332361989859957e+06
2.863848061055614380e+01 4.431282014011249885e+37 1.009327729947590036e+06
2.877199366903550981e+01 4.411455553973839647e+37 1.009323087121919962e+06
2.894393628541001817e+01 4.382162727133760161e+37 1.009316955783830024e+06
2.917231928827095544e+01 4.342279635688740235e+37 1.009308670486030052e+06
2.937981768883219047e+01 4.312308830780299745e+37 1.009301272046130034e+06
2.956762539218652819e+01 4.286305446290890349e+37 1.009294739704329986e+06
2.973847874392231461e+01 4.262959342958889642e+37 1.009288915168770007e+06
2.989414136050436355e+01 4.241862847751199977e+37 1.009283687075149966e+06
3.003865929268613399e+01 4.222175885388899802e+37 1.009278881661240011e+06
3.017775885822629789e+01 4.202848103675969882e+37 1.009274277117380057e+06
3.032569780259836989e+01 4.180899945651819995e+37 1.009269335319209960e+06
3.053891070007011876e+01 4.144450610304100018e+37 1.009261999598379945e+06
3.072891793416965811e+01 4.117891315806489924e+37 1.009255515980559983e+06
3.090233375512070779e+01 4.094212024556470168e+37 1.009249707042939961e+06
3.106152531706720765e+01 4.072689734941500002e+37 1.009244455445779953e+06
3.121011889302462805e+01 4.052586922667599814e+37 1.009239608890700038e+06
3.135437629375519464e+01 4.032724271424180210e+37 1.009234930909250048e+06
3.151262217339535709e+01 4.009266724677270095e+37 1.009229746792069986e+06
3.176959084988266113e+01 3.965280168967179866e+37 1.009221085869409959e+06
3.200544348236689984e+01 3.933757683496869794e+37 1.009213322770340019e+06
3.228645714465164929e+01 3.893682857093799834e+37 1.009204308864790015e+06
3.255019318839185871e+01 3.861527848186929804e+37 1.009196169373649987e+06
3.278913385412306525e+01 3.834085106731869849e+37 1.009189062413529959e+06
3.300558448028641578e+01 3.809723453888200212e+37 1.009182798156999983e+06
3.320251983206981095e+01 3.787785488507000030e+37 1.009177208883140003e+06
3.338281935563827574e+01 3.767831141164280193e+37 1.009172163383609965e+06
3.354908564591278264e+01 3.749477433317050201e+37 1.009167555165249971e+06
3.370676568759881775e+01 3.731805492268160140e+37 1.009163205837590038e+06
3.386526574323943350e+01 3.713283027196849838e+37 1.009158818339920021e+06
3.406169970513474254e+01 3.687004514406369959e+37 1.009153212845540023e+06
3.427508196591224987e+01 3.659577004418999922e+37 1.009147052137249964e+06
3.453708260393614182e+01 3.625236040515240130e+37 1.009139504578549997e+06
3.484226911783116520e+01 3.588118548241749841e+37 1.009130903852710035e+06
3.511683720129803987e+01 3.560510333548910011e+37 1.009123492041809950e+06
3.536544651621261437e+01 3.535996778048379764e+37 1.009117002611860051e+06
3.559112135671421129e+01 3.513848288901000198e+37 1.009111236158899963e+06
3.579691632049252803e+01 3.493687961114739929e+37 1.009106049544419977e+06
3.598609131091143354e+01 3.475129672262999878e+37 1.009101323537740042e+06
3.616187672755404492e+01 3.457780308756490077e+37 1.009096952394390013e+06
3.633073938860798080e+01 3.440683830950739789e+37 1.009092751302290009e+06
3.650476196089584846e+01 3.422008173882819886e+37 1.009088373057079967e+06
3.674598197677914868e+01 3.391290341832000209e+37 1.009082029450449976e+06
3.696138924705337558e+01 3.368872967691580080e+37 1.009076386856399942e+06
3.725061113887932152e+01 3.333507860710089971e+37 1.009068792901030043e+06
3.752368263367134205e+01 3.306276111619929778e+37 1.009061822288959986e+06
3.777055997428578848e+01 3.283080956162969892e+37 1.009055713070470025e+06
3.799520724896501633e+01 3.262069546999250087e+37 1.009050269459560048e+06
3.820119314032308466e+01 3.242768185543879854e+37 1.009045342577519943e+06
3.839213295165609452e+01 3.224772741692760150e+37 1.009040808902360033e+06
3.857286887998634484e+01 3.207471762133400040e+37 1.009036526840970037e+06
3.875259449855548155e+01 3.189578497168570123e+37 1.009032245850329986e+06
3.895817746911779977e+01 3.166777646037069879e+37 1.009027207185419975e+06
3.923192687032678805e+01 3.133834681092939798e+37 1.009020276998750051e+06
3.949148570135548653e+01 3.107678562826089795e+37 1.009013800960529945e+06
3.972757406053096929e+01 3.085095814273670146e+37 1.009008045299950056e+06
3.994384161043672066e+01 3.064554223501479951e+37 1.009002864832150051e+06
4.014407138392925845e+01 3.045531963434410054e+37 1.008998123574099969e+06
4.033302309323335066e+01 3.027433070350150079e+37 1.008993677238840028e+06
4.051933611606546037e+01 3.009079038574650131e+37 1.008989289861929952e+06
4.072404898755485192e+01 2.987272167782489900e+37 1.008984380398259964e+06
4.101908365154486091e+01 2.951706070965600049e+37 1.008977033445719979e+06
4.125574480999057414e+01 2.930495045784909847e+37 1.008971286387589993e+06
4.149866427064262098e+01 2.905891798731419984e+37 1.008965476360630011e+06
4.172070772559891338e+01 2.885049305320449812e+37 1.008960253470399999e+06
4.192678163876735198e+01 2.865857953138759962e+37 1.008955475125310011e+06
4.212206335160226445e+01 2.847575014775559974e+37 1.008950985534209991e+06
4.231607060934584297e+01 2.828922986126950178e+37 1.008946530238879961e+06
4.253232590237166733e+01 2.806467536361029831e+37 1.008941476659219945e+06
4.284286840764252702e+01 2.770618545416709941e+37 1.008933977720599971e+06
4.308692708820490225e+01 2.749877005120280103e+37 1.008928260195799987e+06
4.334232669265111326e+01 2.724900885147239947e+37 1.008922373602039996e+06
4.357524765840025793e+01 2.704087142499030233e+37 1.008917108219070011e+06
4.379021226248733001e+01 2.685122223002100187e+37 1.008912328724839957e+06
4.399367707169403729e+01 2.667053814770290052e+37 1.008907849672029959e+06
4.419458106021738786e+01 2.648808065618840221e+37 1.008903437776930048e+06
4.441329169978598657e+01 2.627696366064309802e+37 1.008898577814399963e+06
4.474804149145347765e+01 2.590590080544710221e+37 1.008890831115390058e+06
4.499380749012198066e+01 2.571671450061980031e+37 1.008885336830649991e+06
4.526877764946402749e+01 2.545355629735810029e+37 1.008879261040079989e+06
4.551863433164362505e+01 2.524209956833139989e+37 1.008873851020750008e+06
4.574882209532188426e+01 2.505028566655149940e+37 1.008868959203740000e+06
4.596418151136640518e+01 2.487097038616629844e+37 1.008864436767549952e+06
4.617358822097048687e+01 2.469366730980189845e+37 1.008860062638330040e+06
4.639071077588596381e+01 2.450250999563430134e+37 1.008855502970110043e+06
4.666521574699436314e+01 2.423204556917489845e+37 1.008849544156110031e+06
4.695058982487353205e+01 2.396895605999239879e+37 1.008843313147039968e+06
4.720952717823820421e+01 2.375086693491969975e+37 1.008837767277279985e+06
4.744775964421569370e+01 2.355313823276360106e+37 1.008832757556220051e+06
4.767055694347072858e+01 2.336919477843780006e+37 1.008828132718350040e+06
4.788662961751651892e+01 2.318899849757119993e+37 1.008823677713260055e+06
4.811039001507560897e+01 2.299643813237299964e+37 1.008819054885889986e+06
4.838715184245484124e+01 2.273483481194399844e+37 1.008813183041490032e+06
4.872244875042633794e+01 2.242103714978730178e+37 1.008805995207950007e+06
4.902390466296310478e+01 2.218205488181260076e+37 1.008799730427760049e+06
4.929747410710297117e+01 2.197079105754569944e+37 1.008794207139399950e+06
4.954765678105286497e+01 2.178046737497279874e+37 1.008789260059150052e+06
4.978201353805525287e+01 2.160255932996800163e+37 1.008784689523249981e+06
5.000801978484923893e+01 2.143005900032669772e+37 1.008780315149639966e+06
5.023869648594336468e+01 2.124907021224410087e+37 1.008775844786579954e+06
5.051346974699663406e+01 2.101405498936940016e+37 1.008770391062780051e+06
5.084995157268713228e+01 2.071915439858259966e+37 1.008763570967009990e+06
5.115291188658193278e+01 2.049274045000980010e+37 1.008757585803310038e+06
5.142858929102840193e+01 2.029179596123559927e+37 1.008752277666989947e+06
5.168231457800538919e+01 2.010945506255019943e+37 1.008747484151909943e+06
5.192193313575626235e+01 1.993752027928200039e+37 1.008743013278399943e+06
5.215704657921742182e+01 1.976710481212599933e+37 1.008738652211969951e+06
5.240653759289307345e+01 1.957904421233619903e+37 1.008733997645610012e+06
5.274368634705388104e+01 1.929569475165539964e+37 1.008727485381830018e+06
5.304825773569609737e+01 1.907274066450390103e+37 1.008721642766040051e+06
5.332648701390644419e+01 1.887338712341140050e+37 1.008716408413129975e+06
5.358420143092916987e+01 1.869222342442359948e+37 1.008711641762700048e+06
5.382965875206900819e+01 1.852090070725030094e+37 1.008707157980649965e+06
5.407524167079100152e+01 1.834766513710729901e+37 1.008702697567160008e+06
5.434796518721850589e+01 1.814615155071400016e+37 1.008697703124730033e+06
5.480370707310612488e+01 1.777349068576649982e+37 1.008689104190530023e+06
5.519170700484573899e+01 1.752688486348239915e+37 1.008682082300490001e+06
5.562351474673050689e+01 1.723872384271269991e+37 1.008674536232650047e+06
5.600989410899637733e+01 1.701616492163839937e+37 1.008668088793450035e+06
5.635788072462673881e+01 1.682135644950100076e+37 1.008662476963000023e+06
5.667346376829846122e+01 1.664805602979730103e+37 1.008657507966589998e+06
5.696330901570036076e+01 1.649011759254330104e+37 1.008653011873589945e+06
5.723554579246410867e+01 1.634153026384729910e+37 1.008648826000779984e+06
5.750031359952481580e+01 1.619464823194369966e+37 1.008644759844520013e+06
5.777460669876381871e+01 1.603609641606599896e+37 1.008640505411389982e+06
5.811804902178846532e+01 1.581516617372659989e+37 1.008634972070020041e+06
5.849304700407446944e+01 1.557808755705299980e+37 1.008628807337290025e+06
5.883266229011132964e+01 1.538545729575340001e+37 1.008623337449209997e+06
5.914340932880077162e+01 1.521379090750689986e+37 1.008618436987270019e+06
5.943400438040589506e+01 1.505525045897189959e+37 1.008613927028179984e+06
5.971413116971234558e+01 1.490264468555569941e+37 1.008609623143260018e+06
5.999818855324701872e+01 1.474512378217329960e+37 1.008605264426270034e+06
6.032860918378901260e+01 1.454856510571610027e+37 1.008600091608720017e+06
6.096928517738342634e+01 1.413515234731189974e+37 1.008589773687119945e+06
6.149620527037041029e+01 1.388707775724380107e+37 1.008581849666689988e+06
6.204651683155680075e+01 1.361652972900579967e+37 1.008573918467710027e+06
6.253985311752330745e+01 1.339934143423169929e+37 1.008567114854019950e+06
6.298366385202643869e+01 1.320903768181129941e+37 1.008561176075019990e+06
6.338506529560800118e+01 1.304032770461439942e+37 1.008555917284230003e+06
6.375112721254663484e+01 1.288787630709520050e+37 1.008551182488710037e+06
6.409003983252478065e+01 1.274674777621170115e+37 1.008546829429839971e+06
6.441203451489309373e+01 1.261117952441639885e+37 1.008542697470630053e+06
6.473029411470270134e+01 1.247380241849999940e+37 1.008538587814250030e+06
6.507054479933685798e+01 1.231903877472360029e+37 1.008534109367139987e+06
6.555091702905519924e+01 1.207356085429210038e+37 1.008527459441969986e+06
6.612623634177180065e+01 1.179572644917730073e+37 1.008519457513110014e+06
6.684449357937955938e+01 1.147804683898899956e+37 1.008509864853439969e+06
6.754253695302577398e+01 1.120901630577890066e+37 1.008501051549679949e+06
6.817189737779335701e+01 1.097829056872539928e+37 1.008493396939230035e+06
6.874061803927725123e+01 1.077254552792440082e+37 1.008486624148749979e+06
6.925644104230195808e+01 1.058707117847100015e+37 1.008480543750629993e+06
6.972728519102565770e+01 1.041820539898430047e+37 1.008475021504209959e+06
7.016127450304520607e+01 1.026253378678589958e+37 1.008469940413239994e+06
7.056641745119122788e+01 1.011587976471270054e+37 1.008465183699300047e+06
7.095607374377868837e+01 9.972275769576330176e+36 1.008460574594459962e+06
7.134813764568934857e+01 9.823801205633259768e+36 1.008455875831149984e+06
7.177954976422188338e+01 9.651695452748720026e+36 1.008450568190600025e+06
7.246341910864430247e+01 9.353374614705069629e+36 1.008441736332579982e+06
7.308375338702535373e+01 9.111828405208160040e+36 1.008433794584269985e+06
7.365595986577500298e+01 8.895731841634899683e+36 1.008426602112840046e+06
7.418627955088231829e+01 8.700328128536290108e+36 1.008420035207720008e+06
7.468302509857312543e+01 8.519410463348939874e+36 1.008413937212339952e+06
7.515532598978825263e+01 8.348501400150860086e+36 1.008408165666399989e+06
7.561966841236971959e+01 8.179618092644599745e+36 1.008402484788640053e+06
7.610010920464810624e+01 8.002642918914240525e+36 1.008396564233849989e+06
7.667190882585600775e+01 7.781451843500059458e+36 1.008389328422180028e+06
7.746670008080582193e+01 7.467278475541720046e+36 1.008379042150220019e+06
7.827738128254532057e+01 7.185345096107089570e+36 1.008368926197189954e+06
7.911768383338676358e+01 6.901769042722309587e+36 1.008358666178349988e+06
7.991089211409598647e+01 6.643564421944640502e+36 1.008349128237830009e+06
8.066252271831217513e+01 6.404710952705660023e+36 1.008340192455320037e+06
8.138836691681535740e+01 6.176983563369330172e+36 1.008331602443589945e+06
8.209895176984900900e+01 5.956918788611159575e+36 1.008323207030480029e+06
8.280270577425289957e+01 5.741612718221460090e+36 1.008314887731330004e+06
8.352810537156256032e+01 5.521811868199880506e+36 1.008306291229930008e+06
8.433498636233525758e+01 5.278904378119309835e+36 1.008296676278389990e+06
8.564629764243909449e+01 4.901908356326079891e+36 1.008281264067959972e+06
8.664450788719477714e+01 4.631970689572849972e+36 1.008269634621710051e+06
8.812045127471901651e+01 4.269664101900259933e+36 1.008253343964930042e+06
