# time luminosity radius
-2.183753902133321390e+01 4.481006072087839797e+35 1.008240348834799952e+06
-1.840739779997966252e+01 4.744498345747269925e+35 1.008243503966660006e+06
-1.599133092189731542e+01 4.992894848504669674e+35 1.008247500895650010e+06
-1.429053119552554563e+01 5.218904453887740364e+35 1.008251761761619942e+06
-1.307743513341119979e+01 5.419963089712870164e+35 1.008255962515220046e+06
-1.219614662117965054e+01 5.596291636092350124e+35 1.008259942444580025e+06
-1.153789099716232158e+01 5.750969435324260206e+35 1.008263655528930016e+06
-1.102432859744294547e+01 5.889929974488740354e+35 1.008267177266750019e+06
-1.057278301350015681e+01 6.030327484332609940e+35 1.008270892250480014e+06
-1.033766170527087525e+01 6.109582121072179876e+35 1.008273044475589995e+06
-1.018477607214299496e+01 6.164162582118719953e+35 1.008274553109889966e+06
-1.001658685473375954e+01 6.227944665505870293e+35 1.008276350782510010e+06
-9.834389719719183631e+00 6.300277564219789911e+35 1.008278494123299955e+06
-9.638449669277179055e+00 6.385481664191960260e+35 1.008281062422750052e+06
-9.425088508651242591e+00 6.487176357647599985e+35 1.008284240665419959e+06
-9.195326369997928850e+00 6.609732905738340254e+35 1.008288224118620041e+06
-8.948849795197020285e+00 6.760943186713079657e+35 1.008293431000740035e+06
-8.924304269312415272e+00 6.776385085226829996e+35 1.008293966232070001e+06
-8.875458672788226977e+00 6.807877185398709790e+35 1.008295084237240022e+06
-8.778255935700144619e+00 6.874293434719869992e+35 1.008297551497529959e+06
-8.768450790666975081e+00 6.880783436556170570e+35 1.008297806525749969e+06
-8.748938552060280927e+00 6.894288880444629269e+35 1.008298332496210001e+06
-8.721002664824482054e+00 6.914075429943239887e+35 1.008299115296939970e+06
-8.703597210609586909e+00 6.927344927239440470e+35 1.008299614249230013e+06
-8.690852005311171524e+00 6.935863230388820553e+35 1.008299984329389990e+06
-8.680153547073132358e+00 6.945141038914159296e+35 1.008300297351039946e+06
-8.670426201540976763e+00 6.950487081838759961e+35 1.008300583672599983e+06
-8.661346267530461773e+00 6.957407464677659608e+35 1.008300852181149996e+06
-8.652346194969140925e+00 6.964042409768449838e+35 1.008301119200189947e+06
-8.642558271429152228e+00 6.971566362547299545e+35 1.008301410069369944e+06
-8.629580626395181753e+00 6.982441549380609862e+35 1.008301796351360041e+06
-8.604470743186539039e+00 6.999944624537239764e+35 1.008302556849749992e+06
-8.554502075610798784e+00 7.039768455829929476e+35 1.008304154668090050e+06
-8.466777665846166201e+00 7.113121831900410370e+35 1.008307296434010030e+06
-8.398090094400686212e+00 7.174736831978670354e+35 1.008310017285829992e+06
-8.338662378344452009e+00 7.228864187231269985e+35 1.008312618223440018e+06
-8.285702318127732724e+00 7.280435001233709874e+35 1.008315188562060008e+06
-8.243947892275173217e+00 7.323405018854969783e+35 1.008317415765500045e+06
-8.214672585847438313e+00 7.354206251128510243e+35 1.008319089344569948e+06
-8.188962206710129976e+00 7.382918573517070114e+35 1.008320654859320028e+06
-8.164760040061082691e+00 7.406644040897150201e+35 1.008322239677160047e+06
-8.142121781085734256e+00 7.432978589389619427e+35 1.008323829862080049e+06
-8.120531215594382957e+00 7.455750852923419436e+35 1.008325473611450056e+06
-8.100231609671027400e+00 7.482013149644860000e+35 1.008327149119929993e+06
-8.080876604624791071e+00 7.504244287458710721e+35 1.008328898553609964e+06
-8.063678060148959048e+00 7.522480262217939993e+35 1.008330641597680049e+06
-8.049529010575497523e+00 7.540071289274729433e+35 1.008332247559380019e+06
-8.037255497460137121e+00 7.557326702649660046e+35 1.008333744979540003e+06
-8.023356768753728829e+00 7.573014820485180624e+35 1.008335586080819950e+06
-8.006851025304058567e+00 7.593798790148380017e+35 1.008338050611300045e+06
-7.991089305258356035e+00 7.616317351005170422e+35 1.008340754382570041e+06
-7.975817066821036860e+00 7.644256568331040331e+35 1.008343607397329994e+06
-7.961520454220590182e+00 7.482064823593089382e+35 1.008346449476939975e+06
-7.949290268632466905e+00 7.680487842205830498e+35 1.008348970388030051e+06
-7.937532425625249743e+00 7.692639730555829676e+35 1.008351468321410008e+06
-7.926173104482586496e+00 7.713518350253099326e+35 1.008353939786409959e+06
-7.914826480875490233e+00 7.738727058555240101e+35 1.008356572712540044e+06
-7.902623455011053011e+00 7.618347197481170381e+35 1.008359454879989964e+06
-7.890201951566268690e+00 7.655032034266919735e+35 1.008362599999219994e+06
-7.877455675959936343e+00 7.814950522792729906e+35 1.008365844166369992e+06
-7.863916787857306190e+00 7.809589269842389674e+35 1.008369308708259952e+06
-7.849331223056651652e+00 7.845180236371319693e+35 1.008373122684190050e+06
-7.833937862029415555e+00 7.843524255923030373e+35 1.008377192522039986e+06
-7.817391771139227785e+00 7.929967439318870546e+35 1.008381642508539953e+06
-7.799559290040633641e+00 8.039383343579009672e+35 1.008386546381950029e+06
-7.780290374765172601e+00 8.332649037651029853e+35 1.008392093217339949e+06
-7.759672723172116093e+00 9.060365513802950368e+35 1.008398190312350052e+06
-7.737828657802310772e+00 1.021282394898160072e+36 1.008404829012149945e+06
-7.715627537938416936e+00 1.264221765279769987e+36 1.008411823803539970e+06
-7.692813496891176328e+00 1.947060128904849966e+36 1.008419484798329999e+06
-7.669189717256813310e+00 2.680832220998600019e+36 1.008427703747930005e+06
-7.644898787228157744e+00 3.067714267729250113e+36 1.008436457768650027e+06
-7.620803996978793293e+00 3.679260401267349796e+36 1.008445507817329955e+06
-7.596842996354098432e+00 4.180225389634580254e+36 1.008454869877979974e+06
-7.573276289491332136e+00 6.357982711267429413e+36 1.008465074533159961e+06
-7.554897957335924730e+00 6.283953720478409488e+36 1.008473216042759945e+06
-7.531839230839977972e+00 6.562944024640139658e+36 1.008483835639480036e+06
-7.509291464579291642e+00 7.028924490164209774e+36 1.008494688460850040e+06
-7.487285886338213459e+00 7.374033754538630380e+36 1.008505671291240025e+06
-7.465833105816273019e+00 7.725400337112250576e+36 1.008516807549980003e+06
-7.444648281525587663e+00 8.090280012493649848e+36 1.008528282419560011e+06
-7.423708394184359349e+00 8.636179491670370205e+36 1.008540256223689998e+06
-7.403049207176081836e+00 9.044263279716210120e+36 1.008552575756800012e+06
-7.383376334808417596e+00 9.438972842809519434e+36 1.008564775584509945e+06
-7.364870900302776136e+00 9.816835967747069566e+36 1.008576680480120005e+06
-7.346893927766359411e+00 1.018976382470149960e+37 1.008588668958080001e+06
-7.329039934586035088e+00 1.056717606136739985e+37 1.008601063926559989e+06
-7.311585675328387879e+00 1.094374388455519927e+37 1.008613667301720008e+06
-7.294860654234071262e+00 1.130813844519849894e+37 1.008626198732309975e+06
-7.277882360998773947e+00 1.168458803312979902e+37 1.008639396508070058e+06
-7.260334709222661331e+00 1.208595527597099889e+37 1.008653550788830034e+06
-7.242468940094113350e+00 1.250350753297660073e+37 1.008668494278460043e+06
-7.226071162600419484e+00 1.288619198887470077e+37 1.008682660752799944e+06
-7.210775021419976838e+00 1.325482212881050097e+37 1.008696280959640048e+06
-7.196299745264695957e+00 1.361291104718389910e+37 1.008709538671400049e+06
-7.182357299549039453e+00 1.396060495512389960e+37 1.008722655904410058e+06
-7.168869686443940736e+00 1.429889891960309917e+37 1.008735675267669954e+06
-7.155051137408008799e+00 1.464940340544249898e+37 1.008749365885289968e+06
-7.142089045533793978e+00 1.497503605346640106e+37 1.008762513297989964e+06
-7.129001909488579258e+00 1.530689711885629978e+37 1.008776107977470034e+06
-7.116257213376229629e+00 1.562856992600330028e+37 1.008789644409480039e+06
-7.103710070266970433e+00 1.594391725041320080e+37 1.008803263537980034e+06
-7.091318955688620917e+00 1.625375154010209885e+37 1.008816998402319965e+06
-7.078776734386337921e+00 1.656745861580649903e+37 1.008831189654669957e+06
-7.066324285886366852e+00 1.687579795344589926e+37 1.008845557774499990e+06
-7.053552000259514898e+00 1.719182078021140085e+37 1.008860581289959955e+06
-7.040504750213585794e+00 1.750844100128140059e+37 1.008876205589000019e+06
-7.027862655115313828e+00 1.780452691580390056e+37 1.008891592962080031e+06
-7.015479867288377136e+00 1.809077920268269885e+37 1.008906891134849982e+06
-7.003325894009321928e+00 1.836864054799850009e+37 1.008922113534449949e+06
-6.991198470568633638e+00 1.859806250799659910e+37 1.008937480361000053e+06
-6.979254124380531721e+00 1.889804418322379962e+37 1.008952788393710041e+06
-6.967328058934072033e+00 1.910237279468629940e+37 1.008968218809420010e+06
-6.955557536712149158e+00 1.936721794566579936e+37 1.008983568089109962e+06
-6.943867777576087974e+00 1.966042694885389949e+37 1.008998922230529948e+06
-6.932197636910132132e+00 2.000466761459940028e+37 1.009014359510840033e+06
-6.920479293868993409e+00 2.088252217519670050e+37 1.009029970757359988e+06
-6.908927954951650463e+00 2.117795912136280080e+37 1.009045405264280038e+06
-6.897545186060597189e+00 2.175234164400289868e+37 1.009060680153960013e+06
-6.886274902353761718e+00 2.203085454063230225e+37 1.009075849472759990e+06
-6.875078342200140469e+00 2.256477180230560132e+37 1.009090972909369972e+06
-6.863911757827736437e+00 2.301283644459120182e+37 1.009106094230160001e+06
-6.852693587308749557e+00 2.366000871576039859e+37 1.009121310988800018e+06
-6.841457548289326951e+00 2.427895479375170227e+37 1.009136569641790004e+06
-6.830129829701036215e+00 2.503352799324019842e+37 1.009151964888690040e+06
-6.818666788210975938e+00 2.567768678180509966e+37 1.009167545795480022e+06
-6.807402999125770293e+00 2.630728660873100146e+37 1.009182855037049972e+06
-6.795929878455353901e+00 2.693601392541090202e+37 1.009198447372609982e+06
-6.784484691335819662e+00 2.758561949807890012e+37 1.009213987487470033e+06
-6.772384893949492835e+00 2.819949859482990093e+37 1.009230409483049996e+06
-6.760557046582107432e+00 2.885532915329850093e+37 1.009246431430640048e+06
-6.749130286902072839e+00 2.943847712618690060e+37 1.009261890132379951e+06
-6.737994388822698966e+00 3.003120041557309996e+37 1.009276932432139991e+06
-6.727121333824470639e+00 3.062555557494200144e+37 1.009291596779730055e+06
-6.715772282623220235e+00 3.123215280574700119e+37 1.009306867753689992e+06
-6.701894207799341530e+00 3.193519503179959902e+37 1.009325478021619958e+06
-6.687502588101779111e+00 3.266713356000459904e+37 1.009344679828910041e+06
-6.668857581666088663e+00 3.363879659337629829e+37 1.009369447102430044e+06
-6.649660378956468776e+00 3.465423764536889923e+37 1.009394778832999989e+06
-6.631664020416792482e+00 3.562219090861819897e+37 1.009418362728839973e+06
-6.613022689707577229e+00 3.663715010063599841e+37 1.009442624680379988e+06
-6.595426093597779982e+00 3.760597222676230150e+37 1.009465353502009995e+06
-6.577700055233435705e+00 3.859359511185869807e+37 1.009488093073350028e+06
-6.559612681507132947e+00 3.961185264952529933e+37 1.009511124071300030e+06
-6.541503295491565950e+00 4.064389624529289934e+37 1.009534007844790001e+06
-6.523070796290994622e+00 4.170438371529760233e+37 1.009557143923989963e+06
-6.503618913106038235e+00 4.283370132254780313e+37 1.009581339156480040e+06
-6.481279715517302975e+00 4.413808002590910231e+37 1.009608872773619951e+06
-6.459089924202999100e+00 4.544497612841499914e+37 1.009635950760700041e+06
-6.436960163919138722e+00 4.675299632296380224e+37 1.009662689131609979e+06
-6.414826008345698938e+00 4.806162111140609676e+37 1.009689165802299976e+06
-6.392684383405139670e+00 4.936805470746979922e+37 1.009715380021470017e+06
-6.370465830594184808e+00 5.067345433648029677e+37 1.009741413592029945e+06
-6.348183323745615780e+00 5.197423238678639862e+37 1.009767237855089945e+06
-6.325915835797786713e+00 5.326330805375830405e+37 1.009792774587030057e+06
-6.303597401303704828e+00 5.454238437197910456e+37 1.009818081460990012e+06
-6.281223712052451447e+00 5.580970803748280210e+37 1.009843153747610049e+06
-6.258729824592592195e+00 5.706671197948789564e+37 1.009868048122460023e+06
-6.236116801868774928e+00 5.831129897645549896e+37 1.009892753272989998e+06
-6.213316336696152575e+00 5.954577180276109619e+37 1.009917334213600028e+06
-6.190424930406152271e+00 6.076354945958540237e+37 1.009941686372490018e+06
-6.167436565709067509e+00 6.196339832590540164e+37 1.009965796686099959e+06
-6.144288719719043002e+00 6.314679462859939581e+37 1.009989718030730030e+06
-6.120979306375375018e+00 6.431294485332249575e+37 1.010013439913389971e+06
-6.097441630277899094e+00 6.546411113551609976e+37 1.010037023174389964e+06
-6.073675361883942969e+00 6.659851309626960182e+37 1.010060450794109958e+06
-6.049692122178385034e+00 6.771432027439409791e+37 1.010083688365409966e+06
-6.025513210755889304e+00 6.880982397866270299e+37 1.010106709717320045e+06
-6.001127692026784644e+00 6.988450869411010259e+37 1.010129509472509963e+06
-5.976466764070210047e+00 7.094056059426279600e+37 1.010152135434529977e+06
-5.951523149851709604e+00 7.197659499723409872e+37 1.010174577386730001e+06
-5.926219799512182362e+00 7.299455442734719982e+37 1.010196887287840014e+06
-5.900655669072875753e+00 7.398964169342480255e+37 1.010218966144690057e+06
-5.874828761574462987e+00 7.496174122151200311e+37 1.010240799968929961e+06
-5.848662869233521633e+00 7.591240549625760135e+37 1.010262437982450007e+06
-5.822139988536946476e+00 7.684271303163900190e+37 1.010283876879579970e+06
-5.795172205063863657e+00 7.775287146557960091e+37 1.010305166235569981e+06
-5.767882042564451694e+00 7.863925489677120058e+37 1.010326194800850004e+06
-5.740241983570740558e+00 7.950180909945610296e+37 1.010346970051590004e+06
-5.712161218907567672e+00 8.034299076785419801e+37 1.010367541050689993e+06
-5.683604850812116638e+00 8.116311858849909816e+37 1.010387913426549989e+06
-5.654636774808750488e+00 8.196027743915029749e+37 1.010408023897249950e+06
-5.625227734490181319e+00 8.273452057711740387e+37 1.010427879083790001e+06
-5.595326813141582534e+00 8.348680518915670128e+37 1.010447495333699975e+06
-5.564868766712606885e+00 8.421869874243799911e+37 1.010466897667429992e+06
-5.533957207124331035e+00 8.492797724183899849e+37 1.010486003644839977e+06
-5.502520250549423508e+00 8.561529117038120883e+37 1.010504843968459987e+06
-5.470441919780569151e+00 8.628354564664339684e+37 1.010523470237329951e+06
-5.437870762179954909e+00 8.693006543771250835e+37 1.010541781826489954e+06
-5.404713993993937038e+00 8.755652295235239123e+37 1.010559819576569949e+06
-5.370889941681525670e+00 8.816521670933290331e+37 1.010577613712650025e+06
-5.336495383904548362e+00 8.875500264066199155e+37 1.010595101499020006e+06
-5.301416895643342286e+00 8.932786197957040555e+37 1.010612331010130001e+06
-5.265693106455728412e+00 8.988432058090009904e+37 1.010629273826160002e+06
-5.229271405725739896e+00 9.042566350125319873e+37 1.010645948326720041e+06
-5.192099242485710420e+00 9.095353391132090342e+37 1.010662371708180057e+06
-5.154254356064484455e+00 9.146843182082689255e+37 1.010678506940099993e+06
-5.115579142599017359e+00 9.197302488367869897e+37 1.010694419215059956e+06
-5.076186110760318115e+00 9.246780806606709368e+37 1.010710062968680053e+06
-5.035916770808398724e+00 9.295543068313420217e+37 1.010725504304719972e+06
-4.994907389045692980e+00 9.343674956806259262e+37 1.010740697895069956e+06
-4.952995386920520104e+00 9.391441275436479213e+37 1.010755713671969948e+06
-4.910243206220911816e+00 9.439012267736200797e+37 1.010770541069069994e+06
-4.866585023584775627e+00 9.486646631916020788e+37 1.010785218514729990e+06
-4.821999420790234581e+00 9.534538395522980824e+37 1.010799772322130040e+06
-4.776512983866268769e+00 9.582925018338039829e+37 1.010814216438950039e+06
-4.730000616022152826e+00 9.632149434501190345e+37 1.010828615630939952e+06
-4.682523739364114590e+00 9.682382264707859713e+37 1.010842980752610019e+06
-4.634052518842509016e+00 9.733880984643340875e+37 1.010857355579140014e+06
-4.584495372560922988e+00 9.786984169113149984e+37 1.010871805096219992e+06
-4.533903365168953314e+00 9.841933300621880325e+37 1.010886354961359990e+06
-4.482264501450117677e+00 9.898989280265469142e+37 1.010901054295690032e+06
-4.429512795177288353e+00 9.958468191675219644e+37 1.010915982080689981e+06
-4.375590847412240691e+00 1.002071477239130066e+38 1.010931187188240001e+06
-4.320499796478543431e+00 1.008596594033359914e+38 1.010946730955690029e+06
-4.264260486161219887e+00 1.015449976683220005e+38 1.010962665272790007e+06
-4.206868528854101896e+00 1.022655652280339930e+38 1.010979051455119974e+06
-4.148264351722900756e+00 1.030243418137770017e+38 1.010995968169310014e+06
-4.088288824379560538e+00 1.038255439018910052e+38 1.011013525321959984e+06
-4.027119759848574176e+00 1.046696562233079972e+38 1.011031733351069968e+06
-3.964769745944067836e+00 1.055579605910949941e+38 1.011050651480349945e+06
-3.901048962376080453e+00 1.064944144407649946e+38 1.011070400666399975e+06
-3.836010566403274424e+00 1.074802465923450046e+38 1.011091025010869955e+06
-3.769785016556852497e+00 1.085146608318930066e+38 1.011112539711339981e+06
-3.702142986439866945e+00 1.096011544386429980e+38 1.011135075760090025e+06
-3.633220038231229410e+00 1.107387615509179944e+38 1.011158636974720052e+06
-3.563034633072675206e+00 1.119267442470089974e+38 1.011183261327289976e+06
-3.491402824351098388e+00 1.131672231017610048e+38 1.011209054143680027e+06
-3.418564711726503447e+00 1.144560304548959943e+38 1.011235958224560018e+06
-3.344302674013306387e+00 1.157943403289940031e+38 1.011264080343630048e+06
-3.268842022036551498e+00 1.171771440215419962e+38 1.011293347650449956e+06
-3.191964050172828138e+00 1.186047330820889924e+38 1.011323853556539980e+06
-3.113861355464905500e+00 1.200715331439580005e+38 1.011355515880579944e+06
-3.034396157934679650e+00 1.215756540707889961e+38 1.011388378374450025e+06
-2.953726187130087055e+00 1.231108482792389958e+38 1.011422349517469993e+06
-2.871630270252353512e+00 1.246757310774690035e+38 1.011457489843689953e+06
-2.788406737905461341e+00 1.262611642084349939e+38 1.011493622879480012e+06
-2.703873551698052324e+00 1.278639253830230059e+38 1.011530772585439961e+06
-2.618150347756454721e+00 1.294769949703730005e+38 1.011568816953359987e+06
-2.531229419168084860e+00 1.310942843164639912e+38 1.011607681441240013e+06
-2.442991991993039846e+00 1.327114746404579927e+38 1.011647330708340043e+06
-2.353642419897369109e+00 1.343195730457979919e+38 1.011687574076390010e+06
-2.263127923593856394e+00 1.359124404798149939e+38 1.011728327543050051e+06
-2.171347604424227029e+00 1.374851971515409916e+38 1.011769518029280007e+06
-2.078471612694556825e+00 1.390294253615109992e+38 1.011810943242050009e+06
-1.984501185579574667e+00 1.405383592084819997e+38 1.011852469941640040e+06
-1.889355913095641881e+00 1.420068322655619940e+38 1.011893995171859977e+06
-1.792995890587917529e+00 1.434293234939339974e+38 1.011935384788649972e+06
-1.695520286448299885e+00 1.447989401613790076e+38 1.011976438518119976e+06
-1.596946616729837842e+00 1.461096180684050045e+38 1.012016989189250045e+06
-1.497238922209362499e+00 1.473562909668130079e+38 1.012056886458129971e+06
-1.396367028035456315e+00 1.485341735912220063e+38 1.012095968943509972e+06
-1.294289224344538525e+00 1.496387548595209932e+38 1.012134081470609992e+06
-1.191000444407109171e+00 1.506655600090719978e+38 1.012171035597929964e+06
-1.086500760080525652e+00 1.516102749372050007e+38 1.012206644325130037e+06
-9.807971686677774414e-01 1.524688475516340079e+38 1.012240711829719949e+06
-8.738750757620437071e-01 1.532375847623809965e+38 1.012273051987549989e+06
-7.656737511133542284e-01 1.539132355463009918e+38 1.012303489298430039e+06
-6.612324818706838414e-01 1.544884242190470040e+38 1.012330639580170042e+06
-5.668666916899383068e-01 1.549555761369569966e+38 1.012353322788430029e+06
-4.819880534341791645e-01 1.553168704497769993e+38 1.012372226223560050e+06
-4.056031032087048516e-01 1.555931853113600034e+38 1.012387995478139957e+06
-3.371876151795731857e-01 1.558029554568710013e+38 1.012401099128509988e+06
-2.761254490906139836e-01 1.559600445557739985e+38 1.012411967310050037e+06
-2.218273885227972642e-01 1.560760818167229940e+38 1.012420967557669966e+06
-1.737119177414570004e-01 1.561604275987430065e+38 1.012428414773980039e+06
-1.311316788633121178e-01 1.562203615183399910e+38 1.012434587563800043e+06
-9.345118480268865824e-02 1.562617538112229949e+38 1.012439718736669980e+06
-5.972724240564275533e-02 1.562880638182490018e+38 1.012444044339169981e+06
-2.900619278079830110e-02 1.563023236365179950e+38 1.012447760199300013e+06
0.000000000000000000e+00 1.563052062429900039e+38 1.012451065073229955e+06
3.004919149680063128e-02 1.562914786114359918e+38 1.012454261991570005e+06
7.736813192605040967e-02 1.561995742558850090e+38 1.012458721888929955e+06
1.484549344604602084e-01 1.560258570190700028e+38 1.012463937713259947e+06
2.238649479550076649e-01 1.558621970107489933e+38 1.012467778946159990e+06
3.126773954136297107e-01 1.555771032742650020e+38 1.012470148059220053e+06
4.196865236735902727e-01 1.551373746581130061e+38 1.012469792943350039e+06
5.419153210532385856e-01 1.545451242834500067e+38 1.012465232928439975e+06
6.662401956127723679e-01 1.538835751303740050e+38 1.012456455107419984e+06
7.929862559831235558e-01 1.531122256119930092e+38 1.012443403094850015e+06
9.221795324265258387e-01 1.522351578534999911e+38 1.012425970936340047e+06
1.053887602916802280e+00 1.512546333589220060e+38 1.012404080723120016e+06
1.188069958501728252e+00 1.501743362676519918e+38 1.012377714020950021e+06
1.324864133581286296e+00 1.489960456484170067e+38 1.012346862351640011e+06
1.464425595564534888e+00 1.477221932843019909e+38 1.012311548718370032e+06
1.592241025908151641e+00 1.465412027971420035e+38 1.012276278778510052e+06
1.708076556315063499e+00 1.454338917305539946e+38 1.012242171609509969e+06
1.812034660237259232e+00 1.444133397819180022e+38 1.012209979332279996e+06
1.905241082946304232e+00 1.434764449098629966e+38 1.012179947850859957e+06
1.988440611254191026e+00 1.426247101158010089e+38 1.012152279914429993e+06
2.062422763468930498e+00 1.418558952280660008e+38 1.012127047501810011e+06
2.127941610568086617e+00 1.411667219514240014e+38 1.012104242937159957e+06
2.185839888436021283e+00 1.405513657006560006e+38 1.012083756901990040e+06
2.237058437094674446e+00 1.400018946421969944e+38 1.012065389312739950e+06
2.282702956465072930e+00 1.395075690738469963e+38 1.012048836454089964e+06
2.324299501357018016e+00 1.390516738231110061e+38 1.012033605455570039e+06
2.364065153102274053e+00 1.386084825757819972e+38 1.012018913304680027e+06
2.407989995059324428e+00 1.381015415362520050e+38 1.012002510899699992e+06
2.495400430547306314e+00 1.369999449692010003e+38 1.011969171800159966e+06
2.587266133559751324e+00 1.359241074038039909e+38 1.011933359944610042e+06
2.691097307819291018e+00 1.346757144655750069e+38 1.011892279977450031e+06
2.817209948087111115e+00 1.331264635548429962e+38 1.011841663493289961e+06
2.973382346739526838e+00 1.311916126004779935e+38 1.011778255024350015e+06
3.143351886945310980e+00 1.291269735750379953e+38 1.011709053144830046e+06
3.318786188363446854e+00 1.270284580277399907e+38 1.011638125737910043e+06
3.489305901282932609e+00 1.250311646353710069e+38 1.011570172755619977e+06
3.642895231576403603e+00 1.232780520749139993e+38 1.011510118065290037e+06
3.780874056275933981e+00 1.217243339464990004e+38 1.011457285567059997e+06
3.903907602594699711e+00 1.203579785509880022e+38 1.011411147539039957e+06
4.013972642424050719e+00 1.191493783898029939e+38 1.011370696797490004e+06
4.111794183263555169e+00 1.180881861325890057e+38 1.011335420956350048e+06
4.198587377017247491e+00 1.171565456393030090e+38 1.011304669620480039e+06
4.275284802672103979e+00 1.163416234152270038e+38 1.011277930542140035e+06
4.342949562473222613e+00 1.156291407565359961e+38 1.011254684097829973e+06
4.402732926697353832e+00 1.150045270180999911e+38 1.011234415211710031e+06
4.456004246589145623e+00 1.144512733683079961e+38 1.011216567685839953e+06
4.504911167779937387e+00 1.139444858715400012e+38 1.011200359591449960e+06
4.553093068854650483e+00 1.134434242174870050e+38 1.011184552218039986e+06
4.616398859958280809e+00 1.127671671600429955e+38 1.011164013202750008e+06
4.712786058458732441e+00 1.117288903710429971e+38 1.011133239685370005e+06
4.834951806100434624e+00 1.104453386901270004e+38 1.011095071957989945e+06
4.976564618918928318e+00 1.089964457390509969e+38 1.011052091962140054e+06
5.151457593630766496e+00 1.072452838171470088e+38 1.011000985512570012e+06
5.362617533450247720e+00 1.052214021842830085e+38 1.010942230416610022e+06
5.595359471451956779e+00 1.031291422022050060e+38 1.010881244551140000e+06
5.854019553822581656e+00 1.009451053916789962e+38 1.010818107356040040e+06
6.117699094858835451e+00 9.889221622283499190e+37 1.010758522594650043e+06
6.349628738898900338e+00 9.724409705276570918e+37 1.010709814350020024e+06
6.556632144085597247e+00 9.585674446928120894e+37 1.010669122382050031e+06
6.740425055584637448e+00 9.468758844306759906e+37 1.010635005954209948e+06
6.904698640122660436e+00 9.368724668597510576e+37 1.010606034211029997e+06
7.050654877399210818e+00 9.283379381662470180e+37 1.010581412374970037e+06
7.180942755570868030e+00 9.209788144528770204e+37 1.010560276259550010e+06
7.296817697526421398e+00 9.146408580982160540e+37 1.010542111145350034e+06
7.399702824026462622e+00 9.091720768044039172e+37 1.010526460572279990e+06
7.490805982597521506e+00 9.044525193823320519e+37 1.010512963083639974e+06
7.571329783226246946e+00 9.003749893702579847e+37 1.010501305755150039e+06
7.642561871398356743e+00 8.968385145220779490e+37 1.010491200222300016e+06
7.705960036750184372e+00 8.937423425156679995e+37 1.010482363408079953e+06
7.763960130861960351e+00 8.909401867898500156e+37 1.010474403541289968e+06
7.821177310877828859e+00 8.881786066276499150e+37 1.010466655888080015e+06
7.898832974271499552e+00 8.842925847807460267e+37 1.010456272920369986e+06
8.012005531127215363e+00 8.785170078381699915e+37 1.010441400761779980e+06
8.181840705190552399e+00 8.698369562074179945e+37 1.010419637046320015e+06
8.365824837877880782e+00 8.611634589508340346e+37 1.010396866355390055e+06
8.570975780879962258e+00 8.520455773912309467e+37 1.010372592467879993e+06
8.800672138779191300e+00 8.424870863168119578e+37 1.010346810676150024e+06
9.060598406867939048e+00 8.324205411372039748e+37 1.010319379442550009e+06
9.362945990942534991e+00 8.215879890931539595e+37 1.010289670298959943e+06
9.724951376541866921e+00 8.097373902709129768e+37 1.010256936513019959e+06
1.008425929307122715e+01 7.997602689411909882e+37 1.010227273909969954e+06
1.040045496140373871e+01 7.922651427154589603e+37 1.010203290998729994e+06
1.068021204552496783e+01 7.861696118797949912e+37 1.010183481426669983e+06
1.092828270407335367e+01 7.810605786741039602e+37 1.010166828119540005e+06
1.114895716725732200e+01 7.766989487588709746e+37 1.010152618780359975e+06
1.134570293413707986e+01 7.729337510934109686e+37 1.010140360625599977e+06
1.152167628670576960e+01 7.696501527187550418e+37 1.010129683742290013e+06
1.167893153231125325e+01 7.667802539535460141e+37 1.010120346061630058e+06
1.181979848808259703e+01 7.642528735976269824e+37 1.010112129832640057e+06
1.194567890590406023e+01 7.620300462799749640e+37 1.010104896292109974e+06
1.205799312623275910e+01 7.600735174614970045e+37 1.010098523075439967e+06
1.215801329317037016e+01 7.583514469620069807e+37 1.010092907642759965e+06
1.224707895552273840e+01 7.568319332424559664e+37 1.010087952228619950e+06
1.232659757178043947e+01 7.554832682560730058e+37 1.010083559952049982e+06
1.239921207953011617e+01 7.542453761838790258e+37 1.010079570604710025e+06
1.246968428144464269e+01 7.530109752838619791e+37 1.010075705060919980e+06
1.255732971707766410e+01 7.512934544863430204e+37 1.010070848961209995e+06
1.269458778190892190e+01 7.481675308736100241e+37 1.010063094201019965e+06
1.287136707823083270e+01 7.440886930764340068e+37 1.010052911241899943e+06
1.306588611526240129e+01 7.398766636373070309e+37 1.010041686877739965e+06
1.328410438400169369e+01 7.353123160046049882e+37 1.010029231621999992e+06
1.353141991670418065e+01 7.303016975512159749e+37 1.010015381457480020e+06
1.381553322974650655e+01 7.247300976369590148e+37 1.009999878901579999e+06
1.406637861047056504e+01 7.206486930190540428e+37 1.009986728072850034e+06
1.429128199703700375e+01 7.171870035818269792e+37 1.009975371817830019e+06
1.449296315580431838e+01 7.141531382598309895e+37 1.009965466447359999e+06
1.467351556131325196e+01 7.114666314099610040e+37 1.009956774709010031e+06
1.483591622773383278e+01 7.090543829776679867e+37 1.009949069670889992e+06
1.498160916473716497e+01 7.068973810631869982e+37 1.009942230954900035e+06
1.511219888176128734e+01 7.049680276040809916e+37 1.009936151542210020e+06
1.522907281070365570e+01 7.032443975711189794e+37 1.009930745404519956e+06
1.533362948332796805e+01 7.017034434817199813e+37 1.009925933590680012e+06
1.542731672602531034e+01 7.003207388004520191e+37 1.009921637743609957e+06
1.551291438621410634e+01 6.990409955484410193e+37 1.009917720298090018e+06
1.559553286577283870e+01 6.977586606169499756e+37 1.009913930929380003e+06
1.569496399084164295e+01 6.960019931131570224e+37 1.009909293653129949e+06
1.585853632848011330e+01 6.925055346241480353e+37 1.009901398273310042e+06
1.604376278973359149e+01 6.887791702607280322e+37 1.009892252228850033e+06
1.625101253313187044e+01 6.847394933797880175e+37 1.009881990699380054e+06
1.648493306638556533e+01 6.802834178417880316e+37 1.009870493722809944e+06
1.675268812690046616e+01 6.752884792430930444e+37 1.009857531640529982e+06
1.706595547107281163e+01 6.695661272391869626e+37 1.009842687962800032e+06
1.735376677216845565e+01 6.651369583870889569e+37 1.009829561883229995e+06
1.761190945844282396e+01 6.614073459078629768e+37 1.009818205280810012e+06
1.784337568405317143e+01 6.581119572336079934e+37 1.009808272640160052e+06
1.805174666197854094e+01 6.551394995442800446e+37 1.009799473473779974e+06
1.823907215223880485e+01 6.524611057598119611e+37 1.009791643735139980e+06
1.840801570206531323e+01 6.500316275724259598e+37 1.009784629968710011e+06
1.856011114480497781e+01 6.478380846782459755e+37 1.009778344673509942e+06
1.869692986762674991e+01 6.458592274436159559e+37 1.009772709439889994e+06
1.881997210752160754e+01 6.440740227453370095e+37 1.009767653786689974e+06
1.893086441970081069e+01 6.424567524621690424e+37 1.009763103071770049e+06
1.903285136145132128e+01 6.409428885196940115e+37 1.009758915823759977e+06
1.913194570878113154e+01 6.394068228308959842e+37 1.009754825850259978e+06
1.925452945206779987e+01 6.372027050015200130e+37 1.009749646095860051e+06
1.945350070329732262e+01 6.329857352558799970e+37 1.009740876140840002e+06
1.965331819310085848e+01 6.293248199739629784e+37 1.009731957792259986e+06
1.985453447245527059e+01 6.257867259500299738e+37 1.009723047303840052e+06
2.003658213977178093e+01 6.228330788541220426e+37 1.009715107291599968e+06
2.020074927527457476e+01 6.202362943409500458e+37 1.009708063649700023e+06
2.034873996811802499e+01 6.179170752120640217e+37 1.009701797193320002e+06
2.048212658680859022e+01 6.158346962850189910e+37 1.009696206390899955e+06
2.060256892969482578e+01 6.139553743343059596e+37 1.009691195447189966e+06
2.071342742827255279e+01 6.122058960077170092e+37 1.009686604551270022e+06
2.082064455712679774e+01 6.104565471505869689e+37 1.009682162222309969e+06
2.094917567343509290e+01 6.080827473054079810e+37 1.009676743591960054e+06
2.116986548062413931e+01 6.032603401240699684e+37 1.009667085733270040e+06
2.137534456751018297e+01 5.996183609551820273e+37 1.009658102379249991e+06
2.161407822961336933e+01 5.951736059818390396e+37 1.009647792962110019e+06
2.184948799564153887e+01 5.911833514533960074e+37 1.009637828745899955e+06
2.206253492276300676e+01 5.878593199609920435e+37 1.009629049748499994e+06
2.225513599759142380e+01 5.849305019631039866e+37 1.009621296159529942e+06
2.242921966811991297e+01 5.823114696485679864e+37 1.009614408905099961e+06
2.258658542779448908e+01 5.799573514758469588e+37 1.009608262580199982e+06
2.272893271247448865e+01 5.778353322242159715e+37 1.009602755833270028e+06
2.285835630823567044e+01 5.759044026129709865e+37 1.009597782690869994e+06
2.297883911816461477e+01 5.740805694088239953e+37 1.009593168941400014e+06
2.309960059933655430e+01 5.721590751616610176e+37 1.009588525321369991e+06
2.327587596555531491e+01 5.687626537632970070e+37 1.009581534070819966e+06
2.348096399341011420e+01 5.649735445080450171e+37 1.009573256134959986e+06
2.370727704993623774e+01 5.609716930841940299e+37 1.009564145386519958e+06
2.392712146791745909e+01 5.574240556805130198e+37 1.009555450320570031e+06
2.412576760767842643e+01 5.544426515115989765e+37 1.009547775054009981e+06
2.430609281692886725e+01 5.517839562764249746e+37 1.009540947385650012e+06
2.446897539868950844e+01 5.494088526474389697e+37 1.009534871952629997e+06
2.461750789984944277e+01 5.472406894817240056e+37 1.009529391832089983e+06
2.475363349501276389e+01 5.452502044786619712e+37 1.009524405536149978e+06
2.488253214697760995e+01 5.433261446926290309e+37 1.009519697427680017e+06
2.501930186453682836e+01 5.411249796338140011e+37 1.009514652169490000e+06
2.525955658112070523e+01 5.363339737347559972e+37 1.009505426914340002e+06
2.547437182297289837e+01 5.330022184359439741e+37 1.009497232021000003e+06
2.566900124147650786e+01 5.301171979786529565e+37 1.009489975064749946e+06
2.584562359882693272e+01 5.275392166638449760e+37 1.009483509913309943e+06
2.600614078014041297e+01 5.252114497651680015e+37 1.009477716222429997e+06
2.615296181164740119e+01 5.230846041490649688e+37 1.009472470288960030e+06
2.629062367665756028e+01 5.210657307078959799e+37 1.009467580951940035e+06
2.643003521411446854e+01 5.189193410650369845e+37 1.009462615166279953e+06
2.664494449814083055e+01 5.149022550327510011e+37 1.009454707454100018e+06
2.686147493263706565e+01 5.114120988814900135e+37 1.009446735070160008e+06
2.711050892798812129e+01 5.073177657392139673e+37 1.009437674467719975e+06
2.738230472765280865e+01 5.030798918554240050e+37 1.009427978054760024e+06
2.762896447489038110e+01 4.997303337308970187e+37 1.009419466107849963e+06
2.785267862133332528e+01 4.967857955178819789e+37 1.009411965181619977e+06
2.805597755972121377e+01 4.941337135310450080e+37 1.009405281141109997e+06
2.824112817499553785e+01 4.917276695321300258e+37 1.009399276935530012e+06
2.840972041255736258e+01 4.895446529248459904e+37 1.009393860667629982e+06
2.856598229904193431e+01 4.875014319163389763e+37 1.009388868429229944e+06
2.871579835993179586e+01 4.854937092928880193e+37 1.009384083917309996e+06
2.887922706341487356e+01 4.830989041996200236e+37 1.009378784694659989e+06
2.908615621198259760e+01 4.797640901079509829e+37 1.009371903794229962e+06
2.927350421977462247e+01 4.771817040968060134e+37 1.009365692237009993e+06
2.944559424463659525e+01 4.748565675431200126e+37 1.009360057228900027e+06
2.960537030149134807e+01 4.726986583975519560e+37 1.009354873646580032e+06
2.976034676065319218e+01 4.705488137822949608e+37 1.009349862336860038e+06
2.993678879278013483e+01 4.678454065277559912e+37 1.009344069183449959e+06
3.020370375779748429e+01 4.632414029234349891e+37 1.009335072108649998e+06
3.044314817023405340e+01 4.600060131443129743e+37 1.009327165846350021e+06
3.066101584219723009e+01 4.571699145727490287e+37 1.009320174596620025e+06
3.085995488616754301e+01 4.546145413704759798e+37 1.009313925931700040e+06
3.104176981019554660e+01 4.522993867141819604e+37 1.009308302760679973e+06
3.121121711678279098e+01 4.501305228494020026e+37 1.009303116022260045e+06
3.137514926998119336e+01 4.479887485441360398e+37 1.009298119028690038e+06
3.155763086889055558e+01 4.453846267747739668e+37 1.009292481255979976e+06
3.186389190267072991e+01 4.402902855844119970e+37 1.009282716104130028e+06
3.211638435392524116e+01 4.373224879651650469e+37 1.009274929412389989e+06
3.236810623196652159e+01 4.341288698330280194e+37 1.009267377424660022e+06
3.259699609960080124e+01 4.314056296446340264e+37 1.009260661280340049e+06
3.280647546543332282e+01 4.289397582926550247e+37 1.009254621917200042e+06
3.299847562625654973e+01 4.266959834131780316e+37 1.009249157274369965e+06
3.317831756336090621e+01 4.245741371709760104e+37 1.009244076081259991e+06
3.335339925142761786e+01 4.224553389601160155e+37 1.009239135099329986e+06
3.355196400075510610e+01 4.197957316404560153e+37 1.009233423611109960e+06
3.379525236879999284e+01 4.163656036240819872e+37 1.009226290245380020e+06
3.401564135072112549e+01 4.137332942769139805e+37 1.009219913155719987e+06
3.421830528741702437e+01 4.113551565685069913e+37 1.009214153110709973e+06
3.440726607425312977e+01 4.091351278226689785e+37 1.009208848868440022e+06
3.458902046007278841e+01 4.069629243238659881e+37 1.009203777621389949e+06
3.478301623833249323e+01 4.044775260341160118e+37 1.009198313262589974e+06
3.507503127903328277e+01 4.001436482776680168e+37 1.009189835159089998e+06
3.533644868119154125e+01 3.971307321265369860e+37 1.009182422571919975e+06
3.557618606531468686e+01 3.944248014984469775e+37 1.009175809092810028e+06
3.579628182585292961e+01 3.919652873752200037e+37 1.009169853416039958e+06
3.599947666474326979e+01 3.897037110761769862e+37 1.009164426785910036e+06
3.619192736463446636e+01 3.875382438403580223e+37 1.009159325384650030e+06
3.638459331140620634e+01 3.852937346818490080e+37 1.009154213109669974e+06
3.662924014020245522e+01 3.820429507337640174e+37 1.009147546847039950e+06
3.688252179074333981e+01 3.789593641531530003e+37 1.009140641137070023e+06
3.711517011024989188e+01 3.763749416734750044e+37 1.009134418860140024e+06
3.732962636032607406e+01 3.740299070577999935e+37 1.009128782074289978e+06
3.753165568156691734e+01 3.718060218253030039e+37 1.009123530331089976e+06
3.772931287337269168e+01 3.695840407593389790e+37 1.009118412947649951e+06
3.795116524132026825e+01 3.668634242088449799e+37 1.009112577393649961e+06
3.818514573836000636e+01 3.640333064354129861e+37 1.009106366248999955e+06
3.840114358048595022e+01 3.616261358106390058e+37 1.009100695161490003e+06
3.860539860234712251e+01 3.593538300362210104e+37 1.009095394344510045e+06
3.880870417180994991e+01 3.570373364236939939e+37 1.009090141712259967e+06
3.905299465041025542e+01 3.539582954753110040e+37 1.009083716146740015e+06
3.934982887949445285e+01 3.502359372583300026e+37 1.009075877762370044e+06
3.964791690339916386e+01 3.469468241714230096e+37 1.009068216178669943e+06
3.991851663528359495e+01 3.442348005886590070e+37 1.009061497649820056e+06
4.016797676266287453e+01 3.417656732597659786e+37 1.009055463546619983e+06
4.039873732483829372e+01 3.395073121940510012e+37 1.009049982304160018e+06
4.061553477708366700e+01 3.373876034933410188e+37 1.009044894599420018e+06
4.082755683593859430e+01 3.352747171710989959e+37 1.009039943380580051e+06
4.106031504557176959e+01 3.327735813234969778e+37 1.009034434627290000e+06
4.143511250772280619e+01 3.281587469581200120e+37 1.009025288331269985e+06
4.173510899832763243e+01 3.256197954255339912e+37 1.009018298790839966e+06
4.204257395015156362e+01 3.226338233831649872e+37 1.009011297435570043e+06
4.232234042456548195e+01 3.201360671928039767e+37 1.009005067699320032e+06
4.257958214958489407e+01 3.178599725477289860e+37 1.008999437802219996e+06
4.281839648372260854e+01 3.157502052455230124e+37 1.008994268498910009e+06
4.304459363961359486e+01 3.137345355033610059e+37 1.008989399899729993e+06
4.326933678575733211e+01 3.116704391765390227e+37 1.008984556361739989e+06
4.352716112237249035e+01 3.090586077804300229e+37 1.008978863504359964e+06
4.384315158316167071e+01 3.057330387681360222e+37 1.008971744834700017e+06
4.413082014488463756e+01 3.031896553243779877e+37 1.008965407585449982e+06
4.439537122834008187e+01 3.008791711855139972e+37 1.008959698920779978e+06
4.464124539989279583e+01 2.987302907539420019e+37 1.008954461224060040e+06
4.487475162434566300e+01 2.966701361840210022e+37 1.008949520226389985e+06
4.510779872475541197e+01 2.945514574732769922e+37 1.008944582364829956e+06
4.537643264447979163e+01 2.918711456256120209e+37 1.008938754768140032e+06
4.565393915888853371e+01 2.891935539415939876e+37 1.008932673905479955e+06
4.591017486945202108e+01 2.868938372593009890e+37 1.008927129160990007e+06
4.615125145667116158e+01 2.847339282294510151e+37 1.008921969919219962e+06
4.638753586352686398e+01 2.825795428980640188e+37 1.008916936492159963e+06
4.664139235521724913e+01 2.801419223779829832e+37 1.008911482683280017e+06
4.694610881192784291e+01 2.770133657143739973e+37 1.008904781089129974e+06
4.722423503830214031e+01 2.745422911902169990e+37 1.008898772614279995e+06
4.748139191890368238e+01 2.722875584220960198e+37 1.008893317730210023e+06
4.772609111366909929e+01 2.701326768137359935e+37 1.008888188750769943e+06
4.796881436565308832e+01 2.679639593298940168e+37 1.008883126869810047e+06
4.823958628143009264e+01 2.653872506490160083e+37 1.008877411534209969e+06
4.853810752299614251e+01 2.625140448129500084e+37 1.008871025494529982e+06
4.881183801809675060e+01 2.601430852760170204e+37 1.008865270036550006e+06
4.906748017294739839e+01 2.579489027800180086e+37 1.008859980863200035e+06
4.931482889752078336e+01 2.558105065915529983e+37 1.008854913511610008e+06
4.956958160536305513e+01 2.535516985452530185e+37 1.008849700645289966e+06
4.987622909581114072e+01 2.506085173992470083e+37 1.008843293525889982e+06
5.015650284278672189e+01 2.482097815067139867e+37 1.008837482859089971e+06
5.041791245041531511e+01 2.459812871562230215e+37 1.008832137948199990e+06
5.067011796981387306e+01 2.438240250843880194e+37 1.008827030410259962e+06
5.092791564040817320e+01 2.415798312873270170e+37 1.008821824124159990e+06
5.124169506812177133e+01 2.386271648929910055e+37 1.008815368390979944e+06
5.153262973735400010e+01 2.361640129807279993e+37 1.008809421044950024e+06
5.180257864159648307e+01 2.339161976612750007e+37 1.008803989531200030e+06
5.206110523737152107e+01 2.317677239528419775e+37 1.008798850571890012e+06
5.232134829564893153e+01 2.295853216446590180e+37 1.008793710652490030e+06
5.261897525437234435e+01 2.269482356786510061e+37 1.008787770262290025e+06
5.292810486204689369e+01 2.242664930981069793e+37 1.008781556820260012e+06
5.321251666222815402e+01 2.219780316711679827e+37 1.008775944565930055e+06
5.348051881884748582e+01 2.198474972926040230e+37 1.008770744118670002e+06
5.374345460171753075e+01 2.177539070117130020e+37 1.008765697756740032e+06
5.402381940867053345e+01 2.154594121649829973e+37 1.008760322255279985e+06
5.435883274635125417e+01 2.125646537040120076e+37 1.008753786416999996e+06
5.466384789157018531e+01 2.102030637371710048e+37 1.008747914747160044e+06
5.494698303131735884e+01 2.080457854582330033e+37 1.008742568034940050e+06
5.521763780707260594e+01 2.060024610270880104e+37 1.008737532990869950e+06
5.549032722953415941e+01 2.039290426040510031e+37 1.008732500654799980e+06
5.580199604565859772e+01 2.014386004774540082e+37 1.008726701646949979e+06
5.614023408108914737e+01 1.987343873735970012e+37 1.008720338959770044e+06
5.644925674056867138e+01 1.964899274166750031e+37 1.008714647347570048e+06
5.673749727077665739e+01 1.944369017962279925e+37 1.008709447372170049e+06
5.701537952956277877e+01 1.924731204218110069e+37 1.008704510564920027e+06
5.729957279810332693e+01 1.904416775348629937e+37 1.008699496111419983e+06
5.763933061482384801e+01 1.878538549060759982e+37 1.008693418417540030e+06
5.798933678507455625e+01 1.852883165127520102e+37 1.008687136959869997e+06
5.830927247436193284e+01 1.831231074689629891e+37 1.008681526418210007e+06
5.860755804774817079e+01 1.811484597549220069e+37 1.008676406807139982e+06
5.889497715407924261e+01 1.792638276483340002e+37 1.008671551626670058e+06
5.918771642769570462e+01 1.773272127610799886e+37 1.008666644567989977e+06
5.953636544053733815e+01 1.748740891327590116e+37 1.008660726213379996e+06
5.997094561833364423e+01 1.717858788161489930e+37 1.008653286875989987e+06
6.036187490468728356e+01 1.694396845078670013e+37 1.008646853275949950e+06
6.071770423793350346e+01 1.673725611685530114e+37 1.008641192177769961e+06
6.104488144446804654e+01 1.655171935733889954e+37 1.008636116702129948e+06
6.135363158266409300e+01 1.637831049736309972e+37 1.008631407945199986e+06
6.165628064195334446e+01 1.620770220282070071e+37 1.008626834348869976e+06
6.197713614479289390e+01 1.602127948382909974e+37 1.008621974746280001e+06
6.241709389527386520e+01 1.573997542692990065e+37 1.008615110885140020e+06
6.283158580059534870e+01 1.550606759104399956e+37 1.008608729213490034e+06
6.320877557278436143e+01 1.530432885543069906e+37 1.008603086529250024e+06
6.355589928978588432e+01 1.512398833958919975e+37 1.008598018271059962e+06
6.388277087842288893e+01 1.495672198435749929e+37 1.008593330139609985e+06
6.420230848249047995e+01 1.479319686589660015e+37 1.008588795301420032e+06
6.453835228600655682e+01 1.461680583075390020e+37 1.008584023338350002e+06
6.498323714426078368e+01 1.436157755925339933e+37 1.008577528536609956e+06
6.555024486826732755e+01 1.405000008427769955e+37 1.008569298673609970e+06
6.615881821305083577e+01 1.375930630590290101e+37 1.008560920978680020e+06
6.677784877196245361e+01 1.348852654825919909e+37 1.008552849633779959e+06
6.733347883448004723e+01 1.326735550531610076e+37 1.008545940309040016e+06
6.783403485958115198e+01 1.307216028513320062e+37 1.008539894980699988e+06
6.828726869288948365e+01 1.289820312220199927e+37 1.008534522798259975e+06
6.870126731965865474e+01 1.274040520731589988e+37 1.008529668932029977e+06
6.908562029799213633e+01 1.259363640434669892e+37 1.008525186294369982e+06
6.945288871454249602e+01 1.245164055826320010e+37 1.008520901145249954e+06
6.982036490291648079e+01 1.230570635216489956e+37 1.008516581033920054e+06
7.022631425374129321e+01 1.213424925171259991e+37 1.008511692979249987e+06
7.089573964204464573e+01 1.182052432693649950e+37 1.008503259509910014e+06
7.149661899013153743e+01 1.158592636847980011e+37 1.008495906015560031e+06
7.204043243282649200e+01 1.138034443093480111e+37 1.008489448326110025e+06
7.253549042214581277e+01 1.119843678913829987e+37 1.008483703694900032e+06
7.299048441801278386e+01 1.103384701842440016e+37 1.008478502668929985e+06
7.341500315189477988e+01 1.088085212807760076e+37 1.008473688544080011e+06
7.382455259094422217e+01 1.073199706920209977e+37 1.008469051933869952e+06
7.423846663966833148e+01 1.057817644725560025e+37 1.008464333363550017e+06
7.470773420891782735e+01 1.039335663145200051e+37 1.008458853279719944e+06
7.548668548978457693e+01 1.005939130583799992e+37 1.008449375110920053e+06
7.619114710505527910e+01 9.810001442998449630e+36 1.008441151090080035e+06
7.683284332320909016e+01 9.588520436945979861e+36 1.008433872272019973e+06
7.742098052160872612e+01 9.388726356532910288e+36 1.008427313086000038e+06
7.796499818014854100e+01 9.205536118829539512e+36 1.008421299529499956e+06
7.847468014381593093e+01 9.034676827832659996e+36 1.008415689856059966e+06
7.896354361582780257e+01 8.869779061337099532e+36 1.008410300854549976e+06
7.945030703890370205e+01 8.703186281166100588e+36 1.008404895802389947e+06
7.997775418756646104e+01 8.516847311553599864e+36 1.008398941178750014e+06
8.074134413334832061e+01 8.227541969375750017e+36 1.008389974687280017e+06
8.146523011104727630e+01 7.971635547633229640e+36 1.008381484127779957e+06
8.214185214941971935e+01 7.742614812372879786e+36 1.008373682832150022e+06
8.278061511147825513e+01 7.531353696823020039e+36 1.008366410860399948e+06
8.339201807914650999e+01 7.331894894651359580e+36 1.008359500223660027e+06
8.399117422741255723e+01 7.138030901342619582e+36 1.008352749083800009e+06
8.460607079208421055e+01 6.939287803104239532e+36 1.008345812055930030e+06
8.530864233532338403e+01 6.707326751930449445e+36 1.008337768300779979e+06
8.637594642576004844e+01 6.351267033725779783e+36 1.008325396208539954e+06
8.734023753939254675e+01 6.066008521300120072e+36 1.008314560519519961e+06
8.832417151163099334e+01 5.779149121995420349e+36 1.008303665070830029e+06
8.928795942806755193e+01 5.510774995049760503e+36 1.008293170402589953e+06
9.024058380618225783e+01 5.253986611299809833e+36 1.008282923160879989e+06
9.119109276792732999e+01 5.006017566919500282e+36 1.008272807401380036e+06
9.217470429035893176e+01 4.760539737113690019e+36 1.008262508569260011e+06
9.322932161494100001e+01 4.507026386227549732e+36 1.008251606629690039e+06
9.451934629013703670e+01 4.212003824260399754e+36 1.008238518883659970e+06
9.610435187793336809e+01 3.871846693073090194e+36 1.008222848105720012e+06
