# time luminosity radius
-2.205550251610111445e+01 4.605076855707449706e+35 1.008215954023130005e+06
-1.928852538613136858e+01 4.815422248186159829e+35 1.008218732761849998e+06
-1.722490834994823672e+01 5.011525131899590335e+35 1.008221849284769967e+06
-1.566840145766036585e+01 5.192041773789739924e+35 1.008225059385870001e+06
-1.447923864951007999e+01 5.356567314410969855e+35 1.008228221355390036e+06
-1.355558242177357897e+01 5.505974673271449674e+35 1.008231267914660042e+06
-1.282028568501118571e+01 5.642754185182630148e+35 1.008234188772020047e+06
-1.220041013247100636e+01 5.774098427806749691e+35 1.008237101673690020e+06
-1.172967116069048643e+01 5.885308908233440091e+35 1.008239608833870036e+06
-1.150366941012907773e+01 5.941969132688530013e+35 1.008240903691050014e+06
-1.124314512262935750e+01 6.011177057789260069e+35 1.008242527538790018e+06
-1.095696331452927552e+01 6.093242343619309983e+35 1.008244491633070051e+06
-1.064700883469777182e+01 6.190139211353450015e+35 1.008246875830859994e+06
-1.031646105242543854e+01 6.304637091475899697e+35 1.008249796156079974e+06
-9.970929381961468607e+00 6.439432183521930006e+35 1.008253384015429998e+06
-9.619285463937558234e+00 6.596772079660039922e+35 1.008257787532140035e+06
-9.273566874820971861e+00 6.777582112110979457e+35 1.008263132616669987e+06
-8.956955719884717837e+00 6.973704543909989808e+35 1.008269314961330034e+06
-8.680964397586649284e+00 7.177723673871550342e+35 1.008276252834449988e+06
-8.663867836032295600e+00 7.190706866057260705e+35 1.008276694588260027e+06
-8.629845678544370458e+00 7.217477566051399719e+35 1.008277612553030020e+06
-8.562141585134668276e+00 7.271479621115960283e+35 1.008279564463560004e+06
-8.550150703144026920e+00 7.281110748987609708e+35 1.008279915608579991e+06
-8.526288847962860018e+00 7.302765260637560026e+35 1.008280642101239995e+06
-8.478803756152046844e+00 7.341183943872310417e+35 1.008282253182000015e+06
-8.459577758039813489e+00 7.357963542355039734e+35 1.008282944150810014e+06
-8.450679889938328415e+00 7.365555547267409572e+35 1.008283266566409962e+06
-8.442969812022056431e+00 7.373624305909159445e+35 1.008283548043370014e+06
-8.436206279176985845e+00 7.377770517627600271e+35 1.008283797685449943e+06
-8.430596203892491758e+00 7.383712865501850207e+35 1.008284006300600013e+06
-8.425680855609243736e+00 7.390075117826960563e+35 1.008284189548120019e+06
-8.421143368381308392e+00 7.392536993707409868e+35 1.008284358619090053e+06
-8.416732683283044025e+00 7.395173675810869700e+35 1.008284522252819967e+06
-8.412151115568121895e+00 7.399413440491200165e+35 1.008284690863299998e+06
-8.406909814511891454e+00 7.404151986296759587e+35 1.008284882202359964e+06
-8.400062038941541687e+00 7.410333017933340261e+35 1.008285130005110055e+06
-8.387616905500181019e+00 7.422347343331769542e+35 1.008285579683320015e+06
-8.362851089972537011e+00 7.444890976672509765e+35 1.008286496704890043e+06
-8.313567117089405656e+00 7.492117933907269393e+35 1.008288449978739955e+06
-8.251246850850293413e+00 7.553380233031830160e+35 1.008291151894030045e+06
-8.196040762471966445e+00 7.613286197540359653e+35 1.008293798646560055e+06
-8.147901476215338334e+00 7.668492042420319659e+35 1.008296336761120008e+06
-8.116918985557276756e+00 7.702472331956539495e+35 1.008298077670049970e+06
-8.091546883428236470e+00 7.731567282386699556e+35 1.008299593492669985e+06
-8.068968395236879587e+00 7.760280646643399398e+35 1.008301025544869946e+06
-8.047814520075917244e+00 7.787763178780090514e+35 1.008302449443439953e+06
-8.027476552349980921e+00 7.810441765659529311e+35 1.008303901373000001e+06
-8.007467974297469482e+00 7.835215029743889834e+35 1.008305430459680036e+06
-7.988068445061799139e+00 7.861978269578789490e+35 1.008307019556620042e+06
-7.969530621339799836e+00 7.889744994192429474e+35 1.008308655022599967e+06
-7.954035554226720706e+00 7.907960350400899756e+35 1.008310139653009945e+06
-7.939921504294034094e+00 7.925114860794620134e+35 1.008311601592210005e+06
-7.926035888580372557e+00 7.945263905769410638e+35 1.008313151194439968e+06
-7.910120860266033560e+00 7.970795528884799382e+35 1.008315084538029972e+06
-7.892624773085117340e+00 7.994901682989659777e+35 1.008317449245320051e+06
-7.875776070461142808e+00 8.016150020469869730e+35 1.008319991566839977e+06
-7.859227219450986013e+00 8.041480009322140520e+35 1.008322811940080021e+06
-7.844145929353544489e+00 8.068079048516979957e+35 1.008325689724080032e+06
-7.830715583782875910e+00 8.095272667404430569e+35 1.008328406091209967e+06
-7.818768678029300645e+00 8.111472977175170521e+35 1.008331044022380025e+06
-7.807423106452915817e+00 8.130627357365629375e+35 1.008333653183129965e+06
-7.796412063034949824e+00 8.134508383109180593e+35 1.008336380328580039e+06
-7.785024647426325828e+00 8.169114577450019950e+35 1.008339680317539955e+06
-7.774042838893365115e+00 8.187482459115590263e+35 1.008342760834940011e+06
-7.760349210962885991e+00 8.208067010902039654e+35 1.008346466029700008e+06
-7.745273734501097351e+00 8.244466133492010691e+35 1.008350573839480057e+06
-7.729680627788184211e+00 8.337877458737919890e+35 1.008354733889490017e+06
-7.710689762985566631e+00 8.566666166691329587e+35 1.008359730736159952e+06
-7.689105424156878144e+00 9.187178204479000293e+35 1.008365394662739942e+06
-7.665129598113708198e+00 1.075088210528899980e+36 1.008371730375339976e+06
-7.638977501250337809e+00 2.056129051867379941e+36 1.008379230933779967e+06
-7.619311767542967573e+00 2.840416777815679879e+36 1.008384859613180044e+06
-7.590164875582559034e+00 3.184867696927129760e+36 1.008393336551830056e+06
-7.559728584106778726e+00 3.814700051893389908e+36 1.008402419348309981e+06
-7.528700463037239388e+00 4.157344297560300137e+36 1.008411914499799954e+06
-7.497142907173838466e+00 4.764001047345489996e+36 1.008422002440199954e+06
-7.466349140362581238e+00 5.073752561120569969e+36 1.008432203157269978e+06
-7.436042160290526226e+00 5.367162762048569629e+36 1.008442648105359985e+06
-7.406063352886121720e+00 5.676108436173250413e+36 1.008453456458969973e+06
-7.376306858815951273e+00 6.608344696085189828e+36 1.008465104238279979e+06
-7.348060717456974089e+00 6.891593785286269819e+36 1.008476710717119975e+06
-7.321444712113589048e+00 7.168032176143399753e+36 1.008488183768689982e+06
-7.296619700995506719e+00 7.435680529394859442e+36 1.008499390596830053e+06
-7.273296168888919055e+00 7.699603042242759815e+36 1.008510403507329989e+06
-7.251029243576340377e+00 7.964654743039650143e+36 1.008521393612880027e+06
-7.229784929455490783e+00 8.229219572196350082e+36 1.008532349077460007e+06
-7.209218573785619810e+00 8.500869129104770346e+36 1.008543431386349956e+06
-7.189003421051893383e+00 8.784743012807290332e+36 1.008554811039349996e+06
-7.169530871295137331e+00 9.075570057971949770e+36 1.008566230999169988e+06
-7.150825948163401335e+00 9.371645985810889890e+36 1.008577626957930042e+06
-7.132765216956613585e+00 9.673256300503700056e+36 1.008589032999129966e+06
-7.115146344498498365e+00 9.983359585224100229e+36 1.008600591598600033e+06
-7.097995703399647027e+00 1.029961048720390042e+37 1.008612286819000030e+06
-7.082118011545389891e+00 1.060183446271450041e+37 1.008623508826270001e+06
-7.066995358851272613e+00 1.090395119026710010e+37 1.008634563819439965e+06
-7.052767679997486994e+00 1.119179222703180097e+37 1.008645288413990056e+06
-7.039314474852290004e+00 1.148342118261680097e+37 1.008655726843139972e+06
-7.025878880085656419e+00 1.179023040585649900e+37 1.008666456769690034e+06
-7.011874989606440067e+00 1.212948800124689965e+37 1.008678017319309991e+06
-6.997098373773042113e+00 1.250151477494249885e+37 1.008690625413189991e+06
-6.982303574419347569e+00 1.288771003536190071e+37 1.008703665190360043e+06
-6.967095645901281387e+00 1.330457535912129989e+37 1.008717514574639965e+06
-6.952142349618952721e+00 1.372688879397219896e+37 1.008731556673189974e+06
-6.937792810407700017e+00 1.414483108061300083e+37 1.008745426781320013e+06
-6.924521872337209061e+00 1.454011108931419975e+37 1.008758595056219958e+06
-6.912070578837301582e+00 1.492357203374890041e+37 1.008771252208290040e+06
-6.900275362713728100e+00 1.539462175552029910e+37 1.008783511405079975e+06
-6.888993320288136601e+00 1.566532705771760023e+37 1.008795489483349957e+06
-6.878137022344162688e+00 1.602627118915180026e+37 1.008807244707109989e+06
-6.867575063923140988e+00 1.638469852278939937e+37 1.008818897639389965e+06
-6.857294324203394353e+00 1.673834839222769965e+37 1.008830441690810025e+06
-6.847066774964332581e+00 1.709661290748819897e+37 1.008842123115019989e+06
-6.836942214489681646e+00 1.745354206656109958e+37 1.008853874343479984e+06
-6.826848465541843325e+00 1.781222037157000024e+37 1.008865777109239949e+06
-6.816846654313849285e+00 1.815164908351909891e+37 1.008877740314009949e+06
-6.806860260345274583e+00 1.851139529207349936e+37 1.008889859419150045e+06
-6.797197253908962011e+00 1.879127634757899925e+37 1.008901728461010032e+06
-6.787784776097396389e+00 1.914795493168919977e+37 1.008913429863680038e+06
-6.778574227006174624e+00 1.945621125435939965e+37 1.008925006680010003e+06
-6.769512063328875229e+00 1.974221783221610069e+37 1.008936508211110020e+06
-6.760551629908150062e+00 2.004883933211949943e+37 1.008947987644530018e+06
-6.751685194874880835e+00 2.036734712775419906e+37 1.008959454822230036e+06
-6.742821438179817051e+00 2.069821744561319914e+37 1.008971016436159960e+06
-6.734045882738428190e+00 2.103420089590140061e+37 1.008982553497930057e+06
-6.725465938303386793e+00 2.138171828987519867e+37 1.008993919377919985e+06
-6.717031823878642172e+00 2.169534163765369951e+37 1.009005162339169998e+06
-6.708719765389105305e+00 2.202701292305159783e+37 1.009016300001129974e+06
-6.700498586549656466e+00 2.236965464495349936e+37 1.009027368441569968e+06
-6.692318738001631573e+00 2.272390862467239817e+37 1.009038425643560011e+06
-6.684146686369786039e+00 2.310590613324249858e+37 1.009049514763160027e+06
-6.675968355732038617e+00 2.349400503427150226e+37 1.009060644759860006e+06
-6.667759297793963924e+00 2.388555771465940223e+37 1.009071846365979989e+06
-6.659496756590669975e+00 2.431608585790329962e+37 1.009083164296600036e+06
-6.651185567141510546e+00 2.488544785906549887e+37 1.009094580303449999e+06
-6.642772390012396500e+00 2.544025676361180090e+37 1.009106155923289945e+06
-6.634206240065395832e+00 2.579080089195039846e+37 1.009117963546919986e+06
-6.625575886078877375e+00 2.650024985134340173e+37 1.009129856846370036e+06
-6.617019662371603772e+00 2.723821390228899912e+37 1.009141657110549975e+06
-6.608617057296214625e+00 2.757487413397149964e+37 1.009153242807129980e+06
-6.600331945577636361e+00 2.821500903855679847e+37 1.009164667895250022e+06
-6.592129556811414659e+00 2.846483118435020188e+37 1.009175972347590025e+06
-6.584034565981710330e+00 2.920205027347969820e+37 1.009187118378969957e+06
-6.576015203725546598e+00 2.936016811009739778e+37 1.009198148150480003e+06
-6.568063933518715203e+00 3.011276547411500102e+37 1.009209069551329943e+06
-6.560272662929492071e+00 3.051924441629610164e+37 1.009219753066550009e+06
-6.552573173627024516e+00 3.106974147518440060e+37 1.009230294739559991e+06
-6.544859424553578719e+00 3.143520990967509964e+37 1.009240835543320049e+06
-6.536508485092781484e+00 3.189828809307429989e+37 1.009252226020560018e+06
-6.527874591440195218e+00 3.239658246865010092e+37 1.009263969550019945e+06
-6.518618753529153764e+00 3.293711231694990156e+37 1.009276513571840012e+06
-6.508101701270788908e+00 3.355448579121980114e+37 1.009290707135370001e+06
-6.494390553911216557e+00 3.435721852436319892e+37 1.009309130451560020e+06
-6.478950781107414514e+00 3.526497787463990131e+37 1.009329758499450050e+06
-6.462576652236748487e+00 3.623441238848350092e+37 1.009351482563419966e+06
-6.445950626861304045e+00 3.722666636876549989e+37 1.009373383653620025e+06
-6.428785159194376320e+00 3.825876151971399995e+37 1.009395839225820033e+06
-6.411948282882804051e+00 3.928091108423690040e+37 1.009417703142769984e+06
-6.394270900636911392e+00 4.036256695338939813e+37 1.009440496394830057e+06
-6.375440429692389444e+00 4.152493740550040061e+37 1.009464584154390031e+06
-6.355575961963040754e+00 4.276306156037130271e+37 1.009489775516140042e+06
-6.335532451077597216e+00 4.402360176907950092e+37 1.009514967151549994e+06
-6.315642192523228005e+00 4.528370303708309821e+37 1.009539733215779997e+06
-6.295834558113710955e+00 4.654449733244639721e+37 1.009564161124540027e+06
-6.276171263220021501e+00 4.780058784904560070e+37 1.009588175546349958e+06
-6.256625326990615577e+00 4.905122895490550009e+37 1.009611810616440023e+06
-6.237124819890595973e+00 5.029894925607299683e+37 1.009635154916640022e+06
-6.217662424518493935e+00 5.154224865481529928e+37 1.009658209570480045e+06
-6.198170883435523137e+00 5.278332212711029679e+37 1.009681060987800010e+06
-6.178652963018976152e+00 5.402007199187459868e+37 1.009703711498489953e+06
-6.159100129996659234e+00 5.525134095161009748e+37 1.009726150664529996e+06
-6.139526671147905290e+00 5.647444400057679662e+37 1.009748351726250025e+06
-6.119928372005233541e+00 5.768794214909869941e+37 1.009770320327789988e+06
-6.100250385788967833e+00 5.889332189577849830e+37 1.009792119949370041e+06
-6.080497671122429892e+00 6.008889979854059727e+37 1.009813731705159997e+06
-6.060614965739659965e+00 6.127632147354499857e+37 1.009835204693290056e+06
-6.040611925709526986e+00 6.245347520018179893e+37 1.009856519090360031e+06
-6.020431550859939307e+00 6.362170848331789621e+37 1.009877731923560030e+06
-6.000086137762991711e+00 6.477946158540349783e+37 1.009898813388690003e+06
-5.979544758185511455e+00 6.592627902155100100e+37 1.009919782142980024e+06
-5.958848303125705570e+00 6.705863078227550392e+37 1.009940586442979984e+06
-5.937998534238431603e+00 6.817508508875159581e+37 1.009961219164700015e+06
-5.916945047269109637e+00 6.927757570505229593e+37 1.009981715314120054e+06
-5.895694718084996566e+00 7.036383704070729658e+37 1.010002054537490010e+06
-5.874193088209722191e+00 7.143535914578169997e+37 1.010022275759179960e+06
-5.852448299963725731e+00 7.249041798876650087e+37 1.010042357667959994e+06
-5.830400949635077268e+00 7.353105071533909633e+37 1.010062339949539979e+06
-5.808058947353856638e+00 7.455569433344050270e+37 1.010082198165589944e+06
-5.785426535207079723e+00 7.556199561958269717e+37 1.010101911934040021e+06
-5.762526653677923605e+00 7.654887473271300178e+37 1.010121447943410021e+06
-5.739357841928722337e+00 7.751476919358019720e+37 1.010140792101189960e+06
-5.715859963471302763e+00 7.846162022588429889e+37 1.010159981022750027e+06
-5.694604696211172268e+00 7.929716032211610447e+37 1.010176976390219992e+06
-5.675571737607242540e+00 8.002416152528679925e+37 1.010191909462500014e+06
-5.656521525233983994e+00 8.072586388379059999e+37 1.010206563275660039e+06
-5.631826100172474980e+00 8.158931773900450278e+37 1.010225079340550001e+06
-5.606840600725263357e+00 8.244092615855549775e+37 1.010243313893249957e+06
-5.581358849798562005e+00 8.327368899763229712e+37 1.010261418114620028e+06
-5.555431616259738803e+00 8.408491483039870189e+37 1.010279334614609950e+06
-5.529110615374520421e+00 8.487309097672620306e+37 1.010297011662669946e+06
-5.502320284722372890e+00 8.563981262897619803e+37 1.010314482943429961e+06
-5.475037871627137065e+00 8.638388082520819089e+37 1.010331741637110012e+06
-5.447171739302575588e+00 8.710805976714929232e+37 1.010348824657169986e+06
-5.418839827063493431e+00 8.780862867010129177e+37 1.010365638753319974e+06
-5.390016947174444795e+00 8.848559607275749914e+37 1.010382184019529959e+06
-5.360599997889949009e+00 8.914049635266510779e+37 1.010398500455330010e+06
-5.330549409467494115e+00 8.977403216364919177e+37 1.010414588752010022e+06
-5.299996980029391125e+00 9.038339983796210795e+37 1.010430361610559979e+06
-5.268817864678567275e+00 9.097116938504530778e+37 1.010445867915380048e+06
-5.236941290379036218e+00 9.153792831148590704e+37 1.010461124381199945e+06
-5.204489960800856352e+00 9.208227277635280793e+37 1.010476056320520001e+06
-5.171347259922185913e+00 9.260651108246029163e+37 1.010490706055809977e+06
-5.137446822598576546e+00 9.311197582752450003e+37 1.010505085608819965e+06
-5.102916302857920527e+00 9.359784336571040689e+37 1.010519131615089951e+06
-5.067581138195237145e+00 9.406655050559449408e+37 1.010532904364919988e+06
-5.031511519511695951e+00 9.451885481494760224e+37 1.010546367853680043e+06
-4.994666485232301056e+00 9.495582841135599491e+37 1.010559531708569964e+06
-4.956982348958263174e+00 9.537941212065390788e+37 1.010572414522410021e+06
-4.918479489191668108e+00 9.579096832602700196e+37 1.010585007588329958e+06
-4.879069862596224993e+00 9.619255891230060459e+37 1.010597340930950013e+06
-4.838823589379899204e+00 9.658576087058860564e+37 1.010609395830090041e+06
-4.797625631414121017e+00 9.697269383405649636e+37 1.010621214486269979e+06
-4.755491724819876254e+00 9.735567913495849623e+37 1.010632802256700001e+06
-4.712387279927497730e+00 9.773694850012869317e+37 1.010644182249650010e+06
-4.668259146128548309e+00 9.811934373586479348e+37 1.010655386176749947e+06
-4.623152134940028191e+00 9.850437035815830340e+37 1.010666424989540013e+06
-4.576932577561819926e+00 9.889584978770029339e+37 1.010677357019930030e+06
-4.529642599489307031e+00 9.929623444214269733e+37 1.010688201610389980e+06
-4.481260647589806467e+00 9.970867739691569935e+37 1.010698996376749943e+06
-4.431688692129682750e+00 1.001361982498860069e+38 1.010709802384300041e+06
-4.380958016467047855e+00 1.005816764580189932e+38 1.010720654748720000e+06
-4.329064183082664385e+00 1.010487167095680082e+38 1.010731599003999960e+06
-4.275935574230970815e+00 1.015402500729499959e+38 1.010742701172819943e+06
-4.221509668277576566e+00 1.020598936907190015e+38 1.010754028294589953e+06
-4.165745980513747782e+00 1.026111576312759931e+38 1.010765647062559961e+06
-4.108688155160052702e+00 1.031972834928760048e+38 1.010777606793779996e+06
-4.050339554756646976e+00 1.038209983505470005e+38 1.010789968971239985e+06
-3.990588137385202572e+00 1.044860961485689910e+38 1.010802822745920043e+06
-3.929277994582662359e+00 1.051971564680459961e+38 1.010816268148420029e+06
-3.866660547239007428e+00 1.059548974097820089e+38 1.010830314569310052e+06
-3.802625276119215414e+00 1.067620923852820045e+38 1.010845054254089948e+06
-3.736956124630523846e+00 1.076235359279640044e+38 1.010860604004119989e+06
-3.669897118001244962e+00 1.085391119973780040e+38 1.010876967675119988e+06
-3.601350552577059716e+00 1.095107148518719946e+38 1.010894229861789965e+06
-3.531151721952483058e+00 1.105417435193920091e+38 1.010912489861289971e+06
-3.459519327618181705e+00 1.116306798352810050e+38 1.010931739993109950e+06
-3.386243436834774911e+00 1.127797184015570050e+38 1.010952083583000000e+06
-3.311485372687457129e+00 1.139869713818290028e+38 1.010973511254000012e+06
-3.235087729350198060e+00 1.152530947742710024e+38 1.010996098618629971e+06
-3.157134539331309497e+00 1.165757873633429961e+38 1.011019839581619948e+06
-3.077599289856152609e+00 1.179528831243789975e+38 1.011044751664689975e+06
-2.996492843580199406e+00 1.193813590729209922e+38 1.011070840801949962e+06
-2.913730047410354018e+00 1.208587696380569974e+38 1.011098100709059974e+06
-2.829466589348157868e+00 1.223787480504799997e+38 1.011126458744119969e+06
-2.743503278063144535e+00 1.239387569136780084e+38 1.011155945317119942e+06
-2.656139732687734067e+00 1.255293616301329927e+38 1.011186402208929998e+06
-2.567181603662902489e+00 1.271462544258120061e+38 1.011217832286110031e+06
-2.476639879663707688e+00 1.287831575547379969e+38 1.011250150723690051e+06
-2.384669647581176832e+00 1.304306095058930025e+38 1.011283209610629943e+06
-2.291165502625517547e+00 1.320808679891069957e+38 1.011316938679800020e+06
-2.196148888528114185e+00 1.337283139989480060e+38 1.011351213463690015e+06
-2.099747973203193396e+00 1.353626083508800028e+38 1.011385859882510034e+06
-2.001921292510814965e+00 1.369755549499229927e+38 1.011420756008350058e+06
-1.902609501936240122e+00 1.385579343251009932e+38 1.011455769710990018e+06
-1.801824140798998997e+00 1.401038122651210084e+38 1.011490740628520027e+06
-1.699725947866681963e+00 1.416028523395499923e+38 1.011525448735569953e+06
-1.596273507835576311e+00 1.430467902948289929e+38 1.011559738540560007e+06
-1.491449781460687518e+00 1.444294098549639913e+38 1.011593439150330028e+06
-1.385249016835587099e+00 1.457420586129840084e+38 1.011626372056249995e+06
-1.277648624469293281e+00 1.469786421850589968e+38 1.011658359029290034e+06
-1.168664351571351290e+00 1.481327549788449943e+38 1.011689207839510054e+06
-1.058267333632102236e+00 1.491989563509460026e+38 1.011718739621990011e+06
-9.464874532422982156e-01 1.501712067052929917e+38 1.011746753495370038e+06
-8.333342762489337474e-01 1.510444226487780010e+38 1.011773061220239964e+06
-7.187522239109966904e-01 1.518143423745529951e+38 1.011797489890489960e+06
-6.027330208744388074e-01 1.524772708441109957e+38 1.011819858105089981e+06
-4.852397406357340515e-01 1.530296835292690021e+38 1.011839993154300028e+06
-3.662533778406213969e-01 1.534687717793270010e+38 1.011857724248750019e+06
-2.457595159648917615e-01 1.537921698149639970e+38 1.011872886394069996e+06
-1.236905154946725816e-01 1.539979116424360089e+38 1.011885327510270057e+06
0.000000000000000000e+00 1.540847016125910013e+38 1.011894899819970015e+06
1.253925308992620558e-01 1.540514680001010013e+38 1.011901466145440005e+06
2.525760032294783741e-01 1.538975839880420049e+38 1.011904896197219961e+06
3.816462661488913000e-01 1.536227618095919940e+38 1.011905069481240003e+06
5.125607641530223191e-01 1.532281320976069967e+38 1.011901883333520032e+06
6.454263316700235009e-01 1.527139101246390040e+38 1.011895251600519987e+06
7.803752307372633368e-01 1.520809703993870048e+38 1.011885099109539995e+06
9.175675724400207400e-01 1.513303003964970034e+38 1.011871362074940000e+06
1.056946996861370280e+00 1.504655667716670050e+38 1.011854033712189994e+06
1.198710074182599783e+00 1.494878186179160054e+38 1.011833086195060052e+06
1.342977617692667991e+00 1.483998911709750074e+38 1.011808527536649955e+06
1.489784095028880984e+00 1.472056053154100093e+38 1.011780412692000042e+06
1.639424699911614880e+00 1.459059805360319941e+38 1.011748784111410030e+06
1.791382310562767088e+00 1.445132594392809954e+38 1.011713887381369947e+06
1.928216009808238596e+00 1.432551996262349995e+38 1.011680495784520055e+06
2.052276783448178321e+00 1.420704257577490083e+38 1.011648831674600020e+06
2.163620777777396142e+00 1.409804994561610071e+38 1.011619396805369994e+06
2.263657267089001834e+00 1.399784774680109931e+38 1.011592211598339956e+06
2.353105035959742963e+00 1.390672306848019928e+38 1.011567366285399999e+06
2.432801151007879525e+00 1.382439398172919940e+38 1.011544842756110011e+06
2.503535268915584311e+00 1.375050738797990075e+38 1.011524574867779971e+06
2.566075006616301835e+00 1.368459754170009990e+38 1.011506457082730019e+06
2.621324810985242948e+00 1.362590776765430051e+38 1.011490309756429982e+06
2.670280413934960961e+00 1.357351435818489962e+38 1.011475898921360029e+06
2.714170264924177900e+00 1.352613696420449957e+38 1.011462901361869997e+06
2.754731082328362390e+00 1.348181385495019967e+38 1.011450825143859955e+06
2.795054415037157014e+00 1.343681414814939991e+38 1.011438750124500017e+06
2.848667184443911538e+00 1.337341787968150063e+38 1.011422553879979998e+06
2.931862873141653836e+00 1.327216807846370013e+38 1.011397064559419989e+06
3.028715606487821788e+00 1.315799454826800064e+38 1.011366980443230015e+06
3.141543115983949974e+00 1.302366714423379924e+38 1.011331631843150011e+06
3.279407007154077291e+00 1.285741773418339996e+38 1.011288174286360038e+06
3.451342187909176573e+00 1.264978098783210000e+38 1.011233902655330021e+06
3.639750281319720671e+00 1.242876445050070075e+38 1.011174924501299975e+06
3.833342631667619571e+00 1.220761392051749935e+38 1.011115403421550058e+06
4.032483974355272949e+00 1.198476367115929923e+38 1.011055695014319965e+06
4.237177359493216500e+00 1.176132783854349970e+38 1.010996200753130019e+06
4.447575116966618225e+00 1.153821363961870017e+38 1.010937257097849972e+06
4.642313570395344868e+00 1.134140396870469919e+38 1.010884798003769945e+06
4.817283087788382545e+00 1.117073105098509953e+38 1.010839457515939954e+06
4.973274405638221651e+00 1.102295101197589923e+38 1.010800465228199959e+06
5.113119963789358735e+00 1.089364686908150068e+38 1.010766631483049947e+06
5.237608533265301958e+00 1.078128804341449967e+38 1.010737407359360019e+06
5.348772777011618018e+00 1.068298614273479990e+38 1.010712008827010053e+06
5.447561498876893893e+00 1.059734558439680083e+38 1.010689978766069980e+06
5.535085149895166978e+00 1.052281313258909946e+38 1.010670880123810028e+06
5.612417410447960719e+00 1.045801319110869922e+38 1.010654328161229962e+06
5.680690457171294838e+00 1.040161286925590053e+38 1.010639963494410040e+06
5.741168495471356437e+00 1.035225192962060073e+38 1.010627430427549989e+06
5.795481497916625813e+00 1.030832510167710092e+38 1.010616325249820016e+06
5.846377243782626465e+00 1.026731409859899977e+38 1.010606044024090050e+06
5.900273716746596619e+00 1.022354433775119967e+38 1.010595270363140036e+06
6.007527697947807610e+00 1.013137879013710070e+38 1.010574200810829992e+06
6.143559909280156717e+00 1.001970679859840064e+38 1.010548061157490010e+06
6.298442034254549071e+00 9.897514488465459313e+37 1.010519234363129945e+06
6.487193187669618055e+00 9.753309586159720025e+37 1.010485510123339947e+06
6.697723344666883349e+00 9.602355780307670215e+37 1.010449705387599999e+06
6.933369803417008370e+00 9.443732290605079942e+37 1.010411929575619986e+06
7.190903254318982363e+00 9.283001624292429252e+37 1.010373345186969964e+06
7.417395361670060083e+00 9.156944950513810172e+37 1.010341587462189957e+06
7.619495508435647935e+00 9.051666105223360385e+37 1.010314917109749978e+06
7.799045906314859167e+00 8.963212188702340172e+37 1.010292430408749962e+06
7.959608477918663993e+00 8.887593867971239926e+37 1.010273218925829977e+06
8.102392623142804950e+00 8.823075248116370818e+37 1.010256794972319971e+06
8.229925246647326276e+00 8.767413009223809448e+37 1.010242621932839975e+06
8.343432336812838912e+00 8.719437942072090821e+37 1.010230379960219958e+06
8.444259386771591380e+00 8.678019159247799112e+37 1.010219786697519943e+06
8.533607187768211588e+00 8.642237594499289352e+37 1.010210611804910004e+06
8.612713528273161501e+00 8.611254177368829955e+37 1.010202649109659949e+06
8.682938198995543644e+00 8.584260737990710040e+37 1.010195702080480056e+06
8.746054208982968703e+00 8.560338845361690670e+37 1.010189551172979991e+06
8.805248966702492908e+00 8.538017279429710909e+37 1.010183855723330053e+06
8.868716164492070675e+00 8.513676297757179486e+37 1.010177801663559978e+06
8.995015888125635684e+00 8.459664990754359788e+37 1.010165878642469994e+06
9.145260854653315619e+00 8.398494823095320186e+37 1.010151883299130015e+06
9.325642879994120449e+00 8.327558379954549608e+37 1.010135516408939962e+06
9.525324991991510615e+00 8.254166482828519614e+37 1.010118016691850033e+06
9.748373643262311816e+00 8.177111908998390436e+37 1.010099308446130017e+06
1.000121267125359736e+01 8.095270560020229711e+37 1.010079175434550038e+06
1.029297284813947044e+01 8.007412729129009698e+37 1.010057307884939946e+06
1.063951867347350344e+01 7.911118757840890240e+37 1.010033101862270036e+06
1.097457353631034493e+01 7.833193666977410023e+37 1.010011455620210036e+06
1.127107747044647112e+01 7.773677450048890234e+37 1.009993630846539978e+06
1.153463384852511808e+01 7.724465585045600101e+37 1.009978668127750047e+06
1.176898908003931865e+01 7.682708817401650072e+37 1.009965928946580039e+06
1.197799261813634075e+01 7.646656439466360303e+37 1.009954940470819944e+06
1.216467727749841288e+01 7.615250197394679729e+37 1.009945376376620028e+06
1.233211159237544052e+01 7.587586940734810010e+37 1.009936974074349971e+06
1.248175211713532917e+01 7.563316530127350102e+37 1.009929588730299962e+06
1.261589644011110067e+01 7.541827114539660058e+37 1.009923059121989994e+06
1.273579958983464167e+01 7.522859786425819639e+37 1.009917289066980011e+06
1.284278617467498407e+01 7.506116282195749919e+37 1.009912190241829958e+06
1.293817751391907223e+01 7.491314781800510188e+37 1.009907681282629957e+06
1.302321630774531513e+01 7.478204924291449967e+37 1.009903688117700047e+06
1.310028345737373456e+01 7.466270742522900256e+37 1.009900086939109955e+06
1.317329361828160472e+01 7.454682289908269844e+37 1.009896680996880052e+06
1.325431739387568086e+01 7.440598155788440383e+37 1.009892866456549964e+06
1.341555470731691457e+01 7.403717482815279597e+37 1.009885031585559947e+06
1.359041337596136145e+01 7.367697162530680301e+37 1.009876365742750000e+06
1.378613301858422346e+01 7.328499906760230413e+37 1.009866691530570039e+06
1.400564518859027885e+01 7.285815578051430186e+37 1.009855960225509945e+06
1.425475550329429097e+01 7.238738271781790329e+37 1.009844012167479959e+06
1.454196908549056388e+01 7.186143158611599742e+37 1.009830589321049978e+06
1.488308914826484397e+01 7.125518197702720419e+37 1.009815145435360027e+06
1.530237373613636009e+01 7.053384965793020341e+37 1.009796859005469945e+06
1.584852405751007609e+01 6.961811047424640367e+37 1.009774022202680004e+06
1.661934755483525805e+01 6.835368814798320463e+37 1.009743300080309971e+06
1.756005711687612347e+01 6.701262558286499639e+37 1.009708517267949996e+06
1.839752293721539900e+01 6.611810536174959838e+37 1.009679923682759982e+06
1.915481743818963878e+01 6.525725131487870077e+37 1.009654422690719948e+06
1.983346324419835582e+01 6.446300046078630413e+37 1.009631757128120051e+06
2.044068373210029677e+01 6.373291092838429948e+37 1.009611496238689986e+06
2.098243802925571799e+01 6.307309071737879831e+37 1.009593540256059961e+06
2.146534636532305740e+01 6.248074997659340410e+37 1.009577638647580054e+06
2.189568308048183098e+01 6.194959213962410097e+37 1.009563548136499943e+06
2.227958449916332029e+01 6.147392173393360206e+37 1.009551056474920013e+06
2.262277410415117629e+01 6.104678011791969542e+37 1.009539945574379992e+06
2.293052588822320104e+01 6.066097501657590361e+37 1.009530014275840018e+06
2.320742632524343207e+01 6.031106718810229605e+37 1.009521099076590035e+06
2.345718517742352560e+01 5.999339766817649731e+37 1.009513073435790022e+06
2.368309717735974118e+01 5.970422172867609620e+37 1.009505824437070056e+06
2.388775979707133956e+01 5.944087447777430252e+37 1.009499264367099968e+06
2.407321510239853524e+01 5.920126130438920362e+37 1.009493324832440005e+06
2.424135873804334551e+01 5.898309915637419696e+37 1.009487943379039993e+06
2.439342587668215856e+01 5.878535499997689735e+37 1.009483077326789964e+06
2.453289879372459836e+01 5.860105158640550107e+37 1.009478609074180014e+06
2.466453434433788061e+01 5.842157660816039693e+37 1.009474372591060004e+06
2.480290021799737588e+01 5.821425799053990099e+37 1.009469840075980057e+06
2.504020850418601185e+01 5.775338479049820321e+37 1.009461634193000034e+06
2.525245653159799986e+01 5.744259071488509845e+37 1.009454290732490015e+06
2.544491895576356910e+01 5.717151744105080216e+37 1.009447750075440039e+06
2.561964804949820973e+01 5.692678321874630424e+37 1.009441887762799975e+06
2.577804781481972896e+01 5.670447398921510079e+37 1.009436617890269961e+06
2.592389175418065861e+01 5.649659148407090430e+37 1.009431786838760017e+06
2.606234100507572293e+01 5.629347658666810019e+37 1.009427197368950001e+06
2.621134157566120848e+01 5.605295086981680252e+37 1.009422180244129966e+06
2.642442728509195149e+01 5.564922268735930032e+37 1.009414754668410053e+06
2.661463562084827572e+01 5.535904384500250187e+37 1.009408135597390006e+06
2.678840308540384285e+01 5.510017915999260151e+37 1.009402179971360019e+06
2.694679856463335454e+01 5.486633556119819772e+37 1.009396813235790003e+06
2.709421138311154209e+01 5.464583754925419800e+37 1.009391853701179964e+06
2.723888109566178173e+01 5.442067211860540370e+37 1.009386983940180042e+06
2.742250081920064986e+01 5.408789282793180241e+37 1.009380650698120007e+06
2.766386968505685218e+01 5.363557900280760398e+37 1.009372159076269949e+06
2.790510974402423017e+01 5.324550742814979711e+37 1.009363783081979956e+06
2.812343818799126893e+01 5.292543700839289717e+37 1.009356398958900012e+06
2.832228628214215860e+01 5.263864877670079788e+37 1.009349821675390005e+06
2.850353680527769029e+01 5.237866794908000076e+37 1.009343916094789980e+06
2.866954079360584728e+01 5.214032464276350016e+37 1.009338559094880009e+06
2.882523203009623103e+01 5.191329651483159969e+37 1.009333561011670041e+06
2.898137861321447417e+01 5.167422191634480051e+37 1.009328526893610018e+06
2.918724158985423855e+01 5.130599064481660261e+37 1.009321694611349958e+06
2.937377278821077198e+01 5.102410990552489991e+37 1.009315508466340019e+06
2.954476518448791467e+01 5.077030187495560432e+37 1.009309902885199990e+06
2.970519961396348663e+01 5.052962653792059737e+37 1.009304682679270045e+06
2.986551500373752788e+01 5.027859636603529650e+37 1.009299461057979963e+06
3.008697856109938584e+01 4.987012821759400285e+37 1.009292047311890055e+06
3.032325776730431244e+01 4.947655756199360051e+37 1.009284131984309992e+06
3.053768268699059263e+01 4.916000750483179661e+37 1.009277104416580056e+06
3.073370203742524609e+01 4.887655464292989725e+37 1.009270815911410027e+06
3.091348554095020518e+01 4.861835340071109683e+37 1.009265134255329962e+06
3.108217612394946627e+01 4.837380325822369862e+37 1.009259854809170007e+06
3.124934923709952272e+01 4.812307690781640071e+37 1.009254629086010042e+06
3.146469839476048946e+01 4.775152741975090419e+37 1.009247740426050033e+06
3.170675426695379429e+01 4.735557730327719665e+37 1.009239964706290048e+06
3.192703683199943043e+01 4.704221042244560286e+37 1.009233033539689961e+06
3.212871781364083290e+01 4.676158344195839820e+37 1.009226823405300034e+06
3.231441515384358354e+01 4.650456031184930348e+37 1.009221191401210031e+06
3.248990850994596258e+01 4.625863343514309584e+37 1.009215915701190010e+06
3.266727380256634206e+01 4.599935297625279851e+37 1.009210580273319967e+06
3.290870645624818280e+01 4.558930272565770320e+37 1.009203117310489994e+06
3.312836192519171163e+01 4.528151105356660039e+37 1.009196400319830049e+06
3.333018949924735352e+01 4.500467030897779833e+37 1.009190342610609950e+06
3.351823295396752656e+01 4.474646340278010365e+37 1.009184771961390041e+06
3.369847385154571384e+01 4.449554182994840297e+37 1.009179471652550041e+06
3.389033169625326991e+01 4.421023471362599821e+37 1.009173785670249956e+06
3.412691307713976130e+01 4.382946282784129853e+37 1.009166648545579985e+06
3.434284793122787960e+01 4.353292438015400429e+37 1.009160219159230008e+06
3.454200645509990864e+01 4.326448611531710172e+37 1.009154394520340022e+06
3.473026609150110744e+01 4.300903786940510011e+37 1.009148953911709948e+06
3.491870516570634209e+01 4.274511816336790257e+37 1.009143525887969998e+06
3.516564400892821141e+01 4.234991065088440221e+37 1.009136252296759980e+06
3.539620839280541986e+01 4.203598925459539849e+37 1.009129534151969943e+06
3.560859392595011741e+01 4.175649779767449878e+37 1.009123469332359964e+06
3.580679614227847196e+01 4.149668669280410235e+37 1.009117892839899985e+06
3.599887128244154155e+01 4.124061182909430137e+37 1.009112529945970047e+06
3.620973594716633670e+01 4.093798906282770073e+37 1.009106587108229985e+06
3.644632630777778104e+01 4.059225957208180077e+37 1.009099859311420005e+06
3.666361267262254842e+01 4.031036534219099794e+37 1.009093772205000045e+06
3.686679796845419332e+01 4.004943422942990114e+37 1.009088173190520029e+06
3.706424581792089157e+01 3.979221263739040228e+37 1.009082783926200005e+06
3.728194724931381643e+01 3.948760408835979894e+37 1.009076796797259944e+06
3.754239978073746897e+01 3.910913847638880194e+37 1.009069565445750020e+06
3.778093490636092611e+01 3.881278994252130119e+37 1.009063081995169981e+06
3.800169415370328352e+01 3.854406053718820023e+37 1.009057215885760030e+06
3.820989773489418440e+01 3.829090426974480139e+37 1.009051770105749951e+06
3.841456829596427269e+01 3.803769145213080143e+37 1.009046457974510035e+06
3.865145438924082555e+01 3.771674753430949872e+37 1.009040227917180047e+06
3.893752981597208418e+01 3.732467265507159911e+37 1.009032661492130021e+06
3.919685207260772586e+01 3.702711581702110094e+37 1.009025989745720057e+06
3.943575611501000822e+01 3.675717857242279978e+37 1.009019997663830058e+06
3.965876003462471999e+01 3.650590709822839919e+37 1.009014498158939998e+06
3.987188913626596332e+01 3.626439396179040049e+37 1.009009297720059985e+06
4.009025084020686336e+01 3.600700679333809900e+37 1.009003966728799976e+06
4.038040655790246092e+01 3.561860561662340215e+37 1.008996696310580010e+06
4.064479740968090482e+01 3.532728385115000224e+37 1.008990190715700039e+06
4.088958937313873321e+01 3.506030947935810035e+37 1.008984292296999949e+06
4.111776337982155383e+01 3.481238645146070135e+37 1.008978870444079977e+06
4.133739444869570434e+01 3.457070025241549808e+37 1.008973692657110048e+06
4.156482929288176820e+01 3.430940638422319873e+37 1.008968311314560007e+06
4.183818162701209076e+01 3.396621128200199862e+37 1.008961690411709948e+06
4.208906528219813481e+01 3.369404251998529824e+37 1.008955697022179957e+06
4.232291804818669334e+01 3.344210595675209918e+37 1.008950196861649980e+06
4.254777902964269742e+01 3.319684619048039787e+37 1.008944954585899948e+06
4.277899418646120466e+01 3.293530955850140220e+37 1.008939558679069974e+06
4.305419431114569306e+01 3.259755558885179771e+37 1.008933002815639949e+06
4.330705398580175824e+01 3.232546341446720099e+37 1.008927048690319993e+06
4.354344451398355886e+01 3.207234697875529898e+37 1.008921564872569987e+06
4.377233981428435072e+01 3.182438241509790145e+37 1.008916300014739973e+06
4.401170232729054987e+01 3.155490223038960215e+37 1.008910783345379983e+06
4.428604723748867400e+01 3.122738681730550080e+37 1.008904344193579978e+06
4.453891154410666786e+01 3.095910530311810058e+37 1.008898491678760038e+06
4.477694635931402445e+01 3.070804692319069999e+37 1.008893066465129959e+06
4.500994432158768177e+01 3.045943305856210083e+37 1.008887801022100030e+06
4.526174503212678246e+01 3.017688288834650071e+37 1.008882078680700040e+06
4.553719346062280238e+01 2.986186369273880197e+37 1.008875745132699958e+06
4.579152674088254571e+01 2.959845449649240030e+37 1.008869990512839984e+06
4.603214395794202574e+01 2.935053196243800156e+37 1.008864629069969989e+06
4.627000597087317146e+01 2.910249679762920154e+37 1.008859374162290012e+06
4.653393907955614850e+01 2.881124111580690097e+37 1.008853497886399971e+06
4.681664600927615538e+01 2.850127671513369794e+37 1.008847160488290014e+06
4.707759527830057777e+01 2.824048550200400051e+37 1.008841418468659976e+06
4.732366442464990541e+01 2.799650533417730113e+37 1.008836093781010015e+06
4.756572331575443968e+01 2.775427729235230076e+37 1.008830907501279959e+06
4.782803582231281325e+01 2.748022694591919926e+37 1.008825269231089973e+06
4.811780602848739363e+01 2.717025337455970217e+37 1.008818960930399946e+06
4.838466949362191372e+01 2.691292841297230104e+37 1.008813254079989973e+06
4.863585266939480789e+01 2.667277548086050087e+37 1.008807972616569954e+06
4.888221626679296605e+01 2.643549685981909767e+37 1.008802846244269982e+06
4.914595467259641737e+01 2.617238186697149859e+37 1.008797353951439960e+06
4.944432691400288604e+01 2.586190968175050173e+37 1.008791037880840013e+06
4.971830786866485141e+01 2.560705391817620231e+37 1.008785337716670008e+06
4.997554013840272091e+01 2.536987290764819886e+37 1.008780077617889969e+06
5.022625355620402843e+01 2.513784532942510135e+37 1.008775008492190042e+06
5.049044787575257942e+01 2.488647442103960227e+37 1.008769676285509951e+06
5.080632340986630879e+01 2.456741142884340123e+37 1.008763192526470055e+06
5.109449778907583095e+01 2.431003683051210214e+37 1.008757366256990004e+06
5.136251369953970425e+01 2.407312772802539812e+37 1.008752047605260042e+06
5.161994468091870658e+01 2.384600864762339866e+37 1.008747006601940026e+06
5.188073150956188329e+01 2.361333967368590175e+37 1.008741933557769982e+06
5.218512305800686590e+01 2.332438503587940007e+37 1.008735939078720054e+06
5.249257301830220968e+01 2.304627565165890092e+37 1.008729875414120033e+06
5.277579343883553520e+01 2.280646867654719844e+37 1.008724400999539997e+06
5.304297694738488644e+01 2.258263082141430010e+37 1.008719324385039974e+06
5.330481310625327751e+01 2.236280714909349867e+37 1.008714402296590037e+06
5.358585100233904086e+01 2.211915935857599914e+37 1.008709119371140026e+06
5.391735840574256144e+01 2.181759698533649800e+37 1.008702781041390030e+06
5.421956291556125507e+01 2.157141966549339983e+37 1.008697084402770037e+06
5.450068084546364844e+01 2.134563835993020107e+37 1.008691886431240011e+06
5.477004511113045737e+01 2.113101322988660106e+37 1.008686977452639956e+06
5.504361140960827470e+01 2.091067223642530042e+37 1.008682027091700002e+06
5.536144376301672310e+01 2.063998582611739966e+37 1.008676212567260023e+06
5.569409413708490320e+01 2.036335668023089956e+37 1.008670087741620024e+06
5.599876155337551609e+01 2.013056754006309963e+37 1.008664598678649985e+06
5.628397440689150244e+01 1.991640468070260027e+37 1.008659563485939987e+06
5.656066562619525939e+01 1.970957808595050035e+37 1.008654746182700037e+06
5.684710090217413381e+01 1.949180988358319920e+37 1.008649782841130043e+06
5.720607099996414036e+01 1.919747164965089894e+37 1.008643446949210018e+06
5.754587432727566920e+01 1.894438236318789987e+37 1.008637489812840009e+06
5.785817616322310641e+01 1.872133763611639949e+37 1.008632137063179980e+06
5.815159331689937972e+01 1.851532670192349925e+37 1.008627201647500042e+06
5.843748521961970255e+01 1.831547336634360093e+37 1.008622453567440039e+06
5.873668748937780038e+01 1.810228698071260064e+37 1.008617500576180057e+06
5.912532905032276176e+01 1.780253682677460107e+37 1.008610932298770058e+06
5.948241891851648688e+01 1.755834416439079922e+37 1.008604969724670053e+06
5.980932340002618730e+01 1.734147284073009922e+37 1.008599636940669967e+06
6.011568022478604689e+01 1.714196419325420017e+37 1.008594734969369951e+06
6.041262546117650345e+01 1.695002287460760064e+37 1.008590047037770040e+06
6.072015098473639227e+01 1.674814871494899962e+37 1.008585212833840051e+06
6.110281025612493977e+01 1.647814821223830072e+37 1.008579081842669984e+06
6.149185256028431468e+01 1.621915431206269897e+37 1.008572851568180020e+06
6.184669295960338786e+01 1.600116806980390048e+37 1.008567317306549987e+06
6.217555024288594723e+01 1.580424962207730033e+37 1.008562306888720021e+06
6.248950421187328175e+01 1.561818876737750002e+37 1.008557601377009996e+06
6.280394623213214800e+01 1.543111009815750115e+37 1.008552930354489945e+06
6.315529949363553897e+01 1.521296186691530033e+37 1.008547671226619976e+06
6.359494592627743259e+01 1.492317909400069948e+37 1.008540920283430023e+06
6.399298050531069748e+01 1.469671868835289999e+37 1.008534973839460057e+06
6.435756444968865253e+01 1.449495109055510095e+37 1.008529669115450000e+06
6.469949464045930654e+01 1.430891657580809978e+37 1.008524792350269970e+06
6.503045915512484498e+01 1.413005926603739906e+37 1.008520132656430011e+06
6.536979281238745898e+01 1.394425860792500000e+37 1.008515372049730038e+06
6.577631472586654127e+01 1.370663344331689906e+37 1.008509557637050049e+06
6.624347767999279313e+01 1.343275071265429884e+37 1.008502783477789955e+06
6.666828420941601507e+01 1.321246812411330073e+37 1.008496802012689994e+06
6.705848105277982540e+01 1.301594850819039968e+37 1.008491448573359987e+06
6.742447294940939173e+01 1.283412574893089899e+37 1.008486513952060021e+06
6.778031093053868972e+01 1.265807776821569909e+37 1.008481769094530027e+06
6.814608402093290351e+01 1.247478506109859966e+37 1.008476901111669955e+06
6.858316254429519176e+01 1.224170700616749889e+37 1.008470960826830007e+06
6.910389845853205770e+01 1.196023113121679925e+37 1.008463764006249956e+06
6.957707589454366826e+01 1.173485367958829910e+37 1.008457414613040048e+06
7.001304047679877840e+01 1.153264537646170022e+37 1.008451707050570054e+06
7.042018258653115481e+01 1.134722718129140056e+37 1.008446471012989990e+06
7.081280235989834182e+01 1.116938955181359958e+37 1.008441474441520055e+06
7.120791195333003998e+01 1.098910037663840017e+37 1.008436457344889990e+06
7.165054677377338521e+01 1.077921912497159915e+37 1.008430765028830036e+06
7.226038601386244409e+01 1.046964062130890033e+37 1.008422663839280023e+06
7.281623586121713743e+01 1.022525237799819946e+37 1.008415487412340008e+06
7.332893050360144116e+01 1.000561934310679961e+37 1.008409024203790003e+06
7.380706551109324209e+01 9.805184397824939958e+36 1.008403102921120008e+06
7.426207665217225440e+01 9.616343584802069766e+36 1.008397524922539946e+06
7.470943691709544510e+01 9.430831156648490368e+36 1.008392062586740009e+06
7.517677547986386344e+01 9.235039451775529738e+36 1.008386342326499987e+06
7.575213814608287066e+01 8.981635761934180088e+36 1.008379131335629965e+06
7.646265877233236097e+01 8.667864614419230011e+36 1.008370099694179953e+06
7.712209496586001478e+01 8.410974821407479739e+36 1.008362015963859973e+06
7.773890190132078715e+01 8.176219873211889967e+36 1.008354614153639995e+06
7.832312543655280024e+01 7.957297779497399499e+36 1.008347691221349989e+06
7.888264758957666345e+01 7.749710109322579977e+36 1.008341097994450014e+06
7.943764656950952485e+01 7.545001132768640290e+36 1.008334573104039999e+06
8.001999854986206628e+01 7.329410071672040325e+36 1.008327700971220038e+06
8.073234594013774768e+01 7.059861307477410174e+36 1.008319161970169982e+06
8.160946723315282725e+01 6.734220940318999577e+36 1.008308629371040035e+06
8.252716150024207309e+01 6.423571170799550579e+36 1.008297933614199981e+06
8.341129785808152519e+01 6.139540089680080500e+36 1.008287886720670038e+06
8.427359155088197440e+01 5.870545933431110300e+36 1.008278235332789947e+06
8.512737435605959035e+01 5.613996022473329964e+36 1.008268828694529948e+06
8.598299327649874613e+01 5.364832109166820137e+36 1.008259512868329999e+06
8.686868818145012483e+01 5.115767865971970270e+36 1.008249987592890044e+06
8.784322705434169620e+01 4.851959315203299997e+36 1.008239649465810042e+06
8.922281325241783634e+01 4.498872639901800257e+36 1.008225358451780048e+06
9.040761887480039150e+01 4.211047683418109882e+36 1.008213243415049976e+06
9.214113964294665493e+01 3.849075454731950122e+36 1.008196872436919948e+06
