# time luminosity radius
-2.263391033848165534e+01 4.392331172530469843e+35 1.008271726530410000e+06
-1.973946851579239592e+01 4.563421381419419888e+35 1.008272082728569978e+06
-1.644308943455689587e+01 4.822229126869769799e+35 1.008274425962629961e+06
-1.242425450243172236e+01 5.529648074957359651e+35 1.008288673068759963e+06
-1.228822365828091279e+01 5.557588268073530343e+35 1.008289222385950037e+06
-1.201752227844554000e+01 5.610753981184869702e+35 1.008290432221079944e+06
-1.147882653254782781e+01 5.729607238659430282e+35 1.008293309663380031e+06
-1.062982579128583893e+01 5.974300496836159648e+35 1.008299810489639989e+06
-1.011317369173048064e+01 6.155728619992469873e+35 1.008305069087550044e+06
-9.732280512835131958e+00 6.305026782664590291e+35 1.008310010348150041e+06
-9.431391340767731890e+00 6.456832127014590202e+35 1.008314735155389993e+06
-9.154763027036096901e+00 6.610895614398939672e+35 1.008320144919340033e+06
-8.945566039998084307e+00 6.743771358951180097e+35 1.008325061589590041e+06
-8.798321415291866288e+00 6.847723121423499290e+35 1.008329086639969959e+06
-8.687763154332060367e+00 6.932851250252979919e+35 1.008332492216650047e+06
-8.678787711309269071e+00 6.939672151147849942e+35 1.008332770685540047e+06
-8.660926579701481387e+00 6.954024975866809867e+35 1.008333343189459993e+06
-8.625382927828468382e+00 6.982507138961630694e+35 1.008334531573330052e+06
-8.554651060607284307e+00 7.043497352793400237e+35 1.008337120288979961e+06
-8.485166345955803990e+00 7.106110069252769633e+35 1.008339913766580052e+06
-8.425269744766410440e+00 7.163891381897429891e+35 1.008342556531889946e+06
-8.373496594984317198e+00 7.216931143826000682e+35 1.008345049623979954e+06
-8.326725655060727149e+00 7.264500079671690051e+35 1.008347509184160037e+06
-8.283585066848900169e+00 7.312076906286270602e+35 1.008350012274120003e+06
-8.247692496515810490e+00 7.353635694528850717e+35 1.008352297219390050e+06
-8.221582520403899252e+00 7.383267736359740457e+35 1.008354056139969965e+06
-8.205418811587151140e+00 7.402894773396029835e+35 1.008355201454160037e+06
-8.185590576322283596e+00 7.426562944493379931e+35 1.008356706852289964e+06
-8.169948017719434574e+00 7.446812800034100067e+35 1.008357962485680007e+06
-8.155880992388119921e+00 7.469908949805900669e+35 1.008359154661510023e+06
-8.141842796438140795e+00 7.483595672501199452e+35 1.008360423004599987e+06
-8.124312998697860166e+00 7.505930942231439513e+35 1.008362239185450017e+06
-8.100892457587178797e+00 7.536766292673279893e+35 1.008365055219319998e+06
-8.079701961774844676e+00 7.567583232426010659e+35 1.008367872323479969e+06
-8.060616465518251061e+00 7.595675181545690189e+35 1.008370668525069952e+06
-8.042947630165144801e+00 7.614013218892269496e+35 1.008373486969460035e+06
-8.026154575898544863e+00 7.638963906607969747e+35 1.008376365835719975e+06
-8.010837182286195457e+00 7.706551695387289983e+35 1.008379135829119943e+06
-7.996787592244800180e+00 7.682895562407229838e+35 1.008381792146219988e+06
-7.983884094312088564e+00 7.707575323384970682e+35 1.008384371595120057e+06
-7.970491608546581119e+00 7.736293956919060462e+35 1.008387064796990016e+06
-7.956456941086798906e+00 7.756369082716039808e+35 1.008389923823429970e+06
-7.940378250525100157e+00 7.775745901270770086e+35 1.008393845747219981e+06
-7.929126302187796682e+00 7.791854099940080442e+35 1.008396547506670002e+06
-7.910676986561156809e+00 7.835461304527360414e+35 1.008400985696909949e+06
-7.891533428919501603e+00 7.928157474295140217e+35 1.008405636571060051e+06
-7.870621470268815756e+00 8.140068266949429394e+35 1.008410701224860037e+06
-7.847916859667748213e+00 8.633733407833299331e+35 1.008416245325939963e+06
-7.823435100697679445e+00 1.076698063629219953e+36 1.008422530831609969e+06
-7.797978636896004900e+00 1.378733667795870059e+36 1.008429147982880007e+06
-7.770363597053801641e+00 1.870372243773799987e+36 1.008436501521739992e+06
-7.741600392269901931e+00 2.228029137617189919e+36 1.008444347543830052e+06
-7.711996482510585338e+00 2.863560205170730117e+36 1.008452721150920028e+06
-7.681675425963476300e+00 3.218105200946359713e+36 1.008461593310790020e+06
-7.651798653969308361e+00 3.834593967582410291e+36 1.008470740961940028e+06
-7.622361306363018230e+00 4.131511222054909979e+36 1.008480105711319949e+06
-7.592809275753097609e+00 4.490071371345079836e+36 1.008489917823279975e+06
-7.563200489006703719e+00 5.386897092609930370e+36 1.008500484578849981e+06
-7.534569265932077542e+00 5.688909076457880089e+36 1.008511182739270036e+06
-7.506527373305289075e+00 6.100179918658440542e+36 1.008522167266709963e+06
-7.479453944775741547e+00 6.332644718690160113e+36 1.008533288986689993e+06
-7.453173450165195391e+00 6.658231605105480561e+36 1.008544611785709974e+06
-7.427463382540736347e+00 6.987302372213289641e+36 1.008556233533979976e+06
-7.403016479976940900e+00 7.314722486128170161e+36 1.008567819674520055e+06
-7.379898640851024538e+00 7.636986844550300186e+36 1.008579301502889954e+06
-7.357812702801311389e+00 7.957638816198139871e+36 1.008590798925390001e+06
-7.336537286610109732e+00 8.372516903861969979e+36 1.008602508305620053e+06
-7.316009522008243948e+00 8.725407355427209788e+36 1.008614325019650045e+06
-7.296073190809693187e+00 9.078719670999819455e+36 1.008626303010349977e+06
-7.276669231796404347e+00 9.437510308083159992e+36 1.008638406354979961e+06
-7.258298322354676202e+00 9.791396761721769819e+36 1.008650353771880036e+06
-7.241110751900123432e+00 1.013285452671089978e+37 1.008661990217269980e+06
-7.225017845950787887e+00 1.046289174992330030e+37 1.008673314714589971e+06
-7.209723973501240835e+00 1.078548748264719964e+37 1.008684483226989978e+06
-7.194664455368183553e+00 1.111494385656310015e+37 1.008695884020140045e+06
-7.178789284953381866e+00 1.146732820473690092e+37 1.008708349677719991e+06
-7.163347155466908589e+00 1.183368542401219936e+37 1.008720914496080019e+06
-7.148323719156906009e+00 1.220343740860460028e+37 1.008733580209770007e+06
-7.132893116096965969e+00 1.259911461889060011e+37 1.008747097691589966e+06
-7.116837370354915038e+00 1.302281471909549913e+37 1.008761702228629962e+06
-7.101045314862858504e+00 1.345629756766769896e+37 1.008776580380439991e+06
-7.085577680962160230e+00 1.389747982636619939e+37 1.008791654214069946e+06
-7.071126704948255792e+00 1.432159807803779887e+37 1.008806175030539976e+06
-7.057371952134417370e+00 1.473853194578209994e+37 1.008820400517210015e+06
-7.044842839823104441e+00 1.512508872198560041e+37 1.008833693835990038e+06
-7.032451796840177849e+00 1.551872592374279951e+37 1.008847175977149978e+06
-7.020703265880001709e+00 1.589723980426519882e+37 1.008860256954140030e+06
-7.009168617689283565e+00 1.627521908026249925e+37 1.008873392779889982e+06
-6.997850681393174455e+00 1.665065260783380059e+37 1.008886558679340058e+06
-6.986782392632449046e+00 1.702103474411729948e+37 1.008899700094109983e+06
-6.975484170718118548e+00 1.740463361594550084e+37 1.008913384288629983e+06
-6.964393303525866941e+00 1.776614711140649971e+37 1.008927062528220005e+06
-6.953305667324457318e+00 1.813285943760159981e+37 1.008940977655390045e+06
-6.942170009831897914e+00 1.850473473279039957e+37 1.008955199592959951e+06
-6.931381724978564307e+00 1.886431008612510034e+37 1.008969198412660044e+06
-6.920953193737659603e+00 1.921379680638789952e+37 1.008982931172859971e+06
-6.910819940734654665e+00 1.956168273536859889e+37 1.008996472256119945e+06
-6.901017963304184377e+00 1.987157532220690072e+37 1.009009739591990015e+06
-6.891384456597734243e+00 2.020453898790759893e+37 1.009022935450340039e+06
-6.881979573605349287e+00 2.054051725359580080e+37 1.009035969004660030e+06
-6.872684600792126730e+00 2.087754508772540014e+37 1.009048972028880031e+06
-6.863408705714391544e+00 2.120661134926939925e+37 1.009062061248420039e+06
-6.854181657341541722e+00 2.156698364570170226e+37 1.009075193274329999e+06
-6.844971767306560650e+00 2.200938717652419886e+37 1.009088403114120010e+06
-6.835744315758347511e+00 2.233276443114290150e+37 1.009101716822259943e+06
-6.826464596146252006e+00 2.269202160780809771e+37 1.009115183019479970e+06
-6.817094855592586100e+00 2.307114641478289940e+37 1.009128850279810023e+06
-6.807589153409935534e+00 2.346426706602120039e+37 1.009142781175420037e+06
-6.797885322856018320e+00 2.388222373209009827e+37 1.009157064144429984e+06
-6.787955739942844957e+00 2.434966865273069833e+37 1.009171742167070042e+06
-6.777860345086082816e+00 2.485855255469199790e+37 1.009186710358900018e+06
-6.767475838569225743e+00 2.535113071477220220e+37 1.009202149403020041e+06
-6.756885614478960633e+00 2.587624326630419792e+37 1.009217934653350036e+06
-6.745907018921570852e+00 2.662201542593019873e+37 1.009234328942000051e+06
-6.735064478765707463e+00 2.719651188140839793e+37 1.009250538501700037e+06
-6.724352666322374716e+00 2.785811965141549887e+37 1.009266580343730049e+06
-6.713715594465611503e+00 2.842287634811360048e+37 1.009282508298599976e+06
-6.703307008545380086e+00 2.925498506198039942e+37 1.009298093692180002e+06
-6.693344979081302881e+00 2.967642198752160207e+37 1.009313000218949979e+06
-6.683466783404583111e+00 3.049060995400390199e+37 1.009327778489039978e+06
-6.672619891847716644e+00 3.099115001947940054e+37 1.009343988595840055e+06
-6.660807743552140892e+00 3.162540243785299822e+37 1.009361620352830039e+06
-6.649542024708352983e+00 3.222985891648609974e+37 1.009378392186069977e+06
-6.638926886866101995e+00 3.285979559397229780e+37 1.009394132681480027e+06
-6.627909175353124738e+00 3.343298105116010037e+37 1.009410424611399998e+06
-6.616686675173696131e+00 3.402382297070449880e+37 1.009426961553649977e+06
-6.604402019816916436e+00 3.469345849032460097e+37 1.009444983045059955e+06
-6.590176181547576562e+00 3.548551317488630105e+37 1.009465755150569952e+06
-6.572728062310488895e+00 3.647031276601650195e+37 1.009491090331760002e+06
-6.555411995330359787e+00 3.746445025155779873e+37 1.009516054713619989e+06
-6.538704475940903649e+00 3.843571211255530226e+37 1.009539987036240054e+06
-6.521517315210076049e+00 3.944348408970259881e+37 1.009564453458460048e+06
-6.503543722967151552e+00 4.050672010044750165e+37 1.009589876943700016e+06
-6.485267615527845919e+00 4.159816375560390197e+37 1.009615557426600019e+06
-6.466520453046541661e+00 4.272662706410740390e+37 1.009641719609259977e+06
-6.446340595895890146e+00 4.394806081428540375e+37 1.009669683632300003e+06
-6.426304831518791616e+00 4.516867873577110063e+37 1.009697236300140037e+06
-6.406300098838983104e+00 4.639141179321099567e+37 1.009724542355000041e+06
-6.386325966304866597e+00 4.761365193081799706e+37 1.009751597915619961e+06
-6.366385618399363011e+00 4.883364332322110245e+37 1.009778399190369993e+06
-6.346487727219937369e+00 5.004860632316670256e+37 1.009804929322859971e+06
-6.326625593355856836e+00 5.125719518431510302e+37 1.009831175238199998e+06
-6.306741085951216519e+00 5.246139126609590360e+37 1.009857208841169951e+06
-6.286838386877207085e+00 5.365893073819859775e+37 1.009883039672460058e+06
-6.266859949566423893e+00 5.485195789217399652e+37 1.009908738688690006e+06
-6.246815837686881423e+00 5.603843224938040064e+37 1.009934283766019973e+06
-6.226647485367720947e+00 5.722031295845950017e+37 1.009959742469680030e+06
-6.206368536368245259e+00 5.839527188761599678e+37 1.009985089400049997e+06
-6.186036300787236542e+00 5.955865048357400316e+37 1.010010245022419957e+06
-6.165600193489808589e+00 6.071174835299839855e+37 1.010035263590330025e+06
-6.145065932418219745e+00 6.185331231240559726e+37 1.010060131489270017e+06
-6.124382320937002078e+00 6.298445537485529668e+37 1.010084899842089973e+06
-6.103558308037463576e+00 6.410340639367120394e+37 1.010109549931250047e+06
-6.082539660157635808e+00 6.521169946190970387e+37 1.010134133341580047e+06
-6.061336962535278872e+00 6.630731478514770379e+37 1.010158626909879968e+06
-6.039891907916171476e+00 6.739243681988479778e+37 1.010183090372700011e+06
-6.018215094256447628e+00 6.846440569486520153e+37 1.010207492109759944e+06
-5.996334604191360995e+00 6.952092646585909583e+37 1.010231785807379987e+06
-5.974237101501785219e+00 7.056097680188349943e+37 1.010255972971839947e+06
-5.951923828513827175e+00 7.158342954058690423e+37 1.010280038747090031e+06
-5.929338777350494638e+00 7.258984510094390198e+37 1.010304030149489990e+06
-5.906484746199566871e+00 7.357936596173970348e+37 1.010327925533120055e+06
-5.883298808155814186e+00 7.455263370087649728e+37 1.010351773841349990e+06
-5.859782097366405651e+00 7.550901720967620321e+37 1.010375553313310025e+06
-5.835905398445902392e+00 7.644822693853660213e+37 1.010399275997609948e+06
-5.811724368628347293e+00 7.736759665718130081e+37 1.010422866965119960e+06
-5.787226079643005505e+00 7.826634276273859569e+37 1.010446321695729974e+06
-5.762343570269877091e+00 7.914589938360190250e+37 1.010469684045769973e+06
-5.737065743713174015e+00 8.000593520475429576e+37 1.010492943023029948e+06
-5.711312465660739690e+00 8.084751823288989572e+37 1.010516147382510011e+06
-5.685145810042740777e+00 8.166815738951470076e+37 1.010539219682189985e+06
-5.658595704997424036e+00 8.246625954550300419e+37 1.010562111295039998e+06
-5.631578088883543387e+00 8.324303509551710029e+37 1.010584872040919960e+06
-5.604063048318494111e+00 8.399973046653870013e+37 1.010607503249739995e+06
-5.576001637091394514e+00 8.473571995251000040e+37 1.010630016838690033e+06
-5.547481418005190790e+00 8.544965288222149439e+37 1.010652320053159958e+06
-5.518451845651725307e+00 8.614137484709439900e+37 1.010674429717410007e+06
-5.488804215361597016e+00 8.681279972921199203e+37 1.010696401042839978e+06
-5.458592929528094828e+00 8.746305666878360404e+37 1.010718167938750004e+06
-5.427846835431410000e+00 8.809108993712990713e+37 1.010739686325590010e+06
-5.396437913470435888e+00 8.869923209146320397e+37 1.010761020906870021e+06
-5.364378467987990007e+00 8.928774173885950743e+37 1.010782136784640024e+06
-5.331729104364058003e+00 8.985548325199390874e+37 1.010802972121260012e+06
-5.298338481108658016e+00 9.040486324876440565e+37 1.010823599407810019e+06
-5.264271671010646969e+00 9.093580271643090471e+37 1.010843965514829964e+06
-5.229515007085865363e+00 9.144884829345569113e+37 1.010864042227449943e+06
-5.193940153607400134e+00 9.194598223926130413e+37 1.010883886713759974e+06
-5.157663985068211332e+00 9.242722250519819506e+37 1.010903416449459968e+06
-5.120541695243446156e+00 9.289472371617770408e+37 1.010922693224200048e+06
-5.082672714284854010e+00 9.334883085686239388e+37 1.010941652227089973e+06
-5.043904434423893690e+00 9.379206249252910667e+37 1.010960358011140022e+06
-5.004329610848799348e+00 9.422537889327700756e+37 1.010978756969740032e+06
-4.963822446006815881e+00 9.465095698663789231e+37 1.010996902320650057e+06
-4.922452149010496214e+00 9.507059941129759423e+37 1.011014760753419949e+06
-4.880037011724198237e+00 9.548688526082439235e+37 1.011032410728489980e+06
-4.836733121221186593e+00 9.590121015393540027e+37 1.011049792828770005e+06
-4.792383491556392983e+00 9.631671330710540017e+37 1.011066980928450008e+06
-4.747035764332395047e+00 9.673516263856239271e+37 1.011083971187190036e+06
-4.700650465325452387e+00 9.715985011528389718e+37 1.011100798579519964e+06
-4.653110852115787566e+00 9.759355297122959066e+37 1.011117529917889973e+06
-4.604496103391284123e+00 9.803849656876579688e+37 1.011134168663410004e+06
-4.554754819691879675e+00 9.849827823134449863e+37 1.011150769547229982e+06
-4.503802534192800522e+00 9.897569677071859963e+37 1.011167403128389968e+06
-4.451646265748422593e+00 9.947427214614019833e+37 1.011184115632049972e+06
-4.398304800270125270e+00 9.999627905976520690e+37 1.011200955992680043e+06
-4.343712781206704676e+00 1.005452362155919967e+38 1.011218007698599948e+06
-4.287810827372595668e+00 1.011250773839830088e+38 1.011235355345019954e+06
-4.230542701960075647e+00 1.017388489816450082e+38 1.011253089362310013e+06
-4.171979482140159234e+00 1.023899282360780029e+38 1.011271263748500030e+06
-4.111928233905928209e+00 1.030817931300730018e+38 1.011290023328589974e+06
-4.050568405538797379e+00 1.038162615980050012e+38 1.011309396146449959e+06
-3.987804144213441759e+00 1.045958762705580013e+38 1.011329504823709955e+06
-3.923523483565077186e+00 1.054248928084629960e+38 1.011350476603150018e+06
-3.857789169531315565e+00 1.063049474047840076e+38 1.011372384150929982e+06
-3.790610610070871189e+00 1.072374969468019951e+38 1.011395317743320018e+06
-3.721828693844145164e+00 1.082258500174169986e+38 1.011419426342349965e+06
-3.651615631039021537e+00 1.092693696242990017e+38 1.011444738682879950e+06
-3.579840242426143959e+00 1.103698372126599994e+38 1.011471390214910032e+06
-3.506461160926846787e+00 1.115282803853440007e+38 1.011499479753119987e+06
-3.431628760474268347e+00 1.127423489887199942e+38 1.011529023836079985e+06
-3.355090110562741756e+00 1.140141332543209978e+38 1.011560194171339972e+06
-3.277099066297523677e+00 1.153391314551989957e+38 1.011592943917889963e+06
-3.197393467446090654e+00 1.167181695767620075e+38 1.011627435999540030e+06
-3.116272805404150859e+00 1.181446820103579930e+38 1.011663574167169980e+06
-3.033501229831017554e+00 1.196177396314960016e+38 1.011701489936150028e+06
-2.949223761534085497e+00 1.211316190621229993e+38 1.011741125198900001e+06
-2.863387702498584986e+00 1.226805095503919953e+38 1.011782497589070001e+06
-2.775982975930674002e+00 1.242615890857130068e+38 1.011825593945270055e+06
-2.687122388306306675e+00 1.258667406858429996e+38 1.011870321455099969e+06
-2.596682667237473652e+00 1.274906394376459965e+38 1.011916690510869958e+06
-2.504747392435092479e+00 1.291259545456819946e+38 1.011964589045529952e+06
-2.411387551284860820e+00 1.307629634808050011e+38 1.012013892015469959e+06
-2.316512268327642232e+00 1.323947188139080051e+38 1.012064542683530017e+06
-2.220152282185154036e+00 1.340148913345069961e+38 1.012116400756209972e+06
-2.122463393548969179e+00 1.356133734651649922e+38 1.012169243207999971e+06
-2.023370345268631354e+00 1.371825862383179928e+38 1.012222958145170007e+06
-1.922853785159531981e+00 1.387153581144920038e+38 1.012277381209030049e+06
-1.820878874452318996e+00 1.402041190890959912e+38 1.012332346806950052e+06
-1.717545259889448062e+00 1.416399293334659932e+38 1.012387598512060009e+06
-1.612900425068801269e+00 1.430150081940720010e+38 1.012442897068239981e+06
-1.506915081379702315e+00 1.443231994048460094e+38 1.012498026998430025e+06
-1.399576977157266811e+00 1.455582427152509919e+38 1.012552747020910028e+06
-1.290877998369978741e+00 1.467132861049629910e+38 1.012606801953439950e+06
-1.180798912624595687e+00 1.477829406667330074e+38 1.012659929179799976e+06
-1.069341023452579975e+00 1.487620538557490034e+38 1.012711840664929943e+06
-9.564770730794407427e-01 1.496458688034149926e+38 1.012762250492880004e+06
-8.422068496583960950e-01 1.504300318076159934e+38 1.012810847324809991e+06
-7.264939733140636235e-01 1.511106776935399933e+38 1.012857324990459951e+06
-6.093261315254494548e-01 1.516845285139569960e+38 1.012901354859889951e+06
-4.906567000434733927e-01 1.521484020789179925e+38 1.012942611229629954e+06
-3.704512577387504280e-01 1.525005131715089942e+38 1.012980750881829998e+06
-2.486517049837857485e-01 1.527383770305289942e+38 1.013015436475940049e+06
-1.251917384215630591e-01 1.528605832286470031e+38 1.013046318700650008e+06
0.000000000000000000e+00 1.528659947435639923e+38 1.013073041041539982e+06
1.269688463071361184e-01 1.527539928198080066e+38 1.013095241349020042e+06
2.557056901569012552e-01 1.525246909901379968e+38 1.013112554949369980e+06
3.863120213791262358e-01 1.521779377823719941e+38 1.013124642275250051e+06
5.189273491851054132e-01 1.517139963034319978e+38 1.013131168975890032e+06
6.536823784699663520e-01 1.511335808583659912e+38 1.013131805563900038e+06
7.905097270559053868e-01 1.504394802539620093e+38 1.013126255161760026e+06
9.295902808080427349e-01 1.496323194389959927e+38 1.013114248990499997e+06
1.071098432614235207e+00 1.487138104535150031e+38 1.013095542084209970e+06
1.214985795086249709e+00 1.476883173036680034e+38 1.013069977538130013e+06
1.361493086675181985e+00 1.465570589887769952e+38 1.013037409788380028e+06
1.510697724821511656e+00 1.453242309781309968e+38 1.012997792320230044e+06
1.662759983388241380e+00 1.439932092809850029e+38 1.012951149074770045e+06
1.817788173415465280e+00 1.425686283798650083e+38 1.012897593915050034e+06
1.975991839601192623e+00 1.410539810272159966e+38 1.012837307350839954e+06
2.137386881688144058e+00 1.394555916959299999e+38 1.012770660816989955e+06
2.282594054064247757e+00 1.380300535660189929e+38 1.012707222898290027e+06
2.413263669848674908e+00 1.367213370579059915e+38 1.012647833369000000e+06
2.530596748169045895e+00 1.355290192875679917e+38 1.012592952038599993e+06
2.635847128927707672e+00 1.344471297531389949e+38 1.012542686332999961e+06
2.729839685460319743e+00 1.334731456880639966e+38 1.012497119141760049e+06
2.813581499940482900e+00 1.325996550656070085e+38 1.012456086672520032e+06
2.887845977238612249e+00 1.318215897702640049e+38 1.012419425723789958e+06
2.953488855157047510e+00 1.311314574489460018e+38 1.012386855506859953e+06
3.011440089234383777e+00 1.305203764443500071e+38 1.012358004113840056e+06
3.062754571175901219e+00 1.299775554288779933e+38 1.012332400613059988e+06
3.108726247126469389e+00 1.294890419300989915e+38 1.012309430505260010e+06
3.151226348825730383e+00 1.290336634264420031e+38 1.012288174589899951e+06
3.193644921353552490e+00 1.285715712994120001e+38 1.012266937421660055e+06
3.251934724597958848e+00 1.279026430239829933e+38 1.012237686082459986e+06
3.338887956342659891e+00 1.268904374653780058e+38 1.012193876920180046e+06
3.441314699506619945e+00 1.257279854255960066e+38 1.012142177685549948e+06
3.561244093376444653e+00 1.243634326983899965e+38 1.012081840026609949e+06
3.708374014415312558e+00 1.226822717213279978e+38 1.012008433771249955e+06
3.892684428748907521e+00 1.205930566017920066e+38 1.011918012160459999e+06
4.072265041992068291e+00 1.186667741258649944e+38 1.011832272515640012e+06
4.231770206271903589e+00 1.170180368525889909e+38 1.011758535396210034e+06
4.374530548899201676e+00 1.155696482947180085e+38 1.011694664827459957e+06
4.502167758211726323e+00 1.142978410592449980e+38 1.011639317907850025e+06
4.616128713387297466e+00 1.131805037655079921e+38 1.011591325660309987e+06
4.717434359627077356e+00 1.122022325172880037e+38 1.011549795729120029e+06
4.807566242176108062e+00 1.113431361104589982e+38 1.011513744410319952e+06
4.887353359226835892e+00 1.105923291721880060e+38 1.011482531506470055e+06
4.957754742295946926e+00 1.099373775950549980e+38 1.011455532915140036e+06
5.019925394997699186e+00 1.093646093833209994e+38 1.011432110678869998e+06
5.075169294606894255e+00 1.088596738519749929e+38 1.011411624590369989e+06
5.125551285280380398e+00 1.084010406622839933e+38 1.011393207105680020e+06
5.174461535585578531e+00 1.079550288017449970e+38 1.011375564274510019e+06
5.234072109247790650e+00 1.073995763846829955e+38 1.011354360018820036e+06
5.333538637147285044e+00 1.064482244978669955e+38 1.011319718144970015e+06
5.463684884860413149e+00 1.052386341682859942e+38 1.011275629661369952e+06
5.612297024461440742e+00 1.039054439939109976e+38 1.011227061643730034e+06
5.795279632700840011e+00 1.023041362994910084e+38 1.011169931608729996e+06
6.006502906820969656e+00 1.005515263630149970e+38 1.011107573731180048e+06
6.241123590851202607e+00 9.872285720149829301e+37 1.011042781009700033e+06
6.492594855313654989e+00 9.689701997366460288e+37 1.010978388611749979e+06
6.713967661169590428e+00 9.544101634876719994e+37 1.010925728736110032e+06
6.911590767966117710e+00 9.421501495427770385e+37 1.010881771383170038e+06
7.087144842371344566e+00 9.317986516318569683e+37 1.010844952972849947e+06
7.244131583051057532e+00 9.229189513488409297e+37 1.010813687424859963e+06
7.383692636678460985e+00 9.153232981449989512e+37 1.010787118206060026e+06
7.508270226302556694e+00 9.087611308204939238e+37 1.010764321528709959e+06
7.619054056936874986e+00 9.031000033294450858e+37 1.010744738480270025e+06
7.717358709749532863e+00 8.982105428299230896e+37 1.010727880150930025e+06
7.804363169474527240e+00 8.939866705753349717e+37 1.010713350118890055e+06
7.881296669074799865e+00 8.903302912029900828e+37 1.010700796400069958e+06
7.949503266252577305e+00 8.871469220104869391e+37 1.010689889842289966e+06
8.010706592001952231e+00 8.843304485881910176e+37 1.010680274842579965e+06
8.067917341832071543e+00 8.817158078432609672e+37 1.010671426286109956e+06
8.128468658804195002e+00 8.789221761576690506e+37 1.010662182306249975e+06
8.248965779552236199e+00 8.728694311669329289e+37 1.010644109373610001e+06
8.393073601502692327e+00 8.659540474991720388e+37 1.010622976397610037e+06
8.571581448282813653e+00 8.576273230935239653e+37 1.010597658034870052e+06
8.768307844409719110e+00 8.490653101239439789e+37 1.010570886475070030e+06
8.987344719760585576e+00 8.401145535904669646e+37 1.010542538336699945e+06
9.235188916965853423e+00 8.306420299864230076e+37 1.010512277613779996e+06
9.519849719130434096e+00 8.205578166883470107e+37 1.010479841450239997e+06
9.856301982275908813e+00 8.096053187108769843e+37 1.010444446466109948e+06
1.026722014779807068e+01 7.974776562910109819e+37 1.010405059357219958e+06
1.074824153550434858e+01 7.850856668235450453e+37 1.010363626547900029e+06
1.124447057643556036e+01 7.744054381536379535e+37 1.010325448739890009e+06
1.175770761785679497e+01 7.645320177891460090e+37 1.010289723173800041e+06
1.230214905820321292e+01 7.548112082507049561e+37 1.010254868670210009e+06
1.289386605177423917e+01 7.448926682940459716e+37 1.010219641630470054e+06
1.349276917445240542e+01 7.359274021863330094e+37 1.010186397674189997e+06
1.402715485304361209e+01 7.291005243236759826e+37 1.010158679617419955e+06
1.450211468100314960e+01 7.232198904671800171e+37 1.010135103951769997e+06
1.492343069650814869e+01 7.180230302056549637e+37 1.010114739521589945e+06
1.529768822502228431e+01 7.133799565171490256e+37 1.010096948268590029e+06
1.563041168724885210e+01 7.092228320485269546e+37 1.010081307715300005e+06
1.592682466073893011e+01 7.054858893833980452e+37 1.010067482521099970e+06
1.619162259271251969e+01 7.021130800536339535e+37 1.010055199881969951e+06
1.642887326536583714e+01 6.990589691953500211e+37 1.010044238358019968e+06
1.664178527408512309e+01 6.962919503505319976e+37 1.010034428892210010e+06
1.683357076608808711e+01 6.937724147254479815e+37 1.010025610837680055e+06
1.700592012336710468e+01 6.914952791205100031e+37 1.010017699206789955e+06
1.716110619975370355e+01 6.894291219129659906e+37 1.010010584974240046e+06
1.730057286654482596e+01 6.875631986315250208e+37 1.010004198414950049e+06
1.742577071546111256e+01 6.858807159028479932e+37 1.009998470890059951e+06
1.753818224710994400e+01 6.843622785443009698e+37 1.009993331807420007e+06
1.763974319541011937e+01 6.829768557466000363e+37 1.009988688300749986e+06
1.773412071276106872e+01 6.816544759218510017e+37 1.009984363841369981e+06
1.783066366307321005e+01 6.801937720290439814e+37 1.009979894919489976e+06
1.800837017732555978e+01 6.765379182839779879e+37 1.009971261167790042e+06
1.819368461842532270e+01 6.731791191592539573e+37 1.009962016129479976e+06
1.840296457262593322e+01 6.693644395140960155e+37 1.009951504139360040e+06
1.863999773963587359e+01 6.650922654035350190e+37 1.009939607119360007e+06
1.891233152910717763e+01 6.602505629726989805e+37 1.009926065244300058e+06
1.918924145185155794e+01 6.557642648953300338e+37 1.009912612723099999e+06
1.943819277649163269e+01 6.521794330410349776e+37 1.009900908614609973e+06
1.966113750945078209e+01 6.490591636921380280e+37 1.009890707181480015e+06
1.986342022224562243e+01 6.462071493284710008e+37 1.009881614737630007e+06
2.004575987823773175e+01 6.436355615295490253e+37 1.009873513392569963e+06
2.021021432700217701e+01 6.413069516843170266e+37 1.009866264130859985e+06
2.035843950725393370e+01 6.392008184685860338e+37 1.009859765548489988e+06
2.049199903744738549e+01 6.372963280914659955e+37 1.009853932055720012e+06
2.061264478857629001e+01 6.355659252374160243e+37 1.009848674434070010e+06
2.072389794935588725e+01 6.339389986948339776e+37 1.009843826614849968e+06
2.083267599178361706e+01 6.322683586550689651e+37 1.009839061212370056e+06
2.097270385629963130e+01 6.297116800249159921e+37 1.009832760602890048e+06
2.118509453578735702e+01 6.253236305252639821e+37 1.009822795660199947e+06
2.139450353555730544e+01 6.216534468502400269e+37 1.009812905869339942e+06
2.161807928603957407e+01 6.177402206319089645e+37 1.009802432929910021e+06
2.182014056117623113e+01 6.145756329311729691e+37 1.009793140039799968e+06
2.200292061734944582e+01 6.117867413583429645e+37 1.009784899596209987e+06
2.216804657480679452e+01 6.092876113132020045e+37 1.009777567835320020e+06
2.231721663018106483e+01 6.070340096675149586e+37 1.009771019210299943e+06
2.245193826331524178e+01 6.049986302525600379e+37 1.009765152208880056e+06
2.257553281376021914e+01 6.031098526706299654e+37 1.009759796537820017e+06
2.269336028496036306e+01 6.012547827660229902e+37 1.009754692625610041e+06
2.282433491945266724e+01 5.989698872780490256e+37 1.009748938283169991e+06
2.308497444208478555e+01 5.931879312694760006e+37 1.009736879342059954e+06
2.329453056608326733e+01 5.899303430658840166e+37 1.009727295821579988e+06
2.352535582872224040e+01 5.858962545870880083e+37 1.009716915393510018e+06
2.373319224879378453e+01 5.826389812911859608e+37 1.009707743229959975e+06
2.392156258042086847e+01 5.797444012094790006e+37 1.009699592702850001e+06
2.409211562306154519e+01 5.771442928746060342e+37 1.009692321976460051e+06
2.424663728461018763e+01 5.747951124141370241e+37 1.009685806903589983e+06
2.438714116430492140e+01 5.726570588707459992e+37 1.009679928653159994e+06
2.451769057058845647e+01 5.706418571781319650e+37 1.009674490024580038e+06
2.464680437245988287e+01 5.685587630642539738e+37 1.009669097427570028e+06
2.481999055633787066e+01 5.652582682016840022e+37 1.009661669786459999e+06
2.501564044062979519e+01 5.616481180071529533e+37 1.009653140016900026e+06
2.519177399083855562e+01 5.587903455330719570e+37 1.009645516995970043e+06
2.535129731285269372e+01 5.562731387291250103e+37 1.009638710956229945e+06
2.549724895882536657e+01 5.539785402853160438e+37 1.009632556982149952e+06
2.563316895486786962e+01 5.518225850973250153e+37 1.009626870756390039e+06
2.576841439088457264e+01 5.495854817616470185e+37 1.009621215881059994e+06
2.595554810232715681e+01 5.459341323127640335e+37 1.009613198727410054e+06
2.617447497064131312e+01 5.418267781054090056e+37 1.009603710960909957e+06
2.641318177455104887e+01 5.375981497171889918e+37 1.009593455166470027e+06
2.664193259921739809e+01 5.339274041548009821e+37 1.009583858663700055e+06
2.684938612885889597e+01 5.308050386380340158e+37 1.009575390282080043e+06
2.703779444168321788e+01 5.280206086187320175e+37 1.009567870661669993e+06
2.720920707058394328e+01 5.255074293949069758e+37 1.009561142900940031e+06
2.736585115897469223e+01 5.232170163874799729e+37 1.009555068003930035e+06
2.751233089755987749e+01 5.210501679141460428e+37 1.009549428644419997e+06
2.765836277225753292e+01 5.187970603057909761e+37 1.009543802679680055e+06
2.785869769833516330e+01 5.151496372063590020e+37 1.009535873549900018e+06
2.808642013138160110e+01 5.112302891936790318e+37 1.009526772754810052e+06
2.831069265492260456e+01 5.077260548443750348e+37 1.009517932055599988e+06
2.851494380051735789e+01 5.047633892096090319e+37 1.009510056818229961e+06
2.870099748420761898e+01 5.021138824150690203e+37 1.009503024970290018e+06
2.887075239725527354e+01 4.997102417986169741e+37 1.009496700798060047e+06
2.902856977525516413e+01 4.974544303801909723e+37 1.009490874541740050e+06
2.918169333291007206e+01 4.952019458767260174e+37 1.009485235790729988e+06
2.935806611113366671e+01 4.923156977370250406e+37 1.009478633549439954e+06
2.956450265352032147e+01 4.888342639010089898e+37 1.009470782184590003e+06
2.975204188140924089e+01 4.860608523043150061e+37 1.009463702945780009e+06
2.992388163050054573e+01 4.835718869045270150e+37 1.009457305419969955e+06
3.008499929794925265e+01 4.812218711415199709e+37 1.009451365976109984e+06
3.024485968911903910e+01 4.788073555926670313e+37 1.009445485576029983e+06
3.045219771607662551e+01 4.752108039265649621e+37 1.009437692203240003e+06
3.068955425033345819e+01 4.712576548537830354e+37 1.009428712710830034e+06
3.090408590683364309e+01 4.681639462652490066e+37 1.009420752773290034e+06
3.109994484850903973e+01 4.654050653768539821e+37 1.009413642858730047e+06
3.128049781249137595e+01 4.628725340610410018e+37 1.009407193842069944e+06
3.144951576052699238e+01 4.604916013935619787e+37 1.009401221520910040e+06
3.161658019045717083e+01 4.580645112499789922e+37 1.009395338056580047e+06
3.182529727110522799e+01 4.546288487066420211e+37 1.009387838996489998e+06
3.203436828279518522e+01 4.514695571841029916e+37 1.009380318281700020e+06
3.222577732650097460e+01 4.487708244885080098e+37 1.009373528679620009e+06
3.240349344137939624e+01 4.462834141543350101e+37 1.009367307672839961e+06
3.257459180205478333e+01 4.438483755565730168e+37 1.009361364264499978e+06
3.276084265889949165e+01 4.409974522965670170e+37 1.009354843686809996e+06
3.296995582047384232e+01 4.377001463924760230e+37 1.009347442753740004e+06
3.316147174831712618e+01 4.349834784986640123e+37 1.009340727624670020e+06
3.334076847729738802e+01 4.324618313137189570e+37 1.009334521342450054e+06
3.351688472277601250e+01 4.299336185290530086e+37 1.009328466691949987e+06
3.372548919497057796e+01 4.266359856961270294e+37 1.009321206340039964e+06
3.396082732125069015e+01 4.229796805518920196e+37 1.009312987898049993e+06
3.417616266966797411e+01 4.200310803675350232e+37 1.009305613959230017e+06
3.437392459047259763e+01 4.173948373298210221e+37 1.009298988270489965e+06
3.455971320727257989e+01 4.149201440564369767e+37 1.009292864186860039e+06
3.474229675464448519e+01 4.124451750824489855e+37 1.009286900975410012e+06
3.495529271813575178e+01 4.092842032840869982e+37 1.009279867336870055e+06
3.518757333507528529e+01 4.059244184730980042e+37 1.009272183998569963e+06
3.540031381038716063e+01 4.031712213456629825e+37 1.009265277264829958e+06
3.559745506211766042e+01 4.006672056956250059e+37 1.009259002259999979e+06
3.578580796043388546e+01 3.982613339991150164e+37 1.009253089089990011e+06
3.598034046927932650e+01 3.956744178263699834e+37 1.009246998114589951e+06
3.628977981719071977e+01 3.908330549273009821e+37 1.009237048591700033e+06
3.654959564859746024e+01 3.878543579866469884e+37 1.009228980385100003e+06
3.681113969304715283e+01 3.846370074321339930e+37 1.009221080627970048e+06
3.705007394985295832e+01 3.819060446600339896e+37 1.009214046199909993e+06
3.727025332805351354e+01 3.794289495860040135e+37 1.009207700144189992e+06
3.747545911112683825e+01 3.771329001266300160e+37 1.009201874029660015e+06
3.767329700096161105e+01 3.748894952059119777e+37 1.009196304370049969e+06
3.788280475576175377e+01 3.723688892669680123e+37 1.009190371035429998e+06
3.817430478666210547e+01 3.683978059116219868e+37 1.009181897201130050e+06
3.843610693604568951e+01 3.655639993331920193e+37 1.009174464360420010e+06
3.867738285139785148e+01 3.629871466869450186e+37 1.009167789108230034e+06
3.890049095120048150e+01 3.606240706996670066e+37 1.009161728830970009e+06
3.911024430955876596e+01 3.583977656430649877e+37 1.009156099861060036e+06
3.931617773757898249e+01 3.561624544607020193e+37 1.009150599180049961e+06
3.954809561255387962e+01 3.534157029769219909e+37 1.009144308966779965e+06
3.985652793952613138e+01 3.495032841487730185e+37 1.009135783083120012e+06
4.013392795709660277e+01 3.466880076655799814e+37 1.009128329953119974e+06
4.038894792777136900e+01 3.441341800642619883e+37 1.009121663068330032e+06
4.062444195905118249e+01 3.417940802586209784e+37 1.009115623309070012e+06
4.084486324575846083e+01 3.396010223711509829e+37 1.009110036717650015e+06
4.105890959693351761e+01 3.374287600951009901e+37 1.009104637253019959e+06
4.128709866100689396e+01 3.349633978949380045e+37 1.009098824222140014e+06
4.156960377929499373e+01 3.316329196413900014e+37 1.009091444030569983e+06
4.182793867067084648e+01 3.290586610856670147e+37 1.009084806444099988e+06
4.206700229225680232e+01 3.267092629110119888e+37 1.009078778841409949e+06
4.229174398531904444e+01 3.244964923580600129e+37 1.009073183875589981e+06
4.251163899066159502e+01 3.222860537054540185e+37 1.009067737135099946e+06
4.275149268278619274e+01 3.197011556408959942e+37 1.009061725081920042e+06
4.303025405525113456e+01 3.165614961668389792e+37 1.009054613135499996e+06
4.328560770463082008e+01 3.140573741705939843e+37 1.009048206563530024e+06
4.352239897774416022e+01 3.117650323263609799e+37 1.009042371285430039e+06
4.374885174565133639e+01 3.095534494747839990e+37 1.009036854396100040e+06
4.397716872033197433e+01 3.072689267698119985e+37 1.009031312324450002e+06
4.425367276946781203e+01 3.042121136587949941e+37 1.009024459159160033e+06
4.455791676510125399e+01 3.010035049660310163e+37 1.009016916905269958e+06
4.483796942498884164e+01 2.983960400283540161e+37 1.009010157052699942e+06
4.509615996049251407e+01 2.960454335712650217e+37 1.009004072657029959e+06
4.533682683252845891e+01 2.938666711719589886e+37 1.008998493447110057e+06
4.556911077129188925e+01 2.917371784162829933e+37 1.008993156841440010e+06
4.580857195478165522e+01 2.894620846536369898e+37 1.008987648756399984e+06
4.609413775207940489e+01 2.865000365826110227e+37 1.008980923474460025e+06
4.635584538319380954e+01 2.841068886333710014e+37 1.008974812546549947e+06
4.660022027572267689e+01 2.818810219449079831e+37 1.008969185320160002e+06
4.683647332518012263e+01 2.797107446145080149e+37 1.008963793948899955e+06
4.708093809115234762e+01 2.773993720667339822e+37 1.008958220230589970e+06
4.740051616149139591e+01 2.740469290168750107e+37 1.008950760882109986e+06
4.770137172978138551e+01 2.713565214466529890e+37 1.008943866649250034e+06
4.806165845427312888e+01 2.679186392521219829e+37 1.008935750842630048e+06
4.838631904689827934e+01 2.653538511373090021e+37 1.008928734829719993e+06
4.868223887236672454e+01 2.630584925391839996e+37 1.008922539932889980e+06
4.895480084110749885e+01 2.609558025003350087e+37 1.008916947481460054e+06
4.920979195382096805e+01 2.589885011225339932e+37 1.008911779719040031e+06
4.945697891787858680e+01 2.570480704912579847e+37 1.008906792122090003e+06
4.971411147440085188e+01 2.549409854919699847e+37 1.008901573334880057e+06
5.004842025935067795e+01 2.518538298215199953e+37 1.008894552091749967e+06
5.036227841154322959e+01 2.493532295907069943e+37 1.008888022703920025e+06
5.064985516911838204e+01 2.471338070289090054e+37 1.008882156158469967e+06
5.091680798877496272e+01 2.450844603046840144e+37 1.008876788351319963e+06
5.117254211244289763e+01 2.431025842844090106e+37 1.008871685591320042e+06
5.143015280066174455e+01 2.410573815839100130e+37 1.008866545902390033e+06
5.172651779957232065e+01 2.385129004168539958e+37 1.008860513011330040e+06
5.203406533948145807e+01 2.359333653660899984e+37 1.008854178473780048e+06
5.231685014037066139e+01 2.337376602814350192e+37 1.008848440186209977e+06
5.258281628970871679e+01 2.316807966758690142e+37 1.008843113934169989e+06
5.284197900621802546e+01 2.296599251726460212e+37 1.008837961846019956e+06
5.311628515002666973e+01 2.274399128728359997e+37 1.008832492249220028e+06
5.344589016929967329e+01 2.245794766588500163e+37 1.008825765825439943e+06
5.374609415538725443e+01 2.222696025003610216e+37 1.008819706655579968e+06
5.402490574991679750e+01 2.201426935306929901e+37 1.008814170281579951e+06
5.429174997896188870e+01 2.181106850515670187e+37 1.008808933271490037e+06
5.456088629117584787e+01 2.160342286176610110e+37 1.008803678242519964e+06
5.487071752085466869e+01 2.134933809593509954e+37 1.008797551628730027e+06
5.519591247162315995e+01 2.108706733453380017e+37 1.008791059203890036e+06
5.549413071881281212e+01 2.086594772107409940e+37 1.008785216104269959e+06
5.577386810712050647e+01 2.066139027746859940e+37 1.008779833283900050e+06
5.604620694043114781e+01 2.046224307368779912e+37 1.008774654814559966e+06
5.633097453147638589e+01 2.024901544765540095e+37 1.008769252533750026e+06
5.669018079061061144e+01 1.995746176354470035e+37 1.008762290754299960e+06
5.701646525703836232e+01 1.972384359959140041e+37 1.008756039496900048e+06
5.731723115241038613e+01 1.951206188515250050e+37 1.008750390961479978e+06
5.760190169143606909e+01 1.931402135302119933e+37 1.008745130844110041e+06
5.788251410314114764e+01 1.911853348834799982e+37 1.008739996410669992e+06
5.818544328867574222e+01 1.890051472196609927e+37 1.008734445258329972e+06
5.855715511133894324e+01 1.861659454996030006e+37 1.008727493228030042e+06
5.889417245847289450e+01 1.838872230454889930e+37 1.008721289463059977e+06
5.920482550616725348e+01 1.818294200896749968e+37 1.008715692987569957e+06
5.949894410991691984e+01 1.799047306285159956e+37 1.008710481298379949e+06
5.978906475793337449e+01 1.780073290309150110e+37 1.008705395371119957e+06
6.010226497385883704e+01 1.758916865120429896e+37 1.008699895808049943e+06
6.050160937471082434e+01 1.730052788313919965e+37 1.008692726964490023e+06
6.086282612584182061e+01 1.707146916673660110e+37 1.008686355269719963e+06
6.119372334398212843e+01 1.686692407905350049e+37 1.008680655367280007e+06
6.150440270657418296e+01 1.667796612819599986e+37 1.008675402861380018e+06
6.180606705599348061e+01 1.649575420989529952e+37 1.008670369752879953e+06
6.211875247492571361e+01 1.630329821675910056e+37 1.008665168405479984e+06
6.251215833355672657e+01 1.604123405548419918e+37 1.008658481381659978e+06
6.291074188589118421e+01 1.579194358398640117e+37 1.008651712317049969e+06
6.327384256944060326e+01 1.558223402644580082e+37 1.008645704236160032e+06
6.360950339012197219e+01 1.539329189081420071e+37 1.008640277055440005e+06
6.392921685372130014e+01 1.521494414201610099e+37 1.008635190255110036e+06
6.424757097609108314e+01 1.503676176629740045e+37 1.008630169861510047e+06
6.459739629365503788e+01 1.483317982464419928e+37 1.008624619510110002e+06
6.505332715102122165e+01 1.455071563555769936e+37 1.008617210814650054e+06
6.546497437477228232e+01 1.432616334521120086e+37 1.008610645098419976e+06
6.584138398731010966e+01 1.412713073737790021e+37 1.008604790795390029e+06
6.619255323067773134e+01 1.394559459394820042e+37 1.008599439569480019e+06
6.652987731146276928e+01 1.377296382362700070e+37 1.008594371905439999e+06
6.687002630834467709e+01 1.359727156587960117e+37 1.008589288758910028e+06
6.725871425002696924e+01 1.338555319136270066e+37 1.008583401593080023e+06
6.774880496473633684e+01 1.310473597846010020e+37 1.008575787125200033e+06
6.819200735221966170e+01 1.288544804213089977e+37 1.008569096490010037e+06
6.859787642984883860e+01 1.269018683127750069e+37 1.008563128630400053e+06
6.897609340373310260e+01 1.251137791384830082e+37 1.008557673466759967e+06
6.933891299800598063e+01 1.234067481176249949e+37 1.008552500158659997e+06
6.970518361474387348e+01 1.216693108615300096e+37 1.008547300310719991e+06
7.011484906479017809e+01 1.196400867074610091e+37 1.008541410574009991e+06
7.066499689061311074e+01 1.167174279757069928e+37 1.008533247882060008e+06
7.116398076020414010e+01 1.144344019941690093e+37 1.008526050171629991e+06
7.161996539533720352e+01 1.124052520933720023e+37 1.008519635791279958e+06
7.204376170673640445e+01 1.105544486121179962e+37 1.008513784213320003e+06
7.244824915396748111e+01 1.088019779122200073e+37 1.008508263454110012e+06
7.284751238301396370e+01 1.070697236004770107e+37 1.008502840929539991e+06
7.327288833470083773e+01 1.051796852344670016e+37 1.008497030893589952e+06
7.385266771426540799e+01 1.024154125352960041e+37 1.008488873480380047e+06
7.444741981715196744e+01 9.975094738165379801e+36 1.008480531353170052e+06
7.499359914811793715e+01 9.748014904302759671e+36 1.008473068610189948e+06
7.550058378634275869e+01 9.542826228988359592e+36 1.008466283804240054e+06
7.597774200991261750e+01 9.352413718822270346e+36 1.008459981507300050e+06
7.643905311974231154e+01 9.169232917894789941e+36 1.008453930527120014e+06
7.690387427754467353e+01 8.984313588164500298e+36 1.008447843321850058e+06
7.742068843718152493e+01 8.772626473973210293e+36 1.008440995034020045e+06
7.818483413566718809e+01 8.447409337525339426e+36 1.008430643312060041e+06
7.889230696859885938e+01 8.176562944004579873e+36 1.008421273639710038e+06
7.955348136348766275e+01 7.931231620446870421e+36 1.008412688353809994e+06
8.017718560391222127e+01 7.704771581347430131e+36 1.008404698814040050e+06
8.077335803760797717e+01 7.492686351725539574e+36 1.008397146315610036e+06
8.135396426482475363e+01 7.288164056429000287e+36 1.008389825136109954e+06
8.194426745959208347e+01 7.080940040190200000e+36 1.008382385680989944e+06
8.259566989587619901e+01 6.850532968916320256e+36 1.008374119763260009e+06
8.363200050676823594e+01 6.484525208795829805e+36 1.008360911192429950e+06
8.449718567982199602e+01 6.201840250382280492e+36 1.008350023566790042e+06
8.546947885685949586e+01 5.894879635579500203e+36 1.008338078225429985e+06
8.641653284503263421e+01 5.613686491632290216e+36 1.008326699971750029e+06
8.735044396857847460e+01 5.347673481477390301e+36 1.008315699787029997e+06
8.828899925909354351e+01 5.090820416390689868e+36 1.008304832255300018e+06
8.924768015867448412e+01 4.841121820957999972e+36 1.008293959095639992e+06
9.026193290320225060e+01 4.587056263517900133e+36 1.008282638453920023e+06
9.143988844694104046e+01 4.307846826878119761e+36 1.008269784852009965e+06
9.354418528618407436e+01 3.857618100142139936e+36 1.008248067841170006e+06
9.515249758030404337e+01 3.563594493228630234e+36 1.008232433984489995e+06
