# time luminosity radius
-2.046346201800042763e+01 4.603041982992179716e+35 1.008164198540759971e+06
-1.872496834010235034e+01 4.717670464304320238e+35 1.008165929243240040e+06
-1.526536592110642232e+01 5.045958691778110071e+35 1.008171892621490057e+06
-1.205962564144283533e+01 5.660541505128830161e+35 1.008185664283919963e+06
-1.194856717885704711e+01 5.684925653045819750e+35 1.008186194246569998e+06
-1.172756083830608986e+01 5.731491847169179896e+35 1.008187332521470031e+06
-1.128775822059833445e+01 5.833477196667359707e+35 1.008189918015599949e+06
-1.052034200233174488e+01 6.058731178479829819e+35 1.008196025102030020e+06
-1.001940724393352866e+01 6.236383430113499710e+35 1.008201198252719943e+06
-9.640787033597007394e+00 6.396005214394169936e+35 1.008206113545599976e+06
-9.331389466504333541e+00 6.543759190487720124e+35 1.008210920453110011e+06
-9.045914852526038885e+00 6.706319059313900324e+35 1.008216444549839944e+06
-8.807965083717135713e+00 6.865722804401560206e+35 1.008222074316569953e+06
-8.646575227321591228e+00 6.987771926868379808e+35 1.008226405420219991e+06
-8.539099881541915238e+00 7.076139356514589759e+35 1.008229663294379949e+06
-8.454388480226043612e+00 7.151538128368969665e+35 1.008232482946719974e+06
-8.368182530219200999e+00 7.237237583227849375e+35 1.008235676735450048e+06
-8.295976977999089286e+00 7.308508795614090481e+35 1.008238618174709962e+06
-8.233625121210934594e+00 7.376783768332669575e+35 1.008241377531799953e+06
-8.175491846457589418e+00 7.445487837182199854e+35 1.008244192359089968e+06
-8.123979824769776314e+00 7.508264971375240581e+35 1.008246900064300047e+06
-8.075414106395328417e+00 7.571126723219849448e+35 1.008249706242260057e+06
-8.035217718046624213e+00 7.625995798004409482e+35 1.008252230792129994e+06
-8.004239899833919480e+00 7.668864450092999358e+35 1.008254324998009950e+06
-7.979750959289958701e+00 7.704768780048889806e+35 1.008256085413950030e+06
-7.958984711265657097e+00 7.733963387688940438e+35 1.008257667726940010e+06
-7.940827193611767143e+00 7.762284278299640009e+35 1.008259127570269979e+06
-7.923014780302764848e+00 7.792831968884629688e+35 1.008260643799429992e+06
-7.903246397792827338e+00 7.848123047916899268e+35 1.008262446539849974e+06
-7.875640509184449911e+00 7.863941358047409632e+35 1.008265252680490026e+06
-7.851989556569606066e+00 7.904256918470220717e+35 1.008267965185369947e+06
-7.830866763164522126e+00 7.944654487709390624e+35 1.008270856582070002e+06
-7.811330224998528138e+00 7.984224365863589940e+35 1.008273854981399956e+06
-7.802277802082244307e+00 8.000359241049599848e+35 1.008275246552919969e+06
-7.784263480483787134e+00 8.022188595577759704e+35 1.008278084708350012e+06
-7.759243790700566024e+00 8.059855532236099968e+35 1.008282169767910033e+06
-7.736958726804004982e+00 8.115338570987030213e+35 1.008286059806799982e+06
-7.713362914713798091e+00 8.171287131574459773e+35 1.008290306163580040e+06
-7.689364435733295977e+00 8.245795146971939745e+35 1.008294749037669972e+06
-7.663455445319414139e+00 8.388472184229790272e+35 1.008299722177449963e+06
-7.636141112248878926e+00 8.661632277972310060e+35 1.008305145778230042e+06
-7.606027731962967664e+00 9.181545336327839627e+35 1.008311368867020006e+06
-7.576078609825344756e+00 1.039618666292179949e+36 1.008317966325670015e+06
-7.547980862931581214e+00 1.262673737915559960e+36 1.008324417360350024e+06
-7.520158997911494225e+00 1.495386762124409890e+36 1.008331071796020027e+06
-7.493642026762245223e+00 1.934598709955549866e+36 1.008337716054670047e+06
-7.467617978370981291e+00 2.159080130193979858e+36 1.008344519015870057e+06
-7.443086762883467600e+00 2.754567974113379949e+36 1.008351265203990042e+06
-7.419466040882980451e+00 3.865197448498529867e+36 1.008358319297799957e+06
-7.396403234219178557e+00 4.075899337613749771e+36 1.008365493290749961e+06
-7.373615716642234474e+00 4.258043759986610094e+36 1.008372859549390036e+06
-7.351465112529695034e+00 4.483402959892979945e+36 1.008380312272679992e+06
-7.329917221213690937e+00 4.875967223043770081e+36 1.008387903521070024e+06
-7.308501090825302526e+00 5.141521683774789805e+36 1.008395752503760043e+06
-7.287527388252783567e+00 5.414009495204380225e+36 1.008403747770910035e+06
-7.266872458625584841e+00 5.863873966401670397e+36 1.008412026369470055e+06
-7.246440802904544398e+00 6.183371779749009527e+36 1.008420552350890008e+06
-7.226465442916378379e+00 6.523238178380980167e+36 1.008429226599319954e+06
-7.206802933709695935e+00 6.829553305330390270e+36 1.008438107165729976e+06
-7.187349627172807232e+00 7.167845418553309804e+36 1.008447246735719964e+06
-7.168107220233650878e+00 7.599260403748570482e+36 1.008456714120020042e+06
-7.148923813278088346e+00 8.109021956347409904e+36 1.008466631195580005e+06
-7.130045328143751249e+00 8.499276520986649530e+36 1.008476788389989990e+06
-7.111303734069224447e+00 8.898295572715570435e+36 1.008487284608060028e+06
-7.092838804004713893e+00 9.305488727104380346e+36 1.008498043106780038e+06
-7.074742781318491325e+00 9.719329089724230428e+36 1.008509010294390027e+06
-7.058034244633745402e+00 1.011728439740420056e+37 1.008519515887520043e+06
-7.042558354936772957e+00 1.049973653558760028e+37 1.008529618241610005e+06
-7.028312324691796675e+00 1.143464947304450102e+37 1.008539625944509986e+06
-7.014901121030561626e+00 1.179710514624830073e+37 1.008549332909930032e+06
-7.002376447373535484e+00 1.211693738748900013e+37 1.008558644929119968e+06
-6.990313879679888487e+00 1.243616797883220033e+37 1.008567842627670034e+06
-6.978723666601581499e+00 1.275202441943830063e+37 1.008576878373670042e+06
-6.967204323242185637e+00 1.307553681623970001e+37 1.008586099687559996e+06
-6.955782465956872329e+00 1.340536931593399995e+37 1.008595498108659987e+06
-6.944004408986074850e+00 1.375065899605339998e+37 1.008605472617189982e+06
-6.930983243248192593e+00 1.414562292828160000e+37 1.008616848521790002e+06
-6.916786035464610904e+00 1.458576510281090045e+37 1.008629654067110037e+06
-6.903719841560814530e+00 1.501718568819300082e+37 1.008641779689379968e+06
-6.891715332370949909e+00 1.542843887851080102e+37 1.008653224657839979e+06
-6.880522532796021551e+00 1.582534875948130084e+37 1.008664140955299954e+06
-6.869839655264513567e+00 1.621313306612589978e+37 1.008674770691210055e+06
-6.860195177083369344e+00 1.657414513823919918e+37 1.008684541609550011e+06
-6.850774908874882385e+00 1.693442235685270062e+37 1.008694252228450030e+06
-6.841902308486169204e+00 1.728141185686139916e+37 1.008703542002629954e+06
-6.832850079779746011e+00 1.764346304013310047e+37 1.008713170348649961e+06
-6.824330362665932626e+00 1.799103538565540072e+37 1.008722361563810031e+06
-6.815677167905960232e+00 1.834954747661620045e+37 1.008731831150130020e+06
-6.807393248338485137e+00 1.869691569845100016e+37 1.008741018989079981e+06
-6.798963272711262107e+00 1.905388743392480100e+37 1.008750495187739958e+06
-6.790678240155102685e+00 1.940679497136310031e+37 1.008759929759229999e+06
-6.782212041114689782e+00 1.977215069423200061e+37 1.008769702893579961e+06
-6.773684991960180923e+00 2.013817325087460112e+37 1.008779657491020043e+06
-6.764984937792178243e+00 2.051502617611240084e+37 1.008789942054520012e+06
-6.756210746738361195e+00 2.088447746139089947e+37 1.008800436571639962e+06
-6.747476101940264925e+00 2.126680182697900072e+37 1.008811008545259945e+06
-6.738635691086528823e+00 2.165361706183500066e+37 1.008821828912390047e+06
-6.729808691248763353e+00 2.200663328844509952e+37 1.008832757332999958e+06
-6.720820259564789012e+00 2.236858828133790221e+37 1.008844000651629991e+06
-6.711741563573013991e+00 2.273996723141979815e+37 1.008855468837660039e+06
-6.702493717020843178e+00 2.311852790109389985e+37 1.008867252439670032e+06
-6.692904827184975147e+00 2.351216564581729818e+37 1.008879570020350046e+06
-6.682991229608887807e+00 2.391386824869560026e+37 1.008892393061419949e+06
-6.672646814025938511e+00 2.433005164644929876e+37 1.008905855809240020e+06
-6.661786644399398938e+00 2.475764315469229906e+37 1.008920060437939945e+06
-6.650439850345719606e+00 2.520567138230630033e+37 1.008934983037209953e+06
-6.638326116604730487e+00 2.562370707705740117e+37 1.008950979059519945e+06
-6.625244374736212194e+00 2.610036128670769789e+37 1.008968312373660039e+06
-6.611413124221144244e+00 2.660967442950080048e+37 1.008986678543030052e+06
-6.597702637140173465e+00 2.709917575934049991e+37 1.009004894489650032e+06
-6.583807309769326821e+00 2.761314079434729820e+37 1.009023375284650014e+06
-6.569664736889535561e+00 2.804093881844139854e+37 1.009042164981159964e+06
-6.555197512352606282e+00 2.852775412831660071e+37 1.009061342285469989e+06
-6.540150874527171254e+00 2.909371426833449797e+37 1.009081229440700030e+06
-6.524508283328032121e+00 2.956164610337939945e+37 1.009101816292689997e+06
-6.508311147423228249e+00 3.021348243441089804e+37 1.009123025745569961e+06
-6.492457861546427011e+00 3.090317756025710233e+37 1.009143679365569958e+06
-6.476747698470717296e+00 3.155066902907399913e+37 1.009164031711980002e+06
-6.461141958396183327e+00 3.313586633887139924e+37 1.009184106673390022e+06
-6.445509593817405403e+00 3.446845618249879943e+37 1.009204083205269999e+06
-6.429770914488472044e+00 3.511054254046089795e+37 1.009224023253120016e+06
-6.413881456799572334e+00 3.656151225711679789e+37 1.009244000992269954e+06
-6.397706321993609890e+00 3.703314342947839911e+37 1.009264160854930058e+06
-6.382539146055933088e+00 3.830453726572690116e+37 1.009282905311870039e+06
-6.365435301180696115e+00 3.937508630935060216e+37 1.009303875229410012e+06
-6.347502727090613917e+00 4.037782537235579966e+37 1.009325587660550023e+06
-6.329695585503941402e+00 4.138698736365459829e+37 1.009346888682330027e+06
-6.312035222537815571e+00 4.241558422327879833e+37 1.009367759622660000e+06
-6.294455077062593773e+00 4.346593299459880219e+37 1.009388281888740021e+06
-6.276951511914376169e+00 4.453264928062849979e+37 1.009408465995289967e+06
-6.259470908320508897e+00 4.560466337897509746e+37 1.009428371516479994e+06
-6.242022000544238836e+00 4.668328866144379608e+37 1.009447991232199944e+06
-6.224553142266813666e+00 4.777197037652420353e+37 1.009467385792830028e+06
-6.207080143940402195e+00 4.886778668374139793e+37 1.009486541498439969e+06
-6.189552815456409007e+00 4.997514588770549849e+37 1.009505514427519985e+06
-6.171991720126243308e+00 5.108923516406340470e+37 1.009524283572289976e+06
-6.154347028408665210e+00 5.221226751232120215e+37 1.009542902595589985e+06
-6.136642388853942975e+00 5.334087421100039642e+37 1.009561345685829991e+06
-6.118877444037934765e+00 5.447239708855099700e+37 1.009579613787560025e+06
-6.101038517605047673e+00 5.560533644814930214e+37 1.009597718287799973e+06
-6.083137430920032784e+00 5.673652376536880421e+37 1.009615647237200057e+06
-6.065136252553202212e+00 5.786664043859059678e+37 1.009633435073249973e+06
-6.047050066263182089e+00 5.899251656227000464e+37 1.009651063206949970e+06
-6.028840025479439646e+00 6.011580544097750461e+37 1.009668565073590027e+06
-6.010523098811972886e+00 6.123250987823919909e+37 1.009685919225060032e+06
-5.992059190873987973e+00 6.234432292637410424e+37 1.009703158473760006e+06
-5.973466577968792990e+00 6.344845488838039780e+37 1.009720270318030030e+06
-5.954703548952238634e+00 6.454711293425260269e+37 1.009737276471539983e+06
-5.935789202805608511e+00 6.563689251790140340e+37 1.009754154268310056e+06
-5.916679812100483105e+00 6.671906633810660355e+37 1.009770930657800054e+06
-5.897394839528715238e+00 6.779157060858910440e+37 1.009787579116969951e+06
-5.877888065209845081e+00 6.885548106622440015e+37 1.009804130862329970e+06
-5.858178824360948056e+00 6.990948724971280449e+37 1.009820560935560032e+06
-5.838217812532093376e+00 7.095407004861750192e+37 1.009836896332819946e+06
-5.818023636733414605e+00 7.198700766908760108e+37 1.009853112442680052e+06
-5.797543152380967513e+00 7.301033264222649849e+37 1.009869241432470037e+06
-5.776808783964952454e+00 7.402054117511249923e+37 1.009885243802780053e+06
-5.755852778820553795e+00 7.501631905852579856e+37 1.009901085990309948e+06
-5.734632492996752262e+00 7.599764641671560002e+37 1.009916789680059999e+06
-5.713156991783762351e+00 7.696353262550129772e+37 1.009932337733860011e+06
-5.691378938936395571e+00 7.791442286173350450e+37 1.009947751754830009e+06
-5.669306783471256495e+00 7.884917868904379598e+37 1.009963015264300047e+06
-5.646885808760998771e+00 7.976978486961909955e+37 1.009978152712009964e+06
-5.624119906773557886e+00 8.067473501876469928e+37 1.009993149113539956e+06
-5.600944911566330120e+00 8.156575028848529790e+37 1.010008030023430008e+06
-5.577399100642651320e+00 8.244003973650689876e+37 1.010022758002400049e+06
-5.553528553515207022e+00 8.329480568766050451e+37 1.010037292250529979e+06
-5.529273606865899637e+00 8.413177070913319997e+37 1.010051657444810029e+06
-5.504626379319233820e+00 8.495078546402430135e+37 1.010065846636170056e+06
-5.479517149971798062e+00 8.575226729047240396e+37 1.010079884390390012e+06
-5.453932706994237378e+00 8.653651660574349593e+37 1.010093763343850034e+06
-5.427913774823537096e+00 8.730156927155850684e+37 1.010107449078649981e+06
-5.401453569269506261e+00 8.804705029725620491e+37 1.010120932848150027e+06
-5.374524278216995299e+00 8.877398156187510188e+37 1.010134218657450052e+06
-5.347037951374659315e+00 8.948289036484930809e+37 1.010147335204179981e+06
-5.319002215459477156e+00 9.017383009724880091e+37 1.010160264924039948e+06
-5.290502055344404653e+00 9.084416562986370101e+37 1.010172958727929974e+06
-5.261435159249231219e+00 9.149575459334229485e+37 1.010185452643229975e+06
-5.231751065235584974e+00 9.213011329139439596e+37 1.010197755975779961e+06
-5.201504304510308430e+00 9.274593732736789599e+37 1.010209836665740004e+06
-5.170663997472729534e+00 9.334388068734339267e+37 1.010221699361279956e+06
-5.139157825673464686e+00 9.392517397900599539e+37 1.010233362983349944e+06
-5.107016245747217909e+00 9.448978802182459954e+37 1.010244808890650049e+06
-5.074220746610080823e+00 9.503835949687929312e+37 1.010256039305509999e+06
-5.040675082796951756e+00 9.557276348813980885e+37 1.010267081167350058e+06
-5.006479374307673424e+00 9.609236930444589885e+37 1.010277898751480039e+06
-4.971520054532447830e+00 9.659924850936369816e+37 1.010288526989319944e+06
-4.935787557507865131e+00 9.709458689205829632e+37 1.010298967596399947e+06
-4.899320089229149744e+00 9.757908505186100817e+37 1.010309126657580025e+06
-4.861983974347822368e+00 9.805824004197809357e+37 1.010317986030129949e+06
-4.823875742004020140e+00 9.852846700883969444e+37 1.010327554262200021e+06
-4.784846480295527726e+00 9.899469030430719325e+37 1.010336077302020043e+06
-4.745026944554410875e+00 9.945677032812000592e+37 1.010344587558159954e+06
-4.704255013639340177e+00 9.991600128079770549e+37 1.010353268581659999e+06
-4.662596364127239212e+00 1.003746245887800005e+38 1.010362088691469980e+06
-4.619978046481264755e+00 1.008462150211660059e+38 1.010370679655179963e+06
-4.576386594271752983e+00 1.013269265225920052e+38 1.010379327021099976e+06
-4.531838405731832609e+00 1.018136581417509940e+38 1.010388039904549951e+06
-4.486213130381656811e+00 1.023078967408489946e+38 1.010396845189539948e+06
-4.439571186347166076e+00 1.028117690383189927e+38 1.010405739464499988e+06
-4.391881145100342110e+00 1.033280570271329954e+38 1.010414746811880032e+06
-4.343053246644558385e+00 1.038606693107110090e+38 1.010423908311740030e+06
-4.293118095432873815e+00 1.044125591239889973e+38 1.010433247253410053e+06
-4.242062438133871183e+00 1.049871147834980038e+38 1.010442798768230015e+06
-4.189826183370314538e+00 1.055876378891739944e+38 1.010452611656849971e+06
-4.136451335420133546e+00 1.062172100734339906e+38 1.010462715376780019e+06
-4.081803613429656252e+00 1.068799504428870066e+38 1.010473176813610015e+06
-4.025833433028310537e+00 1.075795981237170078e+38 1.010484047592510004e+06
-3.968628523201914504e+00 1.083181763410340012e+38 1.010495353604270029e+06
-3.910194508323911577e+00 1.090980573218250022e+38 1.010507136939510005e+06
-3.850457148218993098e+00 1.099225600231660029e+38 1.010519455814020010e+06
-3.789241133199539036e+00 1.107963556292019999e+38 1.010532390054170042e+06
-3.726822734577581286e+00 1.117186371247830017e+38 1.010545919911919977e+06
-3.663087067689048126e+00 1.126918979066159939e+38 1.010560108926409972e+06
-3.597821330709848553e+00 1.137208110141640089e+38 1.010575041585720028e+06
-3.531323166680522263e+00 1.148030523783929940e+38 1.010590678393959999e+06
-3.463436401099897921e+00 1.159406996099420071e+38 1.010607084339709952e+06
-3.394113338232273236e+00 1.171351722531109973e+38 1.010624292211389984e+06
-3.323456693149637431e+00 1.183848608286520049e+38 1.010642291391310049e+06
-3.251260978751815856e+00 1.196919451646189930e+38 1.010661144382440019e+06
-3.177829861640930176e+00 1.210509574922680079e+38 1.010680771027249983e+06
-3.102865168853895739e+00 1.224639451056129948e+38 1.010701248097670032e+06
-3.026616401999490336e+00 1.239252640525000066e+38 1.010722490781869972e+06
-2.948893547087209299e+00 1.254342837590179962e+38 1.010744531328800018e+06
-2.869895589334191754e+00 1.269846198529620030e+38 1.010767280046000029e+06
-2.789400045701768249e+00 1.285752256700019917e+38 1.010790762787500047e+06
-2.707667808339465410e+00 1.301976496413570056e+38 1.010814852316800039e+06
-2.624545845552347600e+00 1.318484690020339925e+38 1.010839537608340033e+06
-2.540127019281499088e+00 1.335209178974120086e+38 1.010864724084060057e+06
-2.454421550122788176e+00 1.352084874998000046e+38 1.010890334561369964e+06
-2.367310738132800907e+00 1.369066512345460019e+38 1.010916323449780000e+06
-2.278995045373449102e+00 1.386058688476440015e+38 1.010942540244600037e+06
-2.189430740399984643e+00 1.402993573308280036e+38 1.010968904822509969e+06
-2.098521513951709494e+00 1.419816625124739936e+38 1.010995343502889969e+06
-2.006442624580813572e+00 1.436433701554149939e+38 1.011021699147489970e+06
-1.913201012474019080e+00 1.452768098597560054e+38 1.011047866699410020e+06
-1.818724228593055159e+00 1.468759503168609993e+38 1.011073745411320007e+06
-1.722981286293361336e+00 1.484343944279170090e+38 1.011099226420419989e+06
-1.626074774598237127e+00 1.499440978030400004e+38 1.011124165468240040e+06
-1.528033364360453561e+00 1.513977941353140040e+38 1.011148433859969955e+06
-1.435663093696348369e+00 1.527238163572539968e+38 1.011170362304389942e+06
-1.352799605461768806e+00 1.538856744187789956e+38 1.011185729625539971e+06
-1.278412210551323369e+00 1.548696931324669907e+38 1.011201085405739956e+06
-1.211778403900098056e+00 1.557179036945859962e+38 1.011213389209939982e+06
-1.152147104818141088e+00 1.564464064136679984e+38 1.011224331687879981e+06
-1.099023460177704692e+00 1.571226715461030058e+38 1.011231413242929964e+06
-1.051843062450643629e+00 1.576877232988870060e+38 1.011237738690069993e+06
-1.010070872842334211e+00 1.581557150954440076e+38 1.011243594815930002e+06
-9.731542937515769154e-01 1.585505925082749946e+38 1.011248928110950044e+06
-9.405173314444255084e-01 1.588888820732419980e+38 1.011253711723809945e+06
-9.115343186422251165e-01 1.591817974590940002e+38 1.011257976867769961e+06
-8.854443628224544227e-01 1.594387406837479938e+38 1.011261806673099985e+06
-8.614329233241733164e-01 1.596685536882660040e+38 1.011265307538290042e+06
-8.382971491955686361e-01 1.598814441426249911e+38 1.011268645378759946e+06
-8.126743452739901841e-01 1.600987174307429931e+38 1.011272281113800011e+06
-7.616849654878024012e-01 1.604303392766569945e+38 1.011279246112860041e+06
-6.982672375161200762e-01 1.608698957260770011e+38 1.011287158805210027e+06
-6.278842550527770072e-01 1.613259568545020038e+38 1.011295132816590020e+06
-5.447464774770196527e-01 1.617697936809999985e+38 1.011303461356560001e+06
-4.450456930208019912e-01 1.621882185833829968e+38 1.011311786970600020e+06
-3.362649602349847555e-01 1.625536113192600069e+38 1.011318853260800010e+06
-2.259015281451866031e-01 1.628316615695089996e+38 1.011324003847799962e+06
-1.138102218974381685e-01 1.629960257982339940e+38 1.011327215160190011e+06
0.000000000000000000e+00 1.630474369669830063e+38 1.011328412157190032e+06
1.155421619187109172e-01 1.629855232211379921e+38 1.011327533738589962e+06
2.328603846835903823e-01 1.628098644480869907e+38 1.011324529493449954e+06
3.520021092845126987e-01 1.625203181662030013e+38 1.011319358835250023e+06
4.730005805322434753e-01 1.621171533624499933e+38 1.011311991948710056e+06
5.958589709480293095e-01 1.616012234138939983e+38 1.011302413372460054e+06
7.206650942098349333e-01 1.609729878963259957e+38 1.011290612288380042e+06
8.475444881769362837e-01 1.602330548190459938e+38 1.011276582033780054e+06
9.766183453612029552e-01 1.593823608881579946e+38 1.011260323920710012e+06
1.107901153794955462e+00 1.584232369030689961e+38 1.011241865898860036e+06
1.241491533524822444e+00 1.573572330292560040e+38 1.011221237643679953e+06
1.377581736189313233e+00 1.561853909569399951e+38 1.011198463663190021e+06
1.516177918121684343e+00 1.549116233575379939e+38 1.011173611971330014e+06
1.657435833476483822e+00 1.535379172689539969e+38 1.011146740207609953e+06
1.801560393476393074e+00 1.520664452441700021e+38 1.011117906181590050e+06
1.948535337171051651e+00 1.505029366547829977e+38 1.011087226882379968e+06
2.098686174285830930e+00 1.488483788718450013e+38 1.011054762481219950e+06
2.252097332820994779e+00 1.471085238722840051e+38 1.011020637247800012e+06
2.408887597615830600e+00 1.452885577922869988e+38 1.010984982412640005e+06
2.569260142801795155e+00 1.433931724688250026e+38 1.010947922770319972e+06
2.733432709879707545e+00 1.414276401004249946e+38 1.010909590324799996e+06
2.901472527039004490e+00 1.394000082726590075e+38 1.010870165365629946e+06
3.073682637186720967e+00 1.373152012596710028e+38 1.010829782362850034e+06
3.250184389151399955e+00 1.351818755618389933e+38 1.010788624450540054e+06
3.431197840167442337e+00 1.330076340455969932e+38 1.010746858319630031e+06
3.617062907258514315e+00 1.308034180123759914e+38 1.010704620413979981e+06
3.807975694129709154e+00 1.285793902655919917e+38 1.010662018296109978e+06
4.004354259202955291e+00 1.263374956021619924e+38 1.010619200267630047e+06
4.206347791885491461e+00 1.240863449298539935e+38 1.010576377968549961e+06
4.414310023392317817e+00 1.218328963419580008e+38 1.685670072153880028e+05
4.628596053749788553e+00 1.195855259970839932e+38 1.685672215014190006e+05
4.849595492734806612e+00 1.173526131604589953e+38 1.685674425008579856e+05
5.077637601585593075e+00 1.151434559553329914e+38 1.685676705429670110e+05
5.313210876571247354e+00 1.129656564954620062e+38 1.685679061162419966e+05
5.556748356932075694e+00 1.108275075074550073e+38 1.685681496537220082e+05
5.808724947157315910e+00 1.087367527827429916e+38 1.685684016303120006e+05
6.069685590540757403e+00 1.067002670782659956e+38 1.685686625909559953e+05
6.340078883600654081e+00 1.047254369885960031e+38 1.685689329842489969e+05
6.620573172433068976e+00 1.028170454001509985e+38 1.685692134785380040e+05
6.911821521702222526e+00 1.009796877867330079e+38 1.685695047268870112e+05
7.214469679485773668e+00 9.921723023273239537e+37 1.685698073750449985e+05
7.529159178608097136e+00 9.753250896691500939e+37 1.685701220645440044e+05
7.856531604309566319e+00 9.592700226365890676e+37 1.685704494369690074e+05
8.197239554632687941e+00 9.440100721914089117e+37 1.685707901449199999e+05
8.551974071568110958e+00 9.295342481933369299e+37 1.685711448794369935e+05
8.871490628371248022e+00 9.181561323623869193e+37 1.685714643959930108e+05
9.155254701239755377e+00 9.089328898235829992e+37 1.685717481600659958e+05
9.407183656236156821e+00 9.012640006884799713e+37 1.685720000890209922e+05
9.631244277436053380e+00 8.947754859573159561e+37 1.685722241496430070e+05
9.830839805043069646e+00 8.892229841830179170e+37 1.685724237451700028e+05
1.000930626451736316e+01 8.844137293933760628e+37 1.685726022116300010e+05
1.016847570904064924e+01 8.802443455653329675e+37 1.685727613810740004e+05
1.031096641646581702e+01 8.765925897521100879e+37 1.685729038717820076e+05
1.043816176967811771e+01 8.733972403235979269e+37 1.685730310671349871e+05
1.055150003870949149e+01 8.705974361912280807e+37 1.685731444054039894e+05
1.065224622649839148e+01 8.681444425216190013e+37 1.685732451515920111e+05
1.074165584275033325e+01 8.659936114846459815e+37 1.685733345612080011e+05
1.082111369795165956e+01 8.640995684355190811e+37 1.685734140190629987e+05
1.089242907022708096e+01 8.624068066741550924e+37 1.685734853344350122e+05
1.095894557144492865e+01 8.608157833158310127e+37 1.685735518509369867e+05
1.102919096883852035e+01 8.590666722895260578e+37 1.685736220963340020e+05
1.115317799267359078e+01 8.554177572949029742e+37 1.685737460833580117e+05
1.126238460838794708e+01 8.524957669938969651e+37 1.685738552899729984e+05
1.135938593256287277e+01 8.499913188636390072e+37 1.685739522912979883e+05
1.144554100008099340e+01 8.478232424973700367e+37 1.685740384463650116e+05
1.152236736181657761e+01 8.459198747242829611e+37 1.685741152727270091e+05
1.159256681631086394e+01 8.441857040888319651e+37 1.685741854721810087e+05
1.166157372744055465e+01 8.424486253112920163e+37 1.685742544790930115e+05
1.175534709804924205e+01 8.398342190424729646e+37 1.685743482524630090e+05
1.189111152398982085e+01 8.357151926145110187e+37 1.685744840168890078e+05
1.206962619326077402e+01 8.301998911388899801e+37 1.685746625315579877e+05
1.226596769646857865e+01 8.244880549780349548e+37 1.685748588730620104e+05
1.248645264483639039e+01 8.183176272250870425e+37 1.685750793580099999e+05
1.273626303471974097e+01 8.115903559355620405e+37 1.685753291683999996e+05
1.302397071034647524e+01 8.041397314585410025e+37 1.685756168760749861e+05
1.336522873121430166e+01 7.956425747235749774e+37 1.685759581340959994e+05
1.366726491937879473e+01 7.894447934807149849e+37 1.685762601702839893e+05
1.393687175400555134e+01 7.842613740353559903e+37 1.685765297771189944e+05
1.417751457661506720e+01 7.797544520256780265e+37 1.685767704199420114e+05
1.439279408022412099e+01 7.757617347269239668e+37 1.685769856994450092e+05
1.458587746400735341e+01 7.721898238451100368e+37 1.685771787828289962e+05
1.475911763793556020e+01 7.689875623742760058e+37 1.685773520230030117e+05
1.491465704748407006e+01 7.661099900068939937e+37 1.685775075624129968e+05
1.505410269656567834e+01 7.635279033507490179e+37 1.685776470080619911e+05
1.517892481415765360e+01 7.612136870549840150e+37 1.685777718301790010e+05
1.529049268199014477e+01 7.591419655682050119e+37 1.685778833980470081e+05
1.539025943248998374e+01 7.572838566714310093e+37 1.685779831647980027e+05
1.548014267801772803e+01 7.555976842813690135e+37 1.685780730480430066e+05
1.556382302916608751e+01 7.539943763618309577e+37 1.685781567283940094e+05
1.565106051898328587e+01 7.522139566231130036e+37 1.685782439658840012e+05
1.579793999932007864e+01 7.485138687469519995e+37 1.685783908453639888e+05
1.592796219905721955e+01 7.456207983830150330e+37 1.685785208675639878e+05
1.604425848450046033e+01 7.431193461979279754e+37 1.685786371638500132e+05
1.614832101395586506e+01 7.409186213424600394e+37 1.685787412263790029e+05
1.624206191970733926e+01 7.389426059569330126e+37 1.685788349672849872e+05
1.632908729507471435e+01 7.370839842991030346e+37 1.685789219926600053e+05
1.641862189711537212e+01 7.350740546062239757e+37 1.685790115272619878e+05
1.659560117375804111e+01 7.300602886623629542e+37 1.685791885065390088e+05
1.677609925615251996e+01 7.254561482361209918e+37 1.685793690046209958e+05
1.698051148859667592e+01 7.202370878784769919e+37 1.685795734168539930e+05
1.719133895929553546e+01 7.151254942300049922e+37 1.685797842443239933e+05
1.737877493660198525e+01 7.109881356561340418e+37 1.685799716803019983e+05
1.754824780940543860e+01 7.073464322763090376e+37 1.685801411531739868e+05
1.770058529922971502e+01 7.041247742016379809e+37 1.685802934906639857e+05
1.783737978507997468e+01 7.012542775971710100e+37 1.685804302851500106e+05
1.796010467654559761e+01 6.986912996467509611e+37 1.685805530100420001e+05
1.807012138902791776e+01 6.964005098327260158e+37 1.685806630267539877e+05
1.817031891332590021e+01 6.943022834414609541e+37 1.685807632242779946e+05
1.826501718271174468e+01 6.922814389382499844e+37 1.685808579225479916e+05
1.836940096120815724e+01 6.898852339285979995e+37 1.685809623063259933e+05
1.850540577311767265e+01 6.864465585091719548e+37 1.685810983111379901e+05
1.862718883887282573e+01 6.836258550674690028e+37 1.685812200942040072e+05
1.873674271340132691e+01 6.811452687420100168e+37 1.685813296480780118e+05
1.883729387767380103e+01 6.788751339817320037e+37 1.685814301992430119e+05
1.893495605481439270e+01 6.766208873034420454e+37 1.685815278614200070e+05
1.905728144262684509e+01 6.734892946964550176e+37 1.685816501868079940e+05
1.923017213938874193e+01 6.686993729580879724e+37 1.685818230775039992e+05
1.938333183617214672e+01 6.649762163426419855e+37 1.685819762372009864e+05
1.952125055791111663e+01 6.617445555735940165e+37 1.685821141559229873e+05
1.964523928338894621e+01 6.588990107459069572e+37 1.685822381446479994e+05
1.975763155764434487e+01 6.563392826958479785e+37 1.685823505369230115e+05
1.986150447418913245e+01 6.539682526576269903e+37 1.685824544098390033e+05
1.996489422567537986e+01 6.515395422252169767e+37 1.685825577995910135e+05
2.011475702258758247e+01 6.475097152274329889e+37 1.685827076623880130e+05
2.030831292329821736e+01 6.422659313779859804e+37 1.685829012182879960e+05
2.050576488903607242e+01 6.373638148864200034e+37 1.685830986702539958e+05
2.068305309722200036e+01 6.333381152991889730e+37 1.685832759584620071e+05
2.084303148119943216e+01 6.298222826534200209e+37 1.685834359368460136e+05
2.098718374222517014e+01 6.267122466561579725e+37 1.685835800891070103e+05
2.111717505691922270e+01 6.239385410647960279e+37 1.685837100804219954e+05
2.123515925352694467e+01 6.214340053719349853e+37 1.685838280646190105e+05
2.134518607094651088e+01 6.190819662254899821e+37 1.685839380914359936e+05
2.145763020572485402e+01 6.165796662676369563e+37 1.685840505355710047e+05
2.164657157554756850e+01 6.115871577975760350e+37 1.685842394769410021e+05
2.181490067992126569e+01 6.078068214600330053e+37 1.685844078060449974e+05
2.196674959993106313e+01 6.045240376826560115e+37 1.685845596549650072e+05
2.210384313770919107e+01 6.016138134933140012e+37 1.685846967485029891e+05
2.222824549453798681e+01 5.989905002953229784e+37 1.685848211508599925e+05
2.234386560093844309e+01 5.965380515011370050e+37 1.685849367709659855e+05
2.245970672662951984e+01 5.939990124093580149e+37 1.685850526120919967e+05
2.261951106705237180e+01 5.900315887695330072e+37 1.685852124164320121e+05
2.276260003150673583e+01 5.868556196650039599e+37 1.685853555053969903e+05
2.289260657623526640e+01 5.840311250451060044e+37 1.685854855119409913e+05
2.301277499590651132e+01 5.814312633236729959e+37 1.685856056803610118e+05
2.313038158335257322e+01 5.788343073241219735e+37 1.685857232869479922e+05
2.327859124902170151e+01 5.752235821326670166e+37 1.685858714966140105e+05
2.346004307983093895e+01 5.707352175077230386e+37 1.685860529484449944e+05
2.362248614907730371e+01 5.671600114189419562e+37 1.685862153915140079e+05
2.376956324072671123e+01 5.640264293601320419e+37 1.685863624686060066e+05
2.390358876285608858e+01 5.612165720291619724e+37 1.685864964941279904e+05
2.402805200577131473e+01 5.586156431114880028e+37 1.685866209573709930e+05
2.415128903585718945e+01 5.559846605527180188e+37 1.685867441944009915e+05
2.431549220415763557e+01 5.520745258271950322e+37 1.685869083975690010e+05
2.451472805804223754e+01 5.473839939247439743e+37 1.685871076334230020e+05
2.469302927234093659e+01 5.437006817028140138e+37 1.685872859346370096e+05
2.485506164963589981e+01 5.404665716272429809e+37 1.685874479670150031e+05
2.500177376947249286e+01 5.376024519100879723e+37 1.685875946791350143e+05
2.513682290463475510e+01 5.349829838889249792e+37 1.685877297282700019e+05
2.526509973866632208e+01 5.324801418676179539e+37 1.685878580051040044e+05
2.540242154966108501e+01 5.296602093037609660e+37 1.685879953269149992e+05
2.562311631519696675e+01 5.244796240761089707e+37 1.685882160216800112e+05
2.582049376316717826e+01 5.206544273597669662e+37 1.685884133991280105e+05
2.599935581241152249e+01 5.173316861128789797e+37 1.685885922611769929e+05
2.616179260681383312e+01 5.143764982427310022e+37 1.685887546979720064e+05
2.630985562436399050e+01 5.117142481109810398e+37 1.685889027609890036e+05
2.644781526434235275e+01 5.092308465252199724e+37 1.685890407206290110e+05
2.658339050170616247e+01 5.067395779382110310e+37 1.685891762958669860e+05
2.675171171271358617e+01 5.033186665324249925e+37 1.685893446170779935e+05
2.692844403852359392e+01 4.998706350152000026e+37 1.685895213494040072e+05
2.708936665166402236e+01 4.969593129769790150e+37 1.685896822720170021e+05
2.723720200447132811e+01 4.943359015319619824e+37 1.685898301073700131e+05
2.737710189743665978e+01 4.918472489192600413e+37 1.685899700072630076e+05
2.752247145463479683e+01 4.891526858995340427e+37 1.685901153768200020e+05
2.775806886880309321e+01 4.840847712794120139e+37 1.685903509742339957e+05
2.796906368108466268e+01 4.803901172150889549e+37 1.685905619690459862e+05
2.816069071451784112e+01 4.771705910909720456e+37 1.685907535960800014e+05
2.833525020838715136e+01 4.742962359412489611e+37 1.685909281555729976e+05
2.849495417633443139e+01 4.717002924096809846e+37 1.685910878595410031e+05
2.864445447732578032e+01 4.692712529628159567e+37 1.685912373598419945e+05
2.879203073823009618e+01 4.668246142121209629e+37 1.685913849361029861e+05
2.897526457041385584e+01 4.634616429131610002e+37 1.685915681699349952e+05
2.917082488775486127e+01 4.600308982707060468e+37 1.685917637302530056e+05
2.934907595068216324e+01 4.571778933232109881e+37 1.685919419813159911e+05
2.951261042631813325e+01 4.546230883823030257e+37 1.685921055157909868e+05
2.966652981902007014e+01 4.522224283630580466e+37 1.685922594351840089e+05
2.982061155897099525e+01 4.497599150416760130e+37 1.685924135169239889e+05
3.002512321670656092e+01 4.460809504965990219e+37 1.685926180285819864e+05
3.026737434579990804e+01 4.418985732209330023e+37 1.685928602797109925e+05
3.052612602489534765e+01 4.377844397458890209e+37 1.685931190313900006e+05
3.078342391666956246e+01 4.340028867478060434e+37 1.685933763292820076e+05
3.101669343319372274e+01 4.308540411829779642e+37 1.685936095987980079e+05
3.123005673088482581e+01 4.280347565214900387e+37 1.685938229620959901e+05
3.142509883287129924e+01 4.254988812587730076e+37 1.685940180041980057e+05
3.160397519022808410e+01 4.231962350187869775e+37 1.685941968805550132e+05
3.177191723883152008e+01 4.210225470743229821e+37 1.685943648226039950e+05
3.193660352315055206e+01 4.188409460668990074e+37 1.685945295088879939e+05
3.212933604346471839e+01 4.160139815853919829e+37 1.685947222414090065e+05
3.237571382249007002e+01 4.122321245387459892e+37 1.685949686191880028e+05
3.259723530209157616e+01 4.093854847687649775e+37 1.685951901406669931e+05
3.280066249446826987e+01 4.068235562734019975e+37 1.685953935678600101e+05
3.298737061751307920e+01 4.044988642521519788e+37 1.685955802759829967e+05
3.316279665002366528e+01 4.022999692052240105e+37 1.685957557020150125e+05
3.333473628311185166e+01 4.000958797679109903e+37 1.685959276416480134e+05
3.353244043557788245e+01 3.973125117810189897e+37 1.685961253458010033e+05
3.380699046241352335e+01 3.931466492095409765e+37 1.685963998958269949e+05
3.405198843183461577e+01 3.901499667017950025e+37 1.685966448937969981e+05
3.427619301827508025e+01 3.874610927408990063e+37 1.685968690983830020e+05
3.448186019528657198e+01 3.850206770031650154e+37 1.685970747655600135e+05
3.467302357143489644e+01 3.827527877511599986e+37 1.685972659289370058e+05
3.485451526919496246e+01 3.805822919994319821e+37 1.685974474206340092e+05
3.503799486678326502e+01 3.783057790805120029e+37 1.685976309002320049e+05
3.526816049602348357e+01 3.750962666443319969e+37 1.685978610658610123e+05
3.547838075357140042e+01 3.725286239182189977e+37 1.685980712861189968e+05
3.567360930074937642e+01 3.701630614536619766e+37 1.685982665146660001e+05
3.585931910472572781e+01 3.678984304915189850e+37 1.685984522244700056e+05
3.604752740197000094e+01 3.655280878643339989e+37 1.685986404327669879e+05
3.629713357886066660e+01 3.619747966205690066e+37 1.685988900389439950e+05
3.656681688359822147e+01 3.584495910371990140e+37 1.685991597222489945e+05
3.681832601141650230e+01 3.554898822483370088e+37 1.685994112313759979e+05
3.704729911699541844e+01 3.529017734829950119e+37 1.685996402044820134e+05
3.725916920526651666e+01 3.505220943292170104e+37 1.685998520745699934e+05
3.745795837501646020e+01 3.482968601052789867e+37 1.686000508637400053e+05
3.765076172057888471e+01 3.461121913225179804e+37 1.686002436670860043e+05
3.785738426694297232e+01 3.436267853162170231e+37 1.686004502896319900e+05
3.811813083675224334e+01 3.402120003997810170e+37 1.686007110362020030e+05
3.835556678142165765e+01 3.375490855481140016e+37 1.686009484721460030e+05
3.857463874077075161e+01 3.351321517238130056e+37 1.686011675441059924e+05
3.877940419386141002e+01 3.328792957258800020e+37 1.686013723095589958e+05
3.897807235771324486e+01 3.306613625318489806e+37 1.686015709777229931e+05
3.918862290808465332e+01 3.281918374289509951e+37 1.686017815282729862e+05
3.943397903649020009e+01 3.251271552455579915e+37 1.686020268844020029e+05
3.965843958832556382e+01 3.226258607346030121e+37 1.686022513449529943e+05
3.986852717044530436e+01 3.203015514381349878e+37 1.686024614325359871e+05
4.007175611262209713e+01 3.180361062344790118e+37 1.686026646614779893e+05
4.028374167939182371e+01 3.155899023463280004e+37 1.686028766470440023e+05
4.053731092443922535e+01 3.124493199018799820e+37 1.686031302162900101e+05
4.076964011741802096e+01 3.098882948609439882e+37 1.686033625454819994e+05
4.098587679458432831e+01 3.075388596747749928e+37 1.686035787821600097e+05
4.119391217594966292e+01 3.052772652274809895e+37 1.686037868175409967e+05
4.140694430907024071e+01 3.029159669258569784e+37 1.686039998496740009e+05
4.168149656782043166e+01 2.995708920448290196e+37 1.686042744019330130e+05
4.194369808968622237e+01 2.967656051171310176e+37 1.686045366034549952e+05
4.227420382320997305e+01 2.930128384351459895e+37 1.686048671091879951e+05
4.259994321234989911e+01 2.898493565303039981e+37 1.686051928485769895e+05
4.289432162488810718e+01 2.872335397495219905e+37 1.686054872269899934e+05
4.316256254722247832e+01 2.848938294960600187e+37 1.686057554679120076e+05
4.340939188734046184e+01 2.827629722043649859e+37 1.686060022972520092e+05
4.363889862911310047e+01 2.807935975326090036e+37 1.686062318039939855e+05
4.385964517551474273e+01 2.788771244035700216e+37 1.686064525505409983e+05
4.408365158506785519e+01 2.768752356900719869e+37 1.686066765569499985e+05
4.435527593287406489e+01 2.741842712993220166e+37 1.686069481812980084e+05
4.466719981082133017e+01 2.711539181374979817e+37 1.686072601051760139e+05
4.498950055573368445e+01 2.682806330112620095e+37 1.686075824059210136e+05
4.538195270267897286e+01 2.647340023857770121e+37 1.686079748580679880e+05
4.573163015252794139e+01 2.621462896915159897e+37 1.686083245355180115e+05
4.604774377425201237e+01 2.598288333817809800e+37 1.686086406491390080e+05
4.633519538998370990e+01 2.577285196653560042e+37 1.686089281007550017e+05
4.659906001706258394e+01 2.558036282721830071e+37 1.686091919653819932e+05
4.684438337691244669e+01 2.540051852352920048e+37 1.686094372887419886e+05
4.708001176512334496e+01 2.522409097457519927e+37 1.686096729171299958e+05
4.731841246096882969e+01 2.503887267813709989e+37 1.686099113178259868e+05
4.759748058521654457e+01 2.479913779333799970e+37 1.686101903859500017e+05
4.789167959644692019e+01 2.455053427362690156e+37 1.686104845849619887e+05
4.816092700534500182e+01 2.434095129052190202e+37 1.686107538323700137e+05
4.841157694940920919e+01 2.414652135657789877e+37 1.686110044823139906e+05
4.865286799037130550e+01 2.395739801821439841e+37 1.686112457733550109e+05
4.889759821610641666e+01 2.376059543824949766e+37 1.686114905035810079e+05
4.918766256413073279e+01 2.350617497466800159e+37 1.686117805679290032e+05
4.947097101408871822e+01 2.327176801205370056e+37 1.686120638763789902e+05
4.973305086206528358e+01 2.306327878711569927e+37 1.686123259562269959e+05
4.998157403027289547e+01 2.286637499514359869e+37 1.686125744793949998e+05
5.022773317922838032e+01 2.266952193696139766e+37 1.686128206385440135e+05
5.049898402218241245e+01 2.244227095754970070e+37 1.686130918893869966e+05
5.080341320860316046e+01 2.217780984209370009e+37 1.686133963185739995e+05
5.108185924339341000e+01 2.195959403504909921e+37 1.686136747646080039e+05
5.134213728056056425e+01 2.175890042354959806e+37 1.686139350426459860e+05
5.159321117331273854e+01 2.156631346373589784e+37 1.686141861165380105e+05
5.185248961223987862e+01 2.136400005688410080e+37 1.686144453949769959e+05
5.216956790917902254e+01 2.109839817974930105e+37 1.686147624732739932e+05
5.264877688779961318e+01 2.068953062971680055e+37 1.686152416822529922e+05
5.303583999408874661e+01 2.044697556766959996e+37 1.686156287453589903e+05
5.344355469712172635e+01 2.016739866359289998e+37 1.686160364600619941e+05
5.380966364449704997e+01 1.994438128687090028e+37 1.686164025690100098e+05
5.414099896533298306e+01 1.974728941591220017e+37 1.686167339043300017e+05
5.444329033955000341e+01 1.957002960743849889e+37 1.686170361957050045e+05
5.472495819564210251e+01 1.940483856674559906e+37 1.686173178635610093e+05
5.499487462363322265e+01 1.924517999312869964e+37 1.686175877799890004e+05
5.526803906963323243e+01 1.907867445301440042e+37 1.686178609444350004e+05
5.558318104711361229e+01 1.887026312673959976e+37 1.686181760864119860e+05
5.601108171945088543e+01 1.856608254128490106e+37 1.686186039870849927e+05
5.639395079875248484e+01 1.834377006509159915e+37 1.686189868561640033e+05
5.639398547555902041e+01 1.846253637938860097e+37 1.686189868908410135e+05
5.639399637814494781e+01 1.846262004590870001e+37 1.686189869017429883e+05
5.639401807429385372e+01 1.846252796986149923e+37 1.686189869234389917e+05
5.639406124962260947e+01 1.846253477015060094e+37 1.686189869666149898e+05
5.639412367838667706e+01 1.846251630692879983e+37 1.686189870290429972e+05
5.639419620705302805e+01 1.846249973326699895e+37 1.686189871015720128e+05
5.639428093019523658e+01 1.846248162520079949e+37 1.686189871862950095e+05
5.639438021404203027e+01 1.846246199626520036e+37 1.686189872855790018e+05
5.639449718024116009e+01 1.846244098179850022e+37 1.686189874025449972e+05
5.639463543015881442e+01 1.846241894814220090e+37 1.686189875407950021e+05
5.639480120543157682e+01 1.846239618838700071e+37 1.686189877065710025e+05
5.639500152983237058e+01 1.846237378913700046e+37 1.686189879068949958e+05
5.639524752070428804e+01 1.846235316624389975e+37 1.686189881528860133e+05
5.639555645812652074e+01 1.846233685075930049e+37 1.686189884618229989e+05
5.639586866094032302e+01 1.846233599800580094e+37 1.686189887740259874e+05
5.639619149171630852e+01 1.846234315577720010e+37 1.686189890968569962e+05
5.639652192319044843e+01 1.846235909987209957e+37 1.686189894272880047e+05
5.639687334955669940e+01 1.846238296100339973e+37 1.686189897787150112e+05
5.639724989101523533e+01 1.846241631703300116e+37 1.686189901552560041e+05
5.639766603245516308e+01 1.846246078807070059e+37 1.686189905713979970e+05
5.639814007314271294e+01 1.846251952814670032e+37 1.686189910454379860e+05
5.639869730334612541e+01 1.846259790725610003e+37 1.686189916026679857e+05
5.639938863628776744e+01 1.846270495562690063e+37 1.686189922940009856e+05
5.640033766446867958e+01 1.846286191077080022e+37 1.686189932430300105e+05
5.640184102460625581e+01 1.846311949854480035e+37 1.686189947463900025e+05
5.640483271126868203e+01 1.846356866205870057e+37 1.686189977380759956e+05
5.641078616774757393e+01 1.846345659885349976e+37 1.686190036915329983e+05
5.642263354614260606e+01 1.845399631852190099e+37 1.686190155389109859e+05
5.644620982915512286e+01 1.839492395318920056e+37 1.686190391151939984e+05
5.649312663235468790e+01 1.821009982676350066e+37 1.686190860319969943e+05
5.658649107071687467e+01 1.787837523223359943e+37 1.686191793964359968e+05
5.677228630302124657e+01 1.751034814172640032e+37 1.686193651916680101e+05
5.709111942243180238e+01 1.725325796845760080e+37 1.686196840247880027e+05
5.738396615945384838e+01 1.716239405548989982e+37 1.686199768715249957e+05
5.766631586480070837e+01 1.709849102845750100e+37 1.686202592212299933e+05
5.795492998711415567e+01 1.702652585017699991e+37 1.686205478353519866e+05
5.830405194326885976e+01 1.690695980348199890e+37 1.686208969573079958e+05
5.880082352028694004e+01 1.669650727542909915e+37 1.686213937288850138e+05
5.924198857939336449e+01 1.654794352929320039e+37 1.686218348939440039e+05
5.963842615386238322e+01 1.640993678864459981e+37 1.686222313315189967e+05
5.999821733447606675e+01 1.628117392500950019e+37 1.686225911226999888e+05
6.032773569959681481e+01 1.616090027365730035e+37 1.686229206410649931e+05
6.063590462782303803e+01 1.604553444551030097e+37 1.686232288099929865e+05
6.093386743729934096e+01 1.592997353542750012e+37 1.686235267728019971e+05
6.124053058034041896e+01 1.580369632649500075e+37 1.686238334359450091e+05
6.161838476214325055e+01 1.562571234218030016e+37 1.686242112901269866e+05
6.215278115565888584e+01 1.536103216423530018e+37 1.686247456865209970e+05
6.262861433511716314e+01 1.517630235456530024e+37 1.686252215196999896e+05
6.305693675103248097e+01 1.501476676130449944e+37 1.686256498421159922e+05
6.344415516156004742e+01 1.487154967396990034e+37 1.686260370605270145e+05
6.379763219470623881e+01 1.474236013894690075e+37 1.686263905375599861e+05
6.412755247714812867e+01 1.462116849676490080e+37 1.686267204578419914e+05
6.444543474988313392e+01 1.450234528869749936e+37 1.686270383401149884e+05
6.476977015531156212e+01 1.437567328156799952e+37 1.686273626755200094e+05
6.515757614560425282e+01 1.420614327576899904e+37 1.686277504815110005e+05
6.560654253509710543e+01 1.400367922856740025e+37 1.686281994478999986e+05
6.601241923010093160e+01 1.384383293453570064e+37 1.686286053245950025e+05
6.638300257665105164e+01 1.370124689807500046e+37 1.686289759079419891e+05
6.672868428798392415e+01 1.356882805178310074e+37 1.686293215896530019e+05
6.706205545031116344e+01 1.344005603529379973e+37 1.686296549608150090e+05
6.740162274788599461e+01 1.330497879995229912e+37 1.686299945281129912e+05
6.780305560960550793e+01 1.312995524739730098e+37 1.686303959609750018e+05
6.829134506676928140e+01 1.290777726035169901e+37 1.686308842504319909e+05
6.873098559663048945e+01 1.273484208127950109e+37 1.686313238909619977e+05
6.913201553100952879e+01 1.258109902935519963e+37 1.686317249208959984e+05
6.950437335480819456e+01 1.243983211968810048e+37 1.686320972787200008e+05
6.985998943299637176e+01 1.230481366799749964e+37 1.686324528947980143e+05
7.021482097322586924e+01 1.216781423128729928e+37 1.686328077263380110e+05
7.060828732899972238e+01 1.200648557094060079e+37 1.686332011926939886e+05
7.120247403960092925e+01 1.173461823759579992e+37 1.686337953794049972e+05
7.173421904028509744e+01 1.153275643769139966e+37 1.686343271244050120e+05
7.221727256954181939e+01 1.135468224238789906e+37 1.686348101779349963e+05
7.265803972494904883e+01 1.119552243538189884e+37 1.686352509450899961e+05
7.306802293017972261e+01 1.104853015368889899e+37 1.686356609282949939e+05
7.345864762901328504e+01 1.090844837049780058e+37 1.686360515529940021e+05
7.384672147495439276e+01 1.076722910644179935e+37 1.686364396268400014e+05
7.426612184080295265e+01 1.060810249418740017e+37 1.686368590272059955e+05
7.489521306956885383e+01 1.034517103678180006e+37 1.686374881184349942e+05
7.556162244657753035e+01 1.009150686729560046e+37 1.686381545278120029e+05
7.630424328395747580e+01 9.825002652327839727e+36 1.686388971486490045e+05
7.697536743956152350e+01 9.607173180056960173e+36 1.686395682728049869e+05
7.758861844521015882e+01 9.411013475129160569e+36 1.686401815238099953e+05
7.815108200020040385e+01 9.232957994139140200e+36 1.686407439873649855e+05
7.867210360619355924e+01 9.068697165933940036e+36 1.686412650089710078e+05
7.916142637934535742e+01 8.914204546292479413e+36 1.686417543317440141e+05
7.963342779947561212e+01 8.763973078216929943e+36 1.686422263331649883e+05
8.010813625060836785e+01 8.610299062119079565e+36 1.686427010416160047e+05
8.063531327300006524e+01 8.432245514609479655e+36 1.686432282186379889e+05
8.153285571656306274e+01 8.109616664437529527e+36 1.686441257610819885e+05
8.232574297342216596e+01 7.862436289048640496e+36 1.686449186483380035e+05
8.349209757760399953e+01 7.497396096458820073e+36 1.686460850029430003e+05
8.457529787349631079e+01 7.195118731233230137e+36 1.686471682032390090e+05
8.558365168527234346e+01 6.914138894540220446e+36 1.686481765570499992e+05
8.653167629506788217e+01 6.654351093144050111e+36 1.686491245816599985e+05
8.742611280066194013e+01 6.409440215525419438e+36 1.686500190181660000e+05
8.828125603264197707e+01 6.181140082333090145e+36 1.686508741613980092e+05
8.910455995608936064e+01 5.962158680162079960e+36 1.686516974653209909e+05
8.990716110070934519e+01 5.753581594233290491e+36 1.686525000664659892e+05
9.070260174502618611e+01 5.548856121339439476e+36 1.686532955071099859e+05
9.152387193421600387e+01 5.339266778837099530e+36 1.686541167772990011e+05
9.244082257352420129e+01 5.107708722555920177e+36 1.686550337279390078e+05
9.394958808313822374e+01 4.744936719654220231e+36 1.686565424934480106e+05
9.514647164309280924e+01 4.475056493949040115e+36 1.686577393770079943e+05
9.689669158202013932e+01 4.116586997186519748e+36 1.686594895969470090e+05
9.902526549220783636e+01 3.736533086952619883e+36 1.686616181708569929e+05
