# time luminosity radius
-2.387403689164784737e+01 4.444737101378460280e+35 1.008147817710530013e+06
-1.955469661991810426e+01 4.744167040859399667e+35 1.008152499078209978e+06
-1.656711199734127149e+01 5.033810621818020323e+35 1.008157753527099965e+06
-1.451212344781379215e+01 5.302501639336290080e+35 1.008163089117520023e+06
-1.308890624463674612e+01 5.543452330985790087e+35 1.008168199828870012e+06
-1.209173523978097364e+01 5.753332115557379780e+35 1.008172910861080047e+06
-1.137667133624199778e+01 5.933809098924259831e+35 1.008177163137009949e+06
-1.084338605555240065e+01 6.090729498359709818e+35 1.008181031668659998e+06
-1.042317852005362511e+01 6.232247664461660316e+35 1.008184666830110014e+06
-1.003169682182488032e+01 6.384035072100300003e+35 1.008188697091249982e+06
-9.839909857400925830e+00 6.464383861072899762e+35 1.008190874476360041e+06
-9.708275002747541294e+00 6.522591759728059998e+35 1.008192480334740016e+06
-9.562944727571448311e+00 6.590413750599690278e+35 1.008194390887149959e+06
-9.402565289521589875e+00 6.670766981508089667e+35 1.008196696381050046e+06
-9.226296982931671664e+00 6.766604705738159886e+35 1.008199509742000024e+06
-9.032287836482282728e+00 6.883598572172979535e+35 1.008203003767470014e+06
-8.811132775881560519e+00 7.036965985139850663e+35 1.008207749985400005e+06
-8.786186535609886050e+00 7.054273221161190473e+35 1.008208307340909960e+06
-8.736543517472455278e+00 7.090706146977090104e+35 1.008209476208530017e+06
-8.658158581296447664e+00 7.150736075186940623e+35 1.008211492741810041e+06
-8.636267689609667286e+00 7.167658766110140100e+35 1.008212066694659996e+06
-8.620760646270355210e+00 7.179937204171620357e+35 1.008212478265319951e+06
-8.606377850752323866e+00 7.191297122789870006e+35 1.008212862811409985e+06
-8.591818325308850035e+00 7.202722936752730723e+35 1.008213255228730035e+06
-8.576138915203046054e+00 7.215517260215339964e+35 1.008213680816920009e+06
-8.555831281497376040e+00 7.232440655606160133e+35 1.008214238269919995e+06
-8.517645594780333340e+00 7.264386983065339874e+35 1.008215317421450047e+06
-8.441656078182859346e+00 7.332574731679179900e+35 1.008217633908999967e+06
-8.338456565368687734e+00 7.432254101990870093e+35 1.008221170725060045e+06
-8.257507302012527362e+00 7.516638683217829405e+35 1.008224258999719983e+06
-8.189066197897773236e+00 7.592433230563610420e+35 1.008227151120690047e+06
-8.130313043715432286e+00 7.662305059437150177e+35 1.008229901660520001e+06
-8.079121634189505130e+00 7.725975285955099472e+35 1.008232549035700038e+06
-8.042098436155356467e+00 7.773124934537970450e+35 1.008234607411160017e+06
-8.010521981865167618e+00 7.813527488819329315e+35 1.008236503447490046e+06
-7.982505569380009547e+00 7.852005830066080659e+35 1.008238306504040025e+06
-7.956303942803060636e+00 7.887807557403019901e+35 1.008240127643410000e+06
-7.931991894089151174e+00 7.924887627970579566e+35 1.008241950302000041e+06
-7.908873676729854196e+00 7.957339982990669895e+35 1.008243834176430013e+06
-7.887033248087391257e+00 7.994583403054850097e+35 1.008245743331420003e+06
-7.869426694931462407e+00 8.017943100598019714e+35 1.008247408496540040e+06
-7.850656896887812763e+00 8.047011628438119910e+35 1.008249345311000012e+06
-7.833466780924936756e+00 8.074851744982019529e+35 1.008251323652880033e+06
-7.814678886788897216e+00 8.105575308361959680e+35 1.008253855491889990e+06
-7.796040412271395326e+00 8.141156982847989523e+35 1.008256747129059979e+06
-7.778465525538194925e+00 8.174169542063400001e+35 1.008259720312039950e+06
-7.761599441058933735e+00 8.200377417700540452e+35 1.008262797178169945e+06
-7.746642843878362328e+00 8.223599873098679789e+35 1.008265682323649991e+06
-7.733133796107722446e+00 8.258102060801429600e+35 1.008268484206230030e+06
-7.720173329551471397e+00 8.278579383742930375e+35 1.008271280929930042e+06
-7.707444132684031501e+00 8.300531933538310364e+35 1.008274076232010033e+06
-7.694265448866644874e+00 8.331686652248890337e+35 1.008277176444899989e+06
-7.680339242768241093e+00 8.355456740276800612e+35 1.008280487051530043e+06
-7.666270933346822858e+00 8.452381055719669523e+35 1.008283872967830044e+06
-7.651573658513370901e+00 8.309117606255850371e+35 1.008287457915390027e+06
-7.635959786042803898e+00 8.486922639817759586e+35 1.008291404554520035e+06
-7.619111185427755117e+00 8.578958470054049683e+35 1.008295749728249968e+06
-7.601547990168910474e+00 8.748822069111179841e+35 1.008300395474349963e+06
-7.582921399793121964e+00 9.105356126629369294e+35 1.008305475653099944e+06
-7.563123536820057780e+00 9.704525244985660445e+35 1.008311073241699953e+06
-7.542187247338006273e+00 1.450633426593530048e+36 1.008318010874749976e+06
-7.528302137128775939e+00 2.300540621437079991e+36 1.008322619665089995e+06
-7.505712536396458745e+00 3.021587751570340286e+36 1.008330351623240043e+06
-7.484383336908649653e+00 3.752706231658480025e+36 1.008337876455749967e+06
-7.463709047617157921e+00 4.047506734263809770e+36 1.008345342575790011e+06
-7.443141097144689411e+00 4.454301631594629795e+36 1.008352974057190004e+06
-7.421530695079127327e+00 5.091381554727539948e+36 1.008361301123959944e+06
-7.398063824570272118e+00 5.501024663359930157e+36 1.008370609121780028e+06
-7.374740804516477510e+00 6.248122974790169772e+36 1.008380298247260042e+06
-7.351581129303667694e+00 6.637731894776020476e+36 1.008390251575530041e+06
-7.328414233692456037e+00 7.409038772646330046e+36 1.008400766544430051e+06
-7.305459492636146024e+00 7.820940537292460443e+36 1.008411569411320030e+06
-7.282693681016098708e+00 8.230288118518150087e+36 1.008422680723440018e+06
-7.260316694213543087e+00 8.666762495492790269e+36 1.008434057775130030e+06
-7.238183068751823157e+00 9.791212398441299789e+36 1.008446340197270038e+06
-7.216343469597632065e+00 1.017432616037639963e+37 1.008458929484040011e+06
-7.194613479019608349e+00 1.055480495072429989e+37 1.008471944893590058e+06
-7.173291734594386071e+00 1.092886530776940114e+37 1.008485207891699974e+06
-7.152877772459760308e+00 1.128613637907749968e+37 1.008498375685689971e+06
-7.133765845239395276e+00 1.162337009537509884e+37 1.008511129264169955e+06
-7.115463288384489715e+00 1.194999290299680014e+37 1.008523759677859955e+06
-7.097962220956105739e+00 1.229119629668949892e+37 1.008536303993329988e+06
-7.080790625186637044e+00 1.262361051812120074e+37 1.008548989675889956e+06
-7.064007442240836099e+00 1.295643542881669995e+37 1.008561766931790044e+06
-7.047165693482384086e+00 1.330074694160570066e+37 1.008574983541690046e+06
-7.030247736314777285e+00 1.365772591311970025e+37 1.008588657520410023e+06
-7.012842989206546918e+00 1.404020381956329900e+37 1.008603148322370020e+06
-6.996933864778839052e+00 1.440472584254109933e+37 1.008616739543800009e+06
-6.982137348037213087e+00 1.475467550820280078e+37 1.008629683903940022e+06
-6.968235366832232103e+00 1.509368726499800038e+37 1.008642106455989997e+06
-6.955077139253262430e+00 1.542276793411480001e+37 1.008654093746160041e+06
-6.942395121499430388e+00 1.574877025438419975e+37 1.008665857089660014e+06
-6.930290656629949808e+00 1.606570115732630026e+37 1.008677273314959952e+06
-6.918296573654515669e+00 1.638859015864229891e+37 1.008688772018200019e+06
-6.906541881908196956e+00 1.670884120889949989e+37 1.008700216621230007e+06
-6.894907328998669982e+00 1.703372998944510087e+37 1.008711719413690036e+06
-6.881911037839017808e+00 1.741407343665840099e+37 1.008724782758799964e+06
-6.869618337892461568e+00 1.775923138415459940e+37 1.008737315732439980e+06
-6.856656979682156816e+00 1.813964349249700025e+37 1.008750744607100030e+06
-6.843697491509374231e+00 1.851698168427720118e+37 1.008764373360060039e+06
-6.830926420429022983e+00 1.889161493090689885e+37 1.008778020334020024e+06
-6.818522725749062374e+00 1.924076039457510040e+37 1.008791463923010044e+06
-6.806453692697687075e+00 1.955923936633960095e+37 1.008804707571440027e+06
-6.794627862429479137e+00 1.988416160689039993e+37 1.008817836796669988e+06
-6.783018086280208081e+00 2.021435171645739951e+37 1.008830870279259980e+06
-6.771448966872412711e+00 2.055544190961039931e+37 1.008843990133060026e+06
-6.759985980665078387e+00 2.092050183845650019e+37 1.008857114963650005e+06
-6.748533259262330830e+00 2.127571259029979984e+37 1.008870334640849964e+06
-6.736944078467786312e+00 2.164482460903549926e+37 1.008883804738190025e+06
-6.725163499882910401e+00 2.203156916634620175e+37 1.008897580587889999e+06
-6.713046928896801546e+00 2.245003616148699844e+37 1.008911829219199950e+06
-6.700614169298205525e+00 2.291217200012210020e+37 1.008926528451950056e+06
-6.687481593631673604e+00 2.339979548649549765e+37 1.008942118332830025e+06
-6.674339266348397359e+00 2.387285643699359963e+37 1.008957762806099956e+06
-6.661150690488284454e+00 2.440373739669889996e+37 1.008973501180459978e+06
-6.647875930444570258e+00 2.496692099501459832e+37 1.008989361167580006e+06
-6.634991168830310926e+00 2.550989971656260008e+37 1.009004755816300050e+06
-6.622460718150250614e+00 2.609312674651389803e+37 1.009019724765919964e+06
-6.610151108878199011e+00 2.674347349121220148e+37 1.009034412738180021e+06
-6.598042025958420709e+00 2.743329251283739783e+37 1.009048845096569974e+06
-6.586015017062891275e+00 2.889977354301800233e+37 1.009063158420640044e+06
-6.574055269418749958e+00 2.895920232170349925e+37 1.009077342794719967e+06
-6.562063357414444908e+00 2.978878347445069839e+37 1.009091519329600036e+06
-6.550100138352718204e+00 3.020050182550989973e+37 1.009105587169960025e+06
-6.538643773004878312e+00 3.129297781335289799e+37 1.009119022932199994e+06
-6.527178068499779329e+00 3.172855296157559999e+37 1.009132435628199950e+06
-6.515859568724408746e+00 3.270952110272159897e+37 1.009145609624990029e+06
-6.503553936374373734e+00 3.328583455595090209e+37 1.009159868285889970e+06
-6.491409778274828568e+00 3.401220252711209988e+37 1.009173851588899968e+06
-6.477607771608745679e+00 3.477294182558879980e+37 1.009189652304859948e+06
-6.464234384213341400e+00 3.550499664646869907e+37 1.009204846836630022e+06
-6.450074355292599648e+00 3.630724659230700135e+37 1.009220817487580003e+06
-6.433308142557507381e+00 3.727653454271299866e+37 1.009239569207379944e+06
-6.416119200090179220e+00 3.828441589407510031e+37 1.009258595842660055e+06
-6.398364372143987566e+00 3.933522500606759862e+37 1.009278048855719971e+06
-6.380962435476249084e+00 4.037382013214460222e+37 1.009296916458879947e+06
-6.362751965119969100e+00 4.146792043801730155e+37 1.009316451742550009e+06
-6.343425134808057919e+00 4.263739138158600213e+37 1.009336952735150000e+06
-6.323177047539502382e+00 4.387173739342549837e+37 1.009358172624540050e+06
-6.302435581630561501e+00 4.514488245953739635e+37 1.009379640511229984e+06
-6.281795352348126471e+00 4.641736043954539764e+37 1.009400734676660039e+06
-6.261232473480049521e+00 4.768794408041910045e+37 1.009421480484970030e+06
-6.240684634365607053e+00 4.895679030959619995e+37 1.009441939925219980e+06
-6.220150968962116167e+00 5.022216242465330108e+37 1.009462116595620057e+06
-6.199568751268088818e+00 5.148557397311390425e+37 1.009482062632280053e+06
-6.178943744103889912e+00 5.274439548560909797e+37 1.009501772592160036e+06
-6.158227153122425079e+00 5.399961491171459664e+37 1.009521286133180023e+06
-6.137489126791479066e+00 5.524525823858179639e+37 1.009540527225670055e+06
-6.117319329961901531e+00 5.644600660155820052e+37 1.009558947183100041e+06
-6.096468631993047893e+00 5.767110947475699703e+37 1.009577664205480018e+06
-6.077046786464052275e+00 5.880234408881310252e+37 1.009594826665590052e+06
-6.056004920101258904e+00 6.000595332497119705e+37 1.009613121898479993e+06
-6.034883080021245405e+00 6.119867125039160153e+37 1.009631165677229990e+06
-6.013584149011876434e+00 6.238195779916980134e+37 1.009649037475569989e+06
-5.992119373637251556e+00 6.355372648516060356e+37 1.009666718415159965e+06
-5.970451458590105176e+00 6.471481290200640228e+37 1.009684233816500055e+06
-5.948639600683236495e+00 6.586050996727260242e+37 1.009701522248829948e+06
-5.926682074117707089e+00 6.698949815475410062e+37 1.009718581961199990e+06
-5.904524104582378641e+00 6.810357327074059874e+37 1.009735444002010045e+06
-5.882169048796640709e+00 6.920076308913330438e+37 1.009752095049979980e+06
-5.859556696697836742e+00 7.028300128964780037e+37 1.009768572238900000e+06
-5.836690742900827900e+00 7.134880813666040065e+37 1.009784859353660024e+06
-5.813504319521598518e+00 7.240013132303629986e+37 1.009800992122160038e+06
-5.790065052366117015e+00 7.343209592012479901e+37 1.009816907994520036e+06
-5.766393587226048112e+00 7.444326158728889838e+37 1.009832585959370015e+06
-5.742427189630689099e+00 7.543463972394389700e+37 1.009848048192449962e+06
-5.718160253542009741e+00 7.640613987829339621e+37 1.009863218875569990e+06
-5.693522700341418386e+00 7.735899282021719740e+37 1.009878200281689991e+06
-5.668507237685844302e+00 7.829346670048319723e+37 1.009893013176209992e+06
-5.643152335891500115e+00 7.920879191113299795e+37 1.009907526755300001e+06
-5.617450513236690313e+00 8.010423166318869852e+37 1.009921784483070020e+06
-5.591378343699034303e+00 8.097881173594579990e+37 1.009935794842020026e+06
-5.564854340074816719e+00 8.183356329241850035e+37 1.009949589249699959e+06
-5.537855157104786485e+00 8.266721149040090419e+37 1.009963166035969974e+06
-5.510449602268636227e+00 8.347819276793220096e+37 1.009976478675210034e+06
-5.482601756812073290e+00 8.426565073345919854e+37 1.009989532583710039e+06
-5.454273341631051153e+00 8.503042942066749733e+37 1.010002334822120029e+06
-5.425361742236418650e+00 8.577461830587060444e+37 1.010014918054569978e+06
-5.395983294642064720e+00 8.649533718074869457e+37 1.010027219812180032e+06
-5.366109168651746586e+00 8.719256905080079267e+37 1.010039245230720029e+06
-5.335623669147025794e+00 8.786854926850609759e+37 1.010051030113070039e+06
-5.304548538289964199e+00 8.852296840677109945e+37 1.010062555551100057e+06
-5.272944873286178336e+00 8.915433551756079950e+37 1.010073792174380040e+06
-5.240675965382251889e+00 8.976528121954440404e+37 1.010084781865200028e+06
-5.207758327509509400e+00 9.035585424044620502e+37 1.010095511182700051e+06
-5.174244427762459964e+00 9.092561517361369089e+37 1.010105959468899993e+06
-5.139974164339946583e+00 9.147720236542769147e+37 1.010116172439359943e+06
-5.105051331775030121e+00 9.201004220144590795e+37 1.010126116763520055e+06
-5.069415991398273036e+00 9.252558387507819179e+37 1.010135809390619979e+06
-5.033002016774844378e+00 9.302538963492529633e+37 1.010145268517230055e+06
-4.995852398045826703e+00 9.351020941461259362e+37 1.010154485299009946e+06
-4.957837304042186588e+00 9.398231828616660480e+37 1.010163495881770039e+06
-4.919094404001953080e+00 9.444207482333079583e+37 1.010172273881489993e+06
-4.879424921411555260e+00 9.489226183746549547e+37 1.010180873203280033e+06
-4.838961157976882532e+00 9.533373709003219486e+37 1.010189275271479972e+06
-4.797541684471070766e+00 9.576939194491930331e+37 1.010197526826129993e+06
-4.755277331598335877e+00 9.620032058317049839e+37 1.010205621332549956e+06
-4.712044747109757736e+00 9.662971304050330785e+37 1.010213600346180028e+06
-4.667831961764022708e+00 9.705944893288039388e+37 1.010221486252809991e+06
-4.622655299754114822e+00 9.749225807379269949e+37 1.010229298431179952e+06
-4.576386111410101876e+00 9.793124682052490070e+37 1.010237084091720055e+06
-4.529143300896976143e+00 9.837790359294950278e+37 1.010244851787789958e+06
-4.480834246729500592e+00 9.883577606563849120e+37 1.010252647469619988e+06
-4.431366545904893428e+00 9.930832135619369267e+37 1.010260518410949968e+06
-4.380798604921437800e+00 9.979793597478209905e+37 1.010268490450170008e+06
-4.329107918892987072e+00 1.003080429226890022e+38 1.010276603122289991e+06
-4.276227087626466528e+00 1.008416650697660033e+38 1.010284907121510012e+06
-4.222097320161992684e+00 1.014025110015760025e+38 1.010293452028520056e+06
-4.166751087759621441e+00 1.019935901269739906e+38 1.010302274129439960e+06
-4.110167095146607608e+00 1.026175100260769956e+38 1.010311421061460045e+06
-4.052337079629069194e+00 1.032777701325660052e+38 1.010320936463429942e+06
-3.993208568484988064e+00 1.039776031117719961e+38 1.010330872138940031e+06
-3.932599087595008314e+00 1.047216749242739935e+38 1.010341303577380022e+06
-3.870720651320880279e+00 1.055108515187289907e+38 1.010352235266539967e+06
-3.807539134111721069e+00 1.063472704223309947e+38 1.010363713877680013e+06
-3.742847204470308498e+00 1.072354748456709918e+38 1.010375817259790027e+06
-3.676784805749775842e+00 1.081762527563760023e+38 1.010388553896110039e+06
-3.609375299129169434e+00 1.091704183453389914e+38 1.010401950850580004e+06
-3.540370840259129182e+00 1.102221867429460032e+38 1.010416087810819969e+06
-3.470040792744839564e+00 1.113294141254989981e+38 1.010430929995990009e+06
-3.398246013064635918e+00 1.124934083980499995e+38 1.010446525154839968e+06
-3.324964039726182818e+00 1.137145458665619915e+38 1.010462888111570035e+06
-3.250236146530369297e+00 1.149914268035150056e+38 1.010480013850440038e+06
-3.173959704639855772e+00 1.163239912369340051e+38 1.010497922991920030e+06
-3.096312652807682753e+00 1.177077873291049938e+38 1.010516560015990050e+06
-3.017124853620771319e+00 1.191421752192429989e+38 1.010535946474169963e+06
-2.936521836119936779e+00 1.206223621991049994e+38 1.010556021766229998e+06
-2.854429836501367390e+00 1.221451571482190068e+38 1.010576766484839958e+06
-2.770912185107590631e+00 1.237052078055049961e+38 1.010598116747539956e+06
-2.685977971763350070e+00 1.253193012029949990e+38 1.010615520885249949e+06
-2.599471394874854013e+00 1.269335530353679931e+38 1.010636597184719983e+06
-2.511682839947752655e+00 1.285737158215850091e+38 1.010657065966099966e+06
-2.422463566297665238e+00 1.302496170046259962e+38 1.010678867943170015e+06
-2.331819737708428875e+00 1.320127188593300006e+38 1.010696524827740039e+06
-2.239879700413439423e+00 1.337011042781849994e+38 1.010716142164160032e+06
-2.146571420948021114e+00 1.353604174620449940e+38 1.010737185261629988e+06
-2.051811570534482598e+00 1.370056421746070035e+38 1.010758913773920038e+06
-1.955788613180629909e+00 1.386267958134289938e+38 1.010780801010550000e+06
-1.858486060955328867e+00 1.402133893668459906e+38 1.010802550729140057e+06
-1.759861747064860538e+00 1.417573941435330055e+38 1.010823964868649957e+06
-1.659868756018113345e+00 1.432519715587139907e+38 1.010844891493260046e+06
-1.558571645815391093e+00 1.446896017444679932e+38 1.010865175280930009e+06
-1.456052013410953805e+00 1.460626840268049997e+38 1.010884673543069977e+06
-1.352259151084581390e+00 1.473651112919289953e+38 1.010903276186389965e+06
-1.247191565693356097e+00 1.485909718188710049e+38 1.010920867402340053e+06
-1.140812286554137245e+00 1.497909584266379906e+38 1.010937006382329972e+06
-1.033112263365183026e+00 1.508167044202589925e+38 1.010949572455930058e+06
-9.240595497540198267e-01 1.517585491792300040e+38 1.010961997955820058e+06
-8.136453882034402341e-01 1.526170561228049974e+38 1.010973735736789997e+06
-7.018384687835350633e-01 1.533944436962049989e+38 1.010984394060799968e+06
-5.886224136338569224e-01 1.541054904359660068e+38 1.010990451949549955e+06
-4.739575809217058122e-01 1.546166775887699944e+38 1.010996996202960028e+06
-3.578165759972762316e-01 1.550367827936109946e+38 1.011001972378170001e+06
-2.401440049870871007e-01 1.553641508098460068e+38 1.011005527278759982e+06
-1.208979877992533147e-01 1.555853215503519912e+38 1.011007275852620020e+06
0.000000000000000000e+00 1.557020433206110052e+38 1.011006986865060055e+06
1.226102436776272953e-01 1.556771166885370003e+38 1.011004844131030026e+06
2.435657542664557695e-01 1.555450548325100084e+38 1.011000941587559995e+06
3.529854301013983786e-01 1.553696616390810054e+38 1.010995963673810009e+06
4.514119779923930764e-01 1.551425248992889946e+38 1.010990369221540052e+06
5.402126588742248714e-01 1.548797725025979908e+38 1.010984427202190040e+06
6.199007294781040400e-01 1.546007723315520042e+38 1.010978383610130055e+06
6.911702078068628907e-01 1.543169582741710013e+38 1.010972420688419952e+06
7.546684587432537228e-01 1.540375578593299994e+38 1.010966672888280009e+06
8.110344751330558211e-01 1.537690559787640054e+38 1.010961234332110034e+06
8.609101875044871122e-01 1.535156838874140058e+38 1.010956162749379990e+06
9.050442690495401621e-01 1.532788423616630091e+38 1.010951475702540018e+06
9.442410345072858036e-01 1.530581497228830092e+38 1.010947157132389955e+06
9.796195896633435041e-01 1.528490124757770069e+38 1.010943133654979989e+06
1.012491139263147488e+00 1.526446571966719919e+38 1.010939286132500041e+06
1.045157532294979319e+00 1.524277768196089929e+38 1.010935351206370047e+06
1.087059796176617965e+00 1.521089856766500033e+38 1.010930109916800051e+06
1.160998291597934440e+00 1.514649612010500000e+38 1.010920267137099989e+06
1.240573832095833495e+00 1.508247416730479943e+38 1.010908912194450037e+06
1.332693866861518472e+00 1.500147791373050036e+38 1.010895013331210008e+06
1.443924240011256188e+00 1.489619847804099983e+38 1.010877189424579963e+06
1.580389794136863202e+00 1.475845801694519909e+38 1.010853863199969986e+06
1.725368319894187152e+00 1.460951442196049964e+38 1.010827638270469964e+06
1.873647474159952253e+00 1.445163268854139921e+38 1.010799630830370006e+06
2.025501563184661791e+00 1.428372774375569973e+38 1.010769938914880040e+06
2.180851337761851028e+00 1.410674389464979978e+38 1.010738723241960048e+06
2.330438174074515700e+00 1.393472980366799910e+38 1.010708057660909952e+06
2.465743979380931705e+00 1.377874076021629977e+38 1.010679972375359968e+06
2.587631856207735837e+00 1.363657313212769990e+38 1.010654495320020011e+06
2.696709960262523964e+00 1.350838964895950090e+38 1.010631601019329973e+06
2.794432423077523708e+00 1.339277590704040057e+38 1.010611049120199983e+06
2.881537981622386724e+00 1.328936031339390056e+38 1.010592718958509970e+06
2.958889610134065151e+00 1.319730441947829948e+38 1.010576448320360039e+06
3.027320574386976659e+00 1.311575636720479954e+38 1.010562069989440031e+06
3.087732286425307393e+00 1.304370121988870022e+38 1.010549395728179952e+06
3.141131077922182158e+00 1.297994852749379947e+38 1.010538211991410004e+06
3.188673786848085001e+00 1.292308935860910024e+38 1.010528271847299999e+06
3.232080974936252460e+00 1.287092701140110019e+38 1.010519211626089993e+06
3.273902431508759037e+00 1.282019535238789994e+38 1.010510493066180032e+06
3.322144851874327287e+00 1.276003979048210028e+38 1.010500431801339961e+06
3.418147268414031714e+00 1.263322683832019929e+38 1.010480449825859978e+06
3.522188958333572373e+00 1.250419250424190029e+38 1.010458765227620024e+06
3.640596764569636434e+00 1.235645966420560040e+38 1.010434297360460041e+06
3.785331856954144314e+00 1.217553255670200080e+38 1.010404754665349959e+06
3.962536773731699213e+00 1.195742118603130055e+38 1.010369254662920022e+06
4.119686153368093073e+00 1.177639387848830093e+38 1.010338409456370049e+06
4.259896576229948550e+00 1.161821571253619985e+38 1.010311542794379988e+06
4.385615052568027750e+00 1.147915347498320084e+38 1.010287989046439994e+06
4.497462411643937230e+00 1.135785298385340061e+38 1.010267461251429981e+06
4.597200776042882353e+00 1.125144703156639928e+38 1.010249501427129959e+06
4.685635810048552230e+00 1.115860711874600083e+38 1.010233848885469954e+06
4.763819890125887468e+00 1.107769207671750028e+38 1.010220225122550037e+06
4.832808552688220516e+00 1.100720372628850051e+38 1.010208370375709957e+06
4.893735098361503333e+00 1.094564543986849977e+38 1.010198031113240053e+06
4.947887018148321658e+00 1.089143654593530043e+38 1.010188942273280001e+06
4.997294109867652878e+00 1.084225059656999906e+38 1.010180731634830008e+06
5.045312231435673311e+00 1.079445082886179951e+38 1.010172821724619949e+06
5.104020538099575788e+00 1.073494350397550076e+38 1.010163227446650038e+06
5.201956166565651074e+00 1.063364551836960025e+38 1.010147470515349996e+06
5.332981459854636341e+00 1.050208274362779987e+38 1.010126796650390024e+06
5.482065247808350250e+00 1.035843118903679981e+38 1.010103895222899970e+06
5.665178635768825188e+00 1.018723462396319984e+38 1.010076809128249995e+06
5.875311867450363934e+00 1.000241378642179923e+38 1.010047108700869954e+06
6.108799128793179989e+00 9.811197369584179330e+37 1.010015802246100036e+06
6.373774022737052292e+00 9.609275077008389958e+37 1.009982484018879943e+06
6.658460675855167210e+00 9.411102006278380065e+37 1.009949224495370057e+06
6.955739107215777040e+00 9.222834440434989685e+37 1.009917134119200055e+06
7.266379515378503129e+00 9.043849512916009396e+37 1.009886267388149980e+06
7.591284245369024575e+00 8.874248948910999425e+37 1.009856626154739992e+06
7.931436897313687950e+00 8.714150691816630510e+37 1.009828193295269972e+06
8.287927851284621283e+00 8.563546588315719907e+37 1.009800932280160021e+06
8.661960511351935565e+00 8.422264547688599969e+37 1.009774786971129943e+06
9.054639653593767434e+00 8.290037972033950331e+37 1.009749694130760035e+06
9.467429859359981492e+00 8.166268130014640441e+37 1.009725551845549955e+06
9.901633007655618712e+00 8.050305693595679853e+37 1.009702253235689946e+06
1.035891591536346823e+01 7.941194751097309893e+37 1.009679657095380011e+06
1.084055085125146434e+01 7.837998072633399976e+37 1.009657628007960040e+06
1.134823906319797970e+01 7.739450291108539804e+37 1.009635996557289967e+06
1.188362737314309925e+01 7.644284186531929955e+37 1.009614593612199998e+06
1.244879277833388187e+01 7.551127113260770262e+37 1.009593241555280052e+06
1.297790654501295649e+01 7.476381463683840457e+37 1.009574241644519963e+06
1.344893099047476426e+01 7.415535465496609563e+37 1.009557939430520055e+06
1.386639734538039193e+01 7.362645239646820042e+37 1.009543819672420039e+06
1.423679714670288377e+01 7.315511487228029807e+37 1.009531445330330054e+06
1.456570778807508759e+01 7.273272638516500471e+37 1.009520538660570048e+06
1.485833028214983642e+01 7.235258031562820223e+37 1.009510879439870012e+06
1.511936500412411988e+01 7.200903252681680470e+37 1.009502283959890017e+06
1.535293580096913502e+01 7.169735431136759606e+37 1.009494602755520027e+06
1.556225754486513324e+01 7.141443639070929860e+37 1.009487720419929945e+06
1.575067345591378398e+01 7.115604549072489562e+37 1.009481522757160012e+06
1.591972646056092344e+01 7.092223760013989979e+37 1.009475957461789949e+06
1.607192058247164823e+01 7.070920836015790108e+37 1.009470942864289973e+06
1.620860572328092530e+01 7.051636922760759552e+37 1.009466433216730016e+06
1.633120320731541142e+01 7.034212074237319938e+37 1.009462384002060047e+06
1.644111391238402575e+01 7.018474506763889968e+37 1.009458749345820048e+06
1.653987982106627896e+01 7.004200655358959725e+37 1.009455477195159998e+06
1.663054346252465621e+01 6.990797984310399796e+37 1.009452464625810040e+06
1.671895647142082453e+01 6.977031629471690067e+37 1.009449503848689958e+06
1.683206189924385399e+01 6.956091797587440359e+37 1.009445621541399974e+06
1.700606035810778849e+01 6.918391600590239933e+37 1.009439431722400011e+06
1.719636134442407638e+01 6.880303939840889773e+37 1.009432514313869993e+06
1.736567800128250383e+01 6.850671793493080075e+37 1.009426377387859975e+06
1.751874518362456001e+01 6.824698903577100118e+37 1.009420895504259970e+06
1.765632527673733421e+01 6.801680384137030235e+37 1.009416013886729954e+06
1.777989617630373687e+01 6.781073147824520218e+37 1.009411660493199946e+06
1.789070080989040434e+01 6.762602069362820194e+37 1.009407775625830051e+06
1.799150846691918559e+01 6.745623089123440391e+37 1.009404252113580005e+06
1.808617344562662765e+01 6.729292651529680105e+37 1.009400941210270044e+06
1.818699406436644495e+01 6.710453450390470127e+37 1.009397376426210045e+06
1.838762709565344267e+01 6.661535115014630194e+37 1.009390028614580049e+06
1.857588580949231982e+01 6.623946528048470058e+37 1.009383036848410033e+06
1.877959774152259342e+01 6.582535721880470057e+37 1.009375556261559948e+06
1.896366857452085242e+01 6.548793048755280244e+37 1.009368880548969959e+06
1.912951171750319190e+01 6.519336819068439892e+37 1.009362965590419946e+06
1.927888838172657415e+01 6.493144228173340253e+37 1.009357704680050025e+06
1.941337055497569963e+01 6.469704350798320469e+37 1.009353014232020010e+06
1.953417072907905094e+01 6.448738556260019952e+37 1.009348830760760000e+06
1.964410505941486917e+01 6.429550219198670201e+37 1.009345040966629982e+06
1.974704173850477673e+01 6.411252152770090068e+37 1.009341498606160050e+06
1.985420638934010640e+01 6.390925869563840454e+37 1.009337779713370022e+06
2.006746404449222609e+01 6.338618849433729852e+37 1.009330124012849992e+06
2.026008214140892960e+01 6.301009692761729962e+37 1.009323156298190006e+06
2.043565416237106547e+01 6.268409397089149786e+37 1.009316915902510053e+06
2.059397978684864938e+01 6.239771570476900439e+37 1.009311370213359944e+06
2.073677872031112202e+01 6.214187778030140238e+37 1.009306427493200055e+06
2.086567648459458724e+01 6.191202809707079583e+37 1.009302006144830026e+06
2.098286331200506538e+01 6.170292557330410089e+37 1.009298011535629979e+06
2.109253281753626652e+01 6.150427133731129699e+37 1.009294285174150020e+06
2.120581954391673207e+01 6.128697582293639549e+37 1.009290412476280006e+06
2.142554235181887634e+01 6.075143541647230090e+37 1.009282666267120047e+06
2.162256976208300330e+01 6.037165350854840366e+37 1.009275708728360012e+06
2.182173931825673208e+01 5.998554602559079831e+37 1.009268811596379965e+06
2.200157822182518430e+01 5.966167212647339980e+37 1.009262687292290037e+06
2.216408249220694415e+01 5.937551658759020385e+37 1.009257247091630008e+06
2.231096893880749121e+01 5.911998540419629706e+37 1.009252394804080017e+06
2.244379945905529894e+01 5.889069531203620137e+37 1.009248052083709976e+06
2.256585763921611942e+01 5.867930752699600031e+37 1.009244089725089958e+06
2.268264926175470464e+01 5.847268636778350020e+37 1.009240308187010000e+06
2.281366354034980759e+01 5.821943787959060016e+37 1.009236015263939975e+06
2.307089152894332074e+01 5.761212216655430028e+37 1.009227350804439979e+06
2.328071275990805589e+01 5.725476463182239585e+37 1.009220374544780003e+06
2.349022280127974227e+01 5.688020369444089749e+37 1.009213597528149956e+06
2.367945535728358664e+01 5.656292850933959727e+37 1.009207588941880036e+06
2.385084269713843241e+01 5.628077831267690109e+37 1.009202240723469993e+06
2.400615073155495338e+01 5.602801338501370148e+37 1.009197458801529952e+06
2.414715107006486505e+01 5.580021480913819808e+37 1.009193160477870028e+06
2.427756571391364560e+01 5.558846030670100451e+37 1.009189212388710002e+06
2.440358494501560926e+01 5.537878333159869946e+37 1.009185403087379993e+06
2.455061816395027563e+01 5.510669053434339894e+37 1.009180890656059957e+06
2.482508535371744074e+01 5.450521285851640183e+37 1.009172248652469949e+06
2.504600145670701750e+01 5.416509981797769757e+37 1.009165434329090058e+06
2.527398588656797074e+01 5.378291156071249653e+37 1.009158596398000023e+06
2.547983218435547315e+01 5.346516849623250077e+37 1.009152542227240046e+06
2.566679366532480344e+01 5.318170585849090256e+37 1.009147142429069965e+06
2.583661902174935676e+01 5.292708983699410114e+37 1.009142303589390009e+06
2.599088783387560397e+01 5.269754422564730370e+37 1.009137950965679949e+06
2.613359344290802255e+01 5.248389456596500468e+37 1.009133950731949997e+06
2.627011901329387911e+01 5.227526793870349607e+37 1.009130130290979985e+06
2.641970699766534381e+01 5.202608174319340352e+37 1.009125887380809989e+06
2.667620293240179308e+01 5.151316705469770133e+37 1.009118399213260040e+06
2.690115157008403912e+01 5.117300897293170164e+37 1.009111923967050039e+06
2.710991953575285152e+01 5.086165458075699621e+37 1.009106059813420055e+06
2.729960840765852481e+01 5.058550138227439912e+37 1.009100821116809966e+06
2.747239612578414381e+01 5.033560609862899973e+37 1.009096108833360020e+06
2.763044132373761386e+01 5.010752702342240164e+37 1.009091835513529950e+06
2.777837399466079660e+01 4.989148234769449543e+37 1.009087853866050020e+06
2.792504754808032885e+01 4.966896698673880138e+37 1.009083895450570039e+06
2.811547193065052852e+01 4.933448802079590296e+37 1.009078629194210051e+06
2.832297805041889660e+01 4.898865057628039768e+37 1.009072845120050013e+06
2.851105665430077352e+01 4.870918166831530177e+37 1.009067668542249943e+06
2.868227559418301098e+01 4.846014919886260295e+37 1.009063025840610033e+06
2.884067407625843771e+01 4.822925063260670215e+37 1.009058773051940021e+06
2.899213354181847535e+01 4.800434870021500338e+37 1.009054725493569975e+06
2.915377369313500822e+01 4.774707858983610200e+37 1.009050364828919992e+06
2.934120063571026549e+01 4.743020055284999902e+37 1.009045227546859998e+06
2.951259085987112485e+01 4.717046480298269532e+37 1.009040546285760007e+06
2.967213681951398030e+01 4.693103856599340165e+37 1.009036231437679962e+06
2.982756500790128484e+01 4.669300607748860178e+37 1.009032047104959958e+06
3.000753908671322279e+01 4.639021329751840341e+37 1.009027138736070017e+06
3.024511858326150104e+01 4.596734676482329575e+37 1.009020597333339974e+06
3.045852827941416763e+01 4.565419004180900178e+37 1.009014834584370023e+06
3.065312922454904765e+01 4.537756377943480178e+37 1.009009708958209958e+06
3.065314713912084699e+01 4.558955922680190105e+37 1.009577247920259950e+06
3.065315262819058262e+01 4.559726456420129802e+37 1.009584762529290048e+06
3.065316355144022964e+01 4.559069176228709747e+37 1.009582323766730027e+06
3.065317948776646517e+01 4.559101957760729733e+37 1.009582823238480021e+06
3.065319816739065573e+01 4.559102872417450125e+37 1.009584006935970043e+06
3.065322026374633424e+01 4.559099630838990042e+37 1.009585318414630019e+06
3.065324658399913460e+01 4.559098750837569535e+37 1.009586807557779946e+06
3.065327799317310564e+01 4.559097709899430283e+37 1.009588475212719990e+06
3.065331617457559332e+01 4.559096487964359924e+37 1.009590368781969999e+06
3.065336276582092978e+01 4.559095075229670112e+37 1.009592486993390019e+06
3.065342057609814219e+01 4.559093416661970055e+37 1.009594842486890033e+06
3.065349376908852719e+01 4.559091466380879626e+37 1.009597438446699991e+06
3.065357751655392349e+01 4.559089630677430026e+37 1.009599944350589998e+06
3.065366437216289341e+01 4.559088137834529760e+37 1.009602129626929993e+06
3.065375487864366733e+01 4.559086750162049946e+37 1.009604005844400031e+06
3.065385162955499254e+01 4.559085379475289575e+37 1.009605660519180004e+06
3.065395505857304670e+01 4.559084095090009962e+37 1.009607084966739989e+06
3.065406907888245769e+01 4.559082782893610043e+37 1.009608331332279951e+06
3.065419738029595464e+01 4.559081449353330103e+37 1.009609419112810050e+06
3.065434653009288013e+01 4.559080016339319568e+37 1.009610387727870024e+06
3.065452391328290105e+01 4.559078484930239668e+37 1.009611208681070013e+06
3.065475825063185766e+01 4.559076258883829889e+37 1.009611952520100051e+06
3.065509461265173741e+01 4.559072926735749995e+37 1.009612630701230024e+06
3.065568001300562173e+01 4.559065579598350237e+37 1.009613345225550001e+06
3.065684495973982848e+01 4.559047887726050137e+37 1.009614388751819963e+06
3.065916320373071358e+01 4.558999832129099928e+37 1.009616593326700036e+06
3.066377650926006027e+01 4.558697105325429780e+37 1.009621820483749965e+06
3.067295698725502007e+01 4.556103295454309863e+37 1.009633913363880012e+06
3.069122613844228908e+01 4.542189497915049662e+37 1.009659085062030004e+06
3.072758174929185770e+01 4.500586916640760163e+37 1.009702979544269969e+06
3.079992941487580538e+01 4.427378907370220208e+37 1.009764179733150057e+06
3.091431305697187781e+01 4.356582584161220321e+37 1.009821898483520024e+06
3.108065857630572282e+01 4.305638904108299540e+37 1.009865800138500053e+06
3.124770835510571487e+01 4.281573812823289774e+37 1.009889201324069989e+06
3.150885528721846640e+01 4.254866446348210373e+37 1.009902707960169995e+06
3.174639925413066521e+01 4.241257404920369885e+37 1.009905484588140040e+06
3.202993666371912695e+01 4.220365494674109794e+37 1.009901771132290014e+06
3.229004503102623858e+01 4.204242922506800198e+37 1.009895243777979980e+06
3.252682397744501941e+01 4.188737169912170037e+37 1.009887802932079998e+06
3.274409276613732800e+01 4.173275536701469791e+37 1.009880137257960043e+06
3.294277543816133402e+01 4.158281592583920093e+37 1.009872632935910020e+06
3.312732865897123702e+01 4.143454754788029811e+37 1.009865332388089970e+06
3.330262488231528550e+01 4.128479462034640163e+37 1.009858144621490035e+06
3.348269074142444879e+01 4.111361458130249787e+37 1.009850471261610044e+06
3.375539474794641137e+01 4.077651284811909797e+37 1.009837883635720005e+06
3.400050890818238258e+01 4.054068081313880123e+37 1.009826449770519976e+06
3.422443049476714805e+01 4.032671049541479978e+37 1.009816073677710025e+06
3.443004991704947315e+01 4.012791975649680177e+37 1.009806610533609986e+06
3.462060654305969365e+01 3.994058020483669912e+37 1.009797875597230042e+06
3.480275786246056668e+01 3.975554564560740193e+37 1.009789524659510003e+06
3.499212583940243348e+01 3.954830531224690195e+37 1.009780750895980047e+06
3.521698854168062098e+01 3.927449265269719810e+37 1.009770051642440027e+06
3.542286744731245562e+01 3.905364759043910033e+37 1.009760261880249949e+06
3.561475003664963879e+01 3.884874337838869848e+37 1.009751208570630057e+06
3.580028396294801496e+01 3.864594094759250033e+37 1.009742498205760028e+06
3.600144191281287931e+01 3.840770835576389774e+37 1.009732976444959990e+06
3.629171917095663957e+01 3.801673972552190015e+37 1.009718851015130058e+06
3.655262403312372044e+01 3.774022228078660165e+37 1.009706438916350016e+06
3.679091266260365956e+01 3.749489713166290206e+37 1.009695431806870038e+06
3.700993763076257892e+01 3.727152173297470020e+37 1.009685552654979983e+06
3.721298650599783286e+01 3.706525155539860005e+37 1.009676557055130019e+06
3.740710305530228652e+01 3.686549461565999772e+37 1.009668058872409980e+06
3.760658814708585851e+01 3.665048960334410235e+37 1.009659343126420048e+06
3.790179272697423585e+01 3.627260697660769947e+37 1.009646050175669952e+06
3.816688242883537896e+01 3.600729468683150143e+37 1.009634377018759958e+06
3.847003646034863777e+01 3.567454010494370103e+37 1.009621250221249997e+06
3.874492939314222895e+01 3.541669846514849861e+37 1.009609742032620008e+06
3.899617288500303403e+01 3.518590700211140184e+37 1.009599537097449997e+06
3.922741607265197672e+01 3.497448353095390158e+37 1.009590347985259956e+06
3.944205441980739124e+01 3.477824937230619837e+37 1.009581947756440029e+06
3.964710938118514605e+01 3.458755099481640123e+37 1.009573992444760050e+06
3.985680424238671549e+01 3.438269234152079999e+37 1.009565848165550036e+06
4.014309049563598819e+01 3.405504531384760223e+37 1.009554374847059953e+06
4.042450099915731698e+01 3.377961387803090113e+37 1.009543196833939990e+06
4.075437677648733370e+01 3.343874443515319830e+37 1.009530223934320034e+06
4.105700513365445659e+01 3.317404918755050037e+37 1.009518723126300029e+06
4.133305982532328926e+01 3.293855616760560082e+37 1.009508547528519994e+06
4.158641818762407638e+01 3.272263219412100098e+37 1.009499401964550023e+06
4.182103510375600308e+01 3.252163003887870073e+37 1.009491042203639983e+06
4.204200496693374589e+01 3.232994152617469897e+37 1.009483225795299979e+06
4.225908593263011426e+01 3.213526153077790030e+37 1.009475548247699975e+06
4.249986448045819998e+01 3.189820005202090080e+37 1.009466880053599947e+06
4.276713959264452569e+01 3.162761953718700110e+37 1.009457079308629967e+06
4.301194143711472861e+01 3.140533725919500046e+37 1.009448183408829966e+06
4.324161011859541759e+01 3.119609878799689890e+37 1.009439928241390036e+06
4.346318056163727306e+01 3.099098760681080017e+37 1.009432014999049949e+06
4.369463421194814146e+01 3.076544136508300170e+37 1.009423716491859988e+06
4.397472468955675140e+01 3.046562080371529905e+37 1.009413435282489983e+06
4.423070322221610695e+01 3.022732600977289818e+37 1.009404144189310027e+06
4.446881121429032646e+01 3.000736889856380039e+37 1.009395633444970008e+06
4.469694313799845986e+01 2.979454319422719877e+37 1.009387565634289989e+06
4.492742838186677545e+01 2.957382344260040061e+37 1.009379444335859967e+06
4.520832337363390252e+01 2.927678002485989829e+37 1.009369365746579948e+06
4.546584436020930298e+01 2.903638202353030101e+37 1.009360206490990007e+06
4.570586956420447677e+01 2.881376056969979813e+37 1.009351795539799961e+06
4.593731356709031388e+01 2.859738508367190028e+37 1.009343771650610026e+06
4.617507675860542804e+01 2.836933744107640227e+37 1.009335560446609976e+06
4.646022559236735106e+01 2.807350461310810175e+37 1.009325565904489951e+06
4.672165840145316906e+01 2.783339693796650123e+37 1.009316516030180035e+06
4.696554289929918014e+01 2.761212529738679831e+37 1.009308222607659991e+06
4.720119101426098496e+01 2.739798885820459844e+37 1.009300320032550022e+06
4.744407599465921521e+01 2.717291150229590230e+37 1.009292232967389980e+06
4.775616856338456273e+01 2.685579838894029864e+37 1.009281691425750032e+06
4.806100889397202991e+01 2.658371005104959810e+37 1.009271580067220028e+06
4.842944520944729447e+01 2.624337450061140180e+37 1.009259613824789994e+06
4.883642489492194727e+01 2.590506583908400079e+37 1.009246920162689989e+06
4.920079065309255384e+01 2.564773482197700196e+37 1.009236165712420014e+06
4.953023992842645384e+01 2.541892904930180210e+37 1.009226813365740003e+06
4.983040591521421447e+01 2.521221660911569803e+37 1.009218504942690022e+06
5.010584770259447396e+01 2.502371408814880140e+37 1.009211007236100035e+06
5.036492088876548223e+01 2.484498247082949954e+37 1.009204026038559969e+06
5.061534980763099156e+01 2.466974576523200022e+37 1.009197307063100045e+06
5.087624642282025889e+01 2.447819298799760055e+37 1.009190269922479987e+06
5.121416418155422434e+01 2.419795288207460055e+37 1.009180858066800050e+06
5.156186598594649695e+01 2.393772577016130191e+37 1.009171217454890022e+06
5.194421639316715300e+01 2.365426456938920051e+37 1.009160794852119987e+06
5.228864226563018747e+01 2.343306271842450091e+37 1.009151743368939962e+06
5.260208420446724631e+01 2.323413065440300128e+37 1.009143731998739997e+06
5.288995641542715020e+01 2.305180809465829832e+37 1.009136502909490024e+06
5.316086845015524887e+01 2.287848910173819775e+37 1.009129766679559951e+06
5.342418602283578366e+01 2.270709829435679933e+37 1.009123243497680058e+06
5.369951763498829678e+01 2.251915642129050133e+37 1.009116377178000053e+06
5.406036469186074100e+01 2.224043552352299905e+37 1.009107061502230004e+06
5.441122732049552724e+01 2.200171249092949988e+37 1.009098069248760003e+06
5.473047237409627996e+01 2.179703599453659783e+37 1.009090072479640017e+06
5.502427341978182085e+01 2.161061006761990160e+37 1.009082848999300040e+06
5.530185796797741205e+01 2.143380031122569936e+37 1.009076105104709975e+06
5.557410069211618975e+01 2.125769855941849928e+37 1.009069524407270015e+06
5.586517532414291054e+01 2.106006012069699996e+37 1.009062443712870008e+06
5.620818185026291758e+01 2.080999111103019964e+37 1.009053893422789988e+06
5.652074393091606908e+01 2.060552871370869953e+37 1.009046166702529998e+06
5.681182337980135344e+01 2.041636026977460023e+37 1.009039071481509949e+06
5.709056154469726607e+01 2.023547047617990118e+37 1.009032348917840049e+06
5.737408641463844106e+01 2.004758116612849926e+37 1.009025534792830003e+06
5.770765605001361109e+01 1.980994235645109911e+37 1.009017395633570035e+06
5.805068716206005774e+01 1.957348271373939922e+37 1.009008978731289972e+06
5.836547058704309165e+01 1.937228840502940022e+37 1.009001397649909952e+06
5.866041515866527334e+01 1.918656688527959885e+37 1.008994421937930048e+06
5.894651430551311933e+01 1.900663712281230040e+37 1.008987742608390050e+06
5.924339126201812178e+01 1.881552150544120039e+37 1.008980837816530024e+06
5.961948632003623061e+01 1.855119381427510059e+37 1.008971915087640053e+06
5.996666653599822894e+01 1.833341729090660008e+37 1.008963759362949990e+06
6.028569355237414129e+01 1.813876485989079944e+37 1.008956417845529970e+06
6.058613651592168026e+01 1.795760972278259887e+37 1.008949618724260014e+06
6.088040488085243851e+01 1.778014506900660038e+37 1.008943034843069967e+06
6.119413155713118613e+01 1.758518716437859995e+37 1.008936023733149981e+06
6.159278192927013151e+01 1.731789930789249965e+37 1.008926931359029957e+06
6.195330989442300051e+01 1.710517242148310065e+37 1.008918836949869990e+06
6.228460853782598861e+01 1.691379039941080045e+37 1.008911560428039986e+06
6.259673045351519249e+01 1.673623062381020095e+37 1.008904828858410008e+06
6.290204032737528905e+01 1.656297405339290076e+37 1.008898325369519996e+06
6.322475523440516554e+01 1.637526767428120110e+37 1.008891469874460017e+06
6.366279044136172161e+01 1.609602539894869908e+37 1.008881949176130001e+06
6.406930967053631321e+01 1.586944394150310073e+37 1.008873268514079973e+06
6.443947792905964889e+01 1.567221292634099974e+37 1.008865584266950027e+06
6.478100090657244436e+01 1.549465733686859926e+37 1.008858658239500015e+06
6.510507531111943536e+01 1.532802084841579970e+37 1.008852199793359963e+06
6.542581284799962305e+01 1.516219476390860004e+37 1.008845868387819966e+06
6.577576773104374297e+01 1.497384555118109945e+37 1.008838935805930058e+06
6.624234337490634061e+01 1.470287390232359897e+37 1.008829465192659991e+06
6.666318631509784609e+01 1.449027958668890006e+37 1.008821095005539944e+06
6.704761380920535885e+01 1.430197840302829926e+37 1.008813647295000032e+06
6.740448524031671695e+01 1.413136391227130078e+37 1.008806883326489944e+06
6.774530873162439093e+01 1.396989598157160080e+37 1.008800522125590011e+06
6.808681768184760585e+01 1.380682561843449941e+37 1.008794198198340018e+06
6.846745919925160706e+01 1.361637002863780042e+37 1.008787095775490045e+06
6.907425172123475932e+01 1.328332606132849951e+37 1.008775429139139946e+06
6.961648801856790669e+01 1.304555169852189915e+37 1.008765482184130000e+06
7.010691623704042286e+01 1.283758284342680041e+37 1.008756832111499971e+06
7.055266866742749698e+01 1.265387136824989904e+37 1.008749193143139943e+06
7.096189367637271062e+01 1.248832061629249923e+37 1.008742320199299953e+06
7.134528321604011580e+01 1.233430962607750001e+37 1.008735966496239998e+06
7.171672469147597440e+01 1.218411309918610038e+37 1.008729848637609975e+06
7.209818538991385140e+01 1.202586697492500011e+37 1.008723548442499945e+06
7.255341193021740764e+01 1.182212503349879919e+37 1.008715840434859972e+06
7.325275032970239408e+01 1.149441601399199896e+37 1.008703708025090047e+06
7.388352915382711217e+01 1.125394330470460012e+37 1.008693289122020011e+06
7.445446292794076726e+01 1.104278376518940100e+37 1.008684196384879993e+06
7.497420901886653155e+01 1.085456556151320085e+37 1.008676116903119953e+06
7.545175470068352297e+01 1.068380666726719940e+37 1.008668808396429988e+06
7.589583247093833052e+01 1.052574075212390004e+37 1.008662073484000051e+06
7.632240998526685871e+01 1.037266882558710057e+37 1.008655624264640035e+06
7.674966072253300808e+01 1.021699386022819960e+37 1.008649147889769985e+06
7.721878874153480865e+01 1.003827194154570004e+37 1.008641924858879996e+06
7.798840613933862187e+01 9.720355674187590080e+36 1.008629647881150013e+06
7.872659027684130706e+01 9.453212639408510305e+36 1.008618159636029974e+06
7.949102825249428861e+01 9.186107925691389475e+36 1.008606619313010015e+06
8.018990258476696908e+01 8.956879775088569768e+36 1.008596373977020034e+06
8.083415007052826695e+01 8.747053257494990205e+36 1.008587068638609955e+06
8.143212151830084622e+01 8.554450894706519883e+36 1.008578519183219993e+06
8.199366565322270617e+01 8.373927933515449532e+36 1.008570523510689964e+06
8.253018727063317783e+01 8.200809198250970089e+36 1.008562881543489988e+06
8.306285346497315913e+01 8.027560503676360115e+36 1.008555269514410058e+06
8.362705808764440008e+01 7.840266936302559739e+36 1.008547123753919965e+06
8.435428756309556775e+01 7.584576628919960526e+36 1.008536302638189984e+06
8.517392386335995980e+01 7.302656642539510260e+36 1.008524013630119967e+06
8.596058505517430604e+01 7.056660708091230587e+36 1.008512569986989954e+06
8.670801077937358059e+01 6.826042687594389442e+36 1.008501836235100054e+06
8.742393588324193843e+01 6.610875308597860441e+36 1.008491698207480018e+06
8.812480922773829661e+01 6.400464970704010393e+36 1.008481795265230001e+06
8.883043774930411018e+01 6.192116178000420515e+36 1.008471873479409958e+06
8.958283151127398014e+01 5.969943012816779449e+36 1.008461269318409963e+06
9.056024655280634761e+01 5.679716486807229438e+36 1.008447380065710051e+06
9.155869769479613751e+01 5.394527317940370357e+36 1.008433262048340053e+06
9.279521870941971429e+01 5.066805450258390192e+36 1.008416338443020009e+06
9.402013044018531218e+01 4.765163955197219962e+36 1.008400073793280055e+06
9.525107121601467952e+01 4.477732249807499720e+36 1.008384157991810003e+06
9.651659494265913963e+01 4.200212814323550105e+36 1.008368258537749993e+06
9.784193037945078686e+01 3.930664032392350145e+36 1.008352177232800052e+06
9.926390365255065262e+01 3.664560991771870117e+36 1.008335610197399976e+06
