# time luminosity radius
-2.016344780422514305e+01 4.802285960966840115e+35 1.008319439911199966e+06
-1.967601839642156847e+01 4.802720454875289739e+35 1.008322639269590029e+06
-1.915908368694363162e+01 4.812225628406809648e+35 1.008325172313029994e+06
-1.859538240131223574e+01 4.833539207591320047e+35 1.008327271174289985e+06
-1.796176662939251401e+01 4.869533507736220151e+35 1.008329131190689979e+06
-1.724184251087717712e+01 4.923297864443249849e+35 1.008330875354400021e+06
-1.639992923621321097e+01 5.000851079444839765e+35 1.008332703466029954e+06
-1.540132281914702617e+01 5.111569934335360225e+35 1.008334868851279956e+06
-1.418854760582325980e+01 5.276438507503780309e+35 1.008337904681509943e+06
-1.301165729289641604e+01 5.474274124691169904e+35 1.008341706993630040e+06
-1.185476384978392161e+01 5.724478978193320271e+35 1.008347033466810011e+06
-1.100027459816192277e+01 5.957017184643369764e+35 1.008352557192769949e+06
-1.040485314288525842e+01 6.153906176540410090e+35 1.008357691520310007e+06
-9.958743361028609797e+00 6.327449804765789995e+35 1.008362628985889954e+06
-9.603627037082333118e+00 6.487917291995350280e+35 1.008367553237500018e+06
-9.306358713976806030e+00 6.643451231936819778e+35 1.008372572575500002e+06
-9.038268474861979485e+00 6.807045362838679587e+35 1.008378164910229971e+06
-9.014914397383108735e+00 6.820786501619920671e+35 1.008378667244110024e+06
-8.968439783173380420e+00 6.850461730056800564e+35 1.008379711086340016e+06
-8.900021101580932736e+00 6.895113984291630424e+35 1.008381339040599996e+06
-8.763867925241356716e+00 6.994386685380790264e+35 1.008385020184929948e+06
-8.750029924936825410e+00 7.004120315887939515e+35 1.008385400649879943e+06
-8.722492304339539260e+00 7.024906650575169547e+35 1.008386184918259969e+06
-8.667692439368693158e+00 7.067071044141329826e+35 1.008387838562899968e+06
-8.561093875003280118e+00 7.156461675598759937e+35 1.008391486817460041e+06
-8.481097436364507303e+00 7.227219764321240226e+35 1.008394498527260032e+06
-8.408016671397490427e+00 7.296204279072129797e+35 1.008397573281490011e+06
-8.361235512973507866e+00 7.342412868394429666e+35 1.008399674884409993e+06
-8.325078168854815885e+00 7.379130763346490045e+35 1.008401403448270052e+06
-8.298036593216238543e+00 7.407377105913359460e+35 1.008402752000760054e+06
-8.275509698432870209e+00 7.431286352261569833e+35 1.008403924154049950e+06
-8.256331936485366896e+00 7.452804368611539761e+35 1.008404956264590030e+06
-8.237759053678018972e+00 7.472405191959539947e+35 1.008405994570260053e+06
-8.216566594986943528e+00 7.497852015768480125e+35 1.008407232359939953e+06
-8.178539142070803791e+00 7.540377507140260263e+35 1.008409674120750045e+06
-8.142925373336765915e+00 7.584534738663290147e+35 1.008412180216940003e+06
-8.109741676424164325e+00 7.630368371115570061e+35 1.008414748101709993e+06
-8.081322941376129165e+00 7.662622866220050537e+35 1.008417173671349999e+06
-8.056764553359244019e+00 7.696761223954010210e+35 1.008419467484390014e+06
-8.032555155165027827e+00 7.727300856750060422e+35 1.008422042336459970e+06
-8.010438191355206072e+00 7.760793490967400450e+35 1.008424825787959970e+06
-7.991061711945803836e+00 7.787638566608849540e+35 1.008427536454210058e+06
-7.973245807253988460e+00 7.816578463849910547e+35 1.008430187525740010e+06
-7.963617113273357973e+00 7.827534032570109922e+35 1.008431658520219964e+06
-7.944456012250157073e+00 7.855741244249500354e+35 1.008434850171069964e+06
-7.926681998127605766e+00 7.885281697397189841e+35 1.008438005079390015e+06
-7.911057301796972752e+00 7.913950948572180617e+35 1.008441011556099984e+06
-7.895751630276208743e+00 7.935028984040849758e+35 1.008444038080779952e+06
-7.879672863666201010e+00 7.960373533675140574e+35 1.008447465235930053e+06
-7.865606486622709781e+00 7.991863232281859480e+35 1.008450639353199978e+06
-7.856827841955237091e+00 8.002008144236479878e+35 1.008452596646839986e+06
-7.846694818785181269e+00 8.020024449057400495e+35 1.008454955696479999e+06
-7.835843910666881129e+00 8.044264829126520655e+35 1.008457486814399948e+06
-7.824219275702489540e+00 8.068564605076920385e+35 1.008460223218639963e+06
-7.811814057989977300e+00 8.104458137307259369e+35 1.008463196292340057e+06
-7.798851065454073250e+00 8.146262648703969358e+35 1.008466333025250002e+06
-7.785463526903185993e+00 8.194747864862140468e+35 1.008469622728329967e+06
-7.771575803693849593e+00 8.271995745772249373e+35 1.008473091692149988e+06
-7.757279985642526299e+00 8.264876261966670482e+35 1.008476738468019990e+06
-7.742510471405694261e+00 8.586100301385790466e+35 1.008480678925969987e+06
-7.727256239886628464e+00 8.935915788594810215e+35 1.008484838182760053e+06
-7.711410976276965812e+00 9.552452842453559842e+35 1.008489280450519989e+06
-7.694971314020222053e+00 1.037549217710069939e+36 1.008494011416999972e+06
-7.677363823866471648e+00 1.145345904517939930e+36 1.008499230600339943e+06
-7.658612164348596707e+00 1.355712641891820137e+36 1.008504996938970056e+06
-7.638440085254842415e+00 1.908541190408620054e+36 1.008511643852320034e+06
-7.616166715102735907e+00 2.581364908547199969e+36 1.008519298155350029e+06
-7.593153542518848553e+00 2.854716493844540061e+36 1.008527559088269947e+06
-7.570746298239100724e+00 3.235851612917710198e+36 1.008535985069039976e+06
-7.549095517460955307e+00 3.773836422686930167e+36 1.008544580723120016e+06
-7.527881654677912593e+00 4.205485587738199975e+36 1.008553486496609985e+06
-7.507296415831660852e+00 6.295377003624239770e+36 1.008563141686819959e+06
-7.489412573166191578e+00 6.230151416387099972e+36 1.008571747771700029e+06
-7.469729554781224579e+00 6.475182855612310443e+36 1.008581665213720058e+06
-7.450709128344897181e+00 6.774983065597079436e+36 1.008591768829880049e+06
-7.431982330424943939e+00 7.267753093739750272e+36 1.008602309097880032e+06
-7.414815273747080937e+00 7.616992799811909971e+36 1.008612384593270021e+06
-7.399348662729607895e+00 7.958732551885920458e+36 1.008621786315319943e+06
-7.385169134067837149e+00 8.286476148608669535e+36 1.008630721476229955e+06
-7.371927736530778930e+00 8.609177266074129820e+36 1.008639373823659960e+06
-7.359559914912097156e+00 8.922048952339340262e+36 1.008647723473699996e+06
-7.347673846961697564e+00 9.236152573405219938e+36 1.008655993908109958e+06
-7.336279631796060130e+00 9.549669932121049712e+36 1.008664149872299982e+06
-7.325183228473179042e+00 1.006745569761889983e+37 1.008672412234549993e+06
-7.314201043162029237e+00 1.041779912080729978e+37 1.008680826990779955e+06
-7.303155976842390373e+00 1.077278251196170030e+37 1.008689539604660007e+06
-7.291902487981133163e+00 1.114351790781690056e+37 1.008698687262470019e+06
-7.280207387026166543e+00 1.153841014471600051e+37 1.008708487957449979e+06
-7.268057572364341468e+00 1.195867956550150077e+37 1.008718990529909963e+06
-7.256625925045227632e+00 1.236457187036510066e+37 1.008729157913109986e+06
-7.245517673727590591e+00 1.276375577652289903e+37 1.008739312732200022e+06
-7.234824958548415452e+00 1.315600040516999941e+37 1.008749347182509955e+06
-7.224399384314892814e+00 1.353810681555049930e+37 1.008759380298629985e+06
-7.214081446320051327e+00 1.392433335777679886e+37 1.008769560548459995e+06
-7.203765366750303656e+00 1.430980008700830026e+37 1.008779991470089997e+06
-7.193438954534940422e+00 1.470264311877880102e+37 1.008790689906059997e+06
-7.183046507008839399e+00 1.509719245667959931e+37 1.008801718415000010e+06
-7.172484360577072948e+00 1.550112690017289985e+37 1.008813201479490031e+06
-7.161635437631048262e+00 1.591204780624090039e+37 1.008825287956799963e+06
-7.150140310317510739e+00 1.634299453975599954e+37 1.008838429028450046e+06
-7.138462777365930378e+00 1.677553464851100042e+37 1.008852135065449984e+06
-7.127035531564615667e+00 1.719247647319580050e+37 1.008865899644410005e+06
-7.115754456201102585e+00 1.759743913330379965e+37 1.008879831416439964e+06
-7.104587550740689039e+00 1.799071204565240108e+37 1.008893967913049972e+06
-7.093677555385511369e+00 1.836754246226250007e+37 1.008908105297210044e+06
-7.082947311457246542e+00 1.872931293693529889e+37 1.008922323545670020e+06
-7.072464425553334877e+00 1.907538019412260046e+37 1.008936520608810009e+06
-7.062197559658670798e+00 1.940604387871239967e+37 1.008950709188629990e+06
-7.052080192777793854e+00 1.972476524551240096e+37 1.008964965138820000e+06
-7.042080021521542221e+00 2.003152318897259951e+37 1.008979320894189994e+06
-7.032102408789796755e+00 2.033096700611539990e+37 1.008993900081060012e+06
-7.022172401484567672e+00 2.062168593629440045e+37 1.009008656840950018e+06
-7.012227010534843430e+00 2.090535698145210003e+37 1.009023678031840012e+06
-7.002239866065792739e+00 2.118336125980930001e+37 1.009038995818249998e+06
-6.992015288706170395e+00 2.146171008234400102e+37 1.009054911727529950e+06
-6.981592311873100698e+00 2.173811619439710139e+37 1.009071364929110045e+06
-6.970884340407792479e+00 2.201438152072939769e+37 1.009088500330680050e+06
-6.959821020805975422e+00 2.229209862527229860e+37 1.009106416918560048e+06
-6.948309090803377330e+00 2.257459067923370156e+37 1.009125266241270001e+06
-6.936220087693072855e+00 2.288757937226629840e+37 1.009145272442279966e+06
-6.923482949525350705e+00 2.311161878103430079e+37 1.009166492390049971e+06
-6.910010690160561353e+00 2.343077424111070164e+37 1.009189060226500034e+06
-6.895365384814795107e+00 2.382994159389889916e+37 1.009213705177690019e+06
-6.880372841405915096e+00 2.427375580516660076e+37 1.009239019552969956e+06
-6.865154467493994161e+00 2.517479640895379804e+37 1.009264792502430035e+06
-6.849726949323667213e+00 2.606360996297610033e+37 1.009290993953219964e+06
-6.833871337585151196e+00 2.658797760556199980e+37 1.009317932563690003e+06
-6.818330303794937208e+00 2.767033097738690140e+37 1.009344339266609983e+06
-6.802981675602495670e+00 2.837986608495500050e+37 1.009370380052270018e+06
-6.787810807349160314e+00 2.958402800022529897e+37 1.009396076762479963e+06
-6.772700307337800041e+00 3.035995559633439973e+37 1.009421601783160004e+06
-6.757606422412209213e+00 3.128622340255319818e+37 1.009447029732609983e+06
-6.742475914361421019e+00 3.221085392573239884e+37 1.009472415892240009e+06
-6.727857690711971372e+00 3.300934738119870061e+37 1.009496852615860058e+06
-6.713760378246661276e+00 3.375257489780169880e+37 1.009520337341150036e+06
-6.699223029077984393e+00 3.457522302590200079e+37 1.009544473953359993e+06
-6.684450579661643133e+00 3.536819709158619952e+37 1.009568886707060039e+06
-6.667212083470076323e+00 3.626469542027180161e+37 1.009597175931719947e+06
-6.649193619203288108e+00 3.719969266910589907e+37 1.009626511459999951e+06
-6.628935813409043476e+00 3.826523525914260062e+37 1.009659232331200037e+06
-6.608752430533058941e+00 3.935324175915129931e+37 1.009691554291330045e+06
-6.588522112811915576e+00 4.046991581220269899e+37 1.009723676851780037e+06
-6.568251282325945795e+00 4.160956143499460171e+37 1.009755584598639980e+06
-6.547878649347694591e+00 4.277128637780350163e+37 1.009787381976749981e+06
-6.527413094445364550e+00 4.395144472612199901e+37 1.009819072154790047e+06
-6.506874370941659436e+00 4.514793670855029962e+37 1.009850619576510042e+06
-6.486270550609333441e+00 4.635773814177540307e+37 1.009882012000230025e+06
-6.465602206619223580e+00 4.757841981783510448e+37 1.009913256711189984e+06
-6.444813307520234957e+00 4.880993295332190366e+37 1.009944439767439966e+06
-6.423912233236478642e+00 5.004837916877859558e+37 1.009975552133230027e+06
-6.402840638096677139e+00 5.129405404904899958e+37 1.010006682559630019e+06
-6.381610466720303521e+00 5.254300697923520029e+37 1.010037814971440006e+06
-6.360218996036564931e+00 5.379250971432879876e+37 1.010068947976229945e+06
-6.338700299151241779e+00 5.503790878030430277e+37 1.010100032541890047e+06
-6.317055669554974884e+00 5.627697964467740237e+37 1.010131069833009969e+06
-6.295230779680423439e+00 5.751046022527979713e+37 1.010162131857409957e+06
-6.273232618899783120e+00 5.873593055514129953e+37 1.010193193556310027e+06
-6.251002257835352793e+00 5.995471676856750083e+37 1.010224327907740022e+06
-6.228547752223676071e+00 6.116468758963480462e+37 1.010255510951659991e+06
-6.205859352718107402e+00 6.236424212298029546e+37 1.010286754270110046e+06
-6.182983174541732296e+00 6.354945652819439579e+37 1.010317973999880021e+06
-6.159915486496174708e+00 6.471940542852480242e+37 1.010349162806020002e+06
-6.136595718882745132e+00 6.587553984885559815e+37 1.010380390793020022e+06
-6.113024062447948381e+00 6.701673793449259633e+37 1.010411639558359981e+06
-6.089132602704921737e+00 6.814381111354199747e+37 1.010442984485329944e+06
-6.064926765888230875e+00 6.925572843169189826e+37 1.010474396682459977e+06
-6.040504448203137144e+00 7.034682650219900144e+37 1.010505735137569951e+06
-6.015796710882568732e+00 7.141903967386559994e+37 1.010537069820620003e+06
-5.990793742937967181e+00 7.247154130700040228e+37 1.010568395659239963e+06
-5.965420611988520250e+00 7.350602955939329685e+37 1.010599787932969979e+06
-5.939664780482416973e+00 7.452166233875280414e+37 1.010631237921969965e+06
-5.913625791203230619e+00 7.551410323845339860e+37 1.010662604465609998e+06
-5.887237047776579857e+00 7.648467565769690072e+37 1.010693948529200046e+06
-5.860474520886782557e+00 7.743348561693469800e+37 1.010725276786440052e+06
-5.833246856927871704e+00 7.836292673166259867e+37 1.010756671052279999e+06
-5.805615099758142605e+00 7.926908214825520067e+37 1.010788034691710025e+06
-5.777615396975306794e+00 8.015067448583109755e+37 1.010819315304229967e+06
-5.749148265516851097e+00 8.101053957950690236e+37 1.010850583687460050e+06
-5.720170234300894663e+00 8.184861515093770422e+37 1.010881863756219973e+06
-5.690755474759498611e+00 8.266237566020419964e+37 1.010913049788390053e+06
-5.660860264440998435e+00 8.345275887527579623e+37 1.010944162731499993e+06
-5.630422900139819831e+00 8.422092866012989845e+37 1.010975238995280000e+06
-5.599448740802472457e+00 8.496582679804840394e+37 1.011006242492510006e+06
-5.567958276922581717e+00 8.568766163310350500e+37 1.011037125301150023e+06
-5.535868887847755104e+00 8.638751635931219721e+37 1.011067939534359961e+06
-5.503198663325747475e+00 8.706541762994679211e+37 1.011098638214539969e+06
-5.469940791954286397e+00 8.772181923490279490e+37 1.011129199458990013e+06
-5.435991224396275356e+00 8.835862278307929416e+37 1.011159688495790004e+06
-5.401464886643225327e+00 8.897429611398520290e+37 1.011189973439789959e+06
-5.366231945372419432e+00 8.957124238408869672e+37 1.011220140945510007e+06
-5.330305712472181767e+00 9.015008514345259675e+37 1.011250150258279988e+06
-5.293703348521376029e+00 9.071145688651559590e+37 1.011279961580700008e+06
-5.256316591752693057e+00 9.125757408700920339e+37 1.011309636780580040e+06
-5.218212349835084751e+00 9.178895941957730305e+37 1.011339099239710020e+06
-5.179267095285467803e+00 9.230792115936679421e+37 1.011368420949829975e+06
-5.139589400350814685e+00 9.281496623623279510e+37 1.011397501473229961e+06
-5.099034251994453371e+00 9.331291121746569681e+37 1.011426430667749955e+06
-5.057653748110169545e+00 9.380292788741139208e+37 1.011455157496390049e+06
-5.015384055906906724e+00 9.428765768300679889e+37 1.011483716423230013e+06
-4.972211211774265394e+00 9.476911095556710494e+37 1.011512110648639966e+06
-4.928147236147196963e+00 9.524905400603880556e+37 1.011540332942269975e+06
-4.883058836217969656e+00 9.573137291518019713e+37 1.011568471245780005e+06
-4.837042353203287348e+00 9.621713369030830660e+37 1.011596475463020033e+06
-4.790028794639511034e+00 9.670903423313629830e+37 1.011624406290660030e+06
-4.741919751977548003e+00 9.721180797634660635e+37 1.011652343521279981e+06
-4.692825622478267178e+00 9.772627861237619393e+37 1.011680253442669986e+06
-4.642672687245067209e+00 9.825599228045740215e+37 1.011708220603659982e+06
-4.591390962421428412e+00 9.880383633407110777e+37 1.011736332094119978e+06
-4.538923305575735867e+00 9.937462454987549768e+37 1.011764673133259988e+06
-4.485358307749265805e+00 9.996967020564779869e+37 1.011793262607960030e+06
-4.430639149300986901e+00 1.005920811764530048e+38 1.011822208117329981e+06
-4.374715037556597963e+00 1.012459460807240047e+38 1.011851619105890044e+06
-4.317537087423261255e+00 1.019341400608539984e+38 1.011881617044770042e+06
-4.259099551156396046e+00 1.026598463920580013e+38 1.011912308469790034e+06
-4.199311270058387890e+00 1.034267708700679964e+38 1.011943855511649977e+06
-4.138378439558437094e+00 1.042354095098250057e+38 1.011976270155249978e+06
-4.076107254106318578e+00 1.050897256918450034e+38 1.012009787749249954e+06
-4.012404585548210889e+00 1.059936766607799922e+38 1.012044597165670013e+06
-3.947493088257033378e+00 1.069461338397809949e+38 1.012080722131980001e+06
-3.881203329307027161e+00 1.079508227784020084e+38 1.012118407445600023e+06
-3.813444730127230287e+00 1.090105388294719910e+38 1.012157862601689994e+06
-3.744470311969053000e+00 1.101227987520549929e+38 1.012199095451629953e+06
-3.674004307569703087e+00 1.112912625282239962e+38 1.012242435011739959e+06
-3.602229481824906543e+00 1.125138683601779910e+38 1.012287928087180015e+06
-3.529074984573526308e+00 1.137908574129189928e+38 1.012335777050739969e+06
-3.454537914542015642e+00 1.151209541100440032e+38 1.012386143939960049e+06
-3.378626628720667213e+00 1.165023310794080005e+38 1.012439178715460002e+06
-3.301318212383193895e+00 1.179332331232219930e+38 1.012495046015079948e+06
-3.222687524365028366e+00 1.194097724759060055e+38 1.012553836069140001e+06
-3.142683607351500541e+00 1.209289323319920063e+38 1.012615723191780038e+06
-3.061285477713681757e+00 1.224875279269539962e+38 1.012680848697829992e+06
-2.978610714606475085e+00 1.240792011161829920e+38 1.012749230810850044e+06
-2.894495584798278287e+00 1.257013560600019949e+38 1.012821113602629979e+06
-2.809221464354777709e+00 1.273433062352150064e+38 1.012896338825889979e+06
-2.722611112898448482e+00 1.290032749180929977e+38 1.012975142183679971e+06
-2.634668927174061537e+00 1.306752318079479997e+38 1.013057586035819957e+06
-2.545556944183772430e+00 1.323499590750380015e+38 1.013143563796940027e+06
-2.455173240567091852e+00 1.340223881634210071e+38 1.013233207865720033e+06
-2.363521017949096859e+00 1.356848879090060035e+38 1.013326532440989977e+06
-2.270737692277180031e+00 1.373280893660589997e+38 1.013423388773089973e+06
-2.176777517452137545e+00 1.389474298804930022e+38 1.013523803006330039e+06
-2.081575367104960606e+00 1.405362427720129968e+38 1.013627804943370051e+06
-1.985138179938076064e+00 1.420881832343329979e+38 1.013735329036039999e+06
-1.887615272164111957e+00 1.435945529950229911e+38 1.013846122540059965e+06
-1.788957137207034975e+00 1.450488126744830077e+38 1.013960132847490022e+06
-1.689135078398976475e+00 1.464455693033409928e+38 1.014077258821420022e+06
-1.588134657766204327e+00 1.477794833162269936e+38 1.014197359764560009e+06
-1.485920013859868050e+00 1.490450357407450089e+38 1.014320290014180006e+06
-1.382500343956053257e+00 1.502369160917980081e+38 1.014445815684810048e+06
-1.277931193180847913e+00 1.513492059759570009e+38 1.014573630743580055e+06
-1.172171150887152180e+00 1.523775536838429975e+38 1.014703489171579946e+06
-1.065213722904445603e+00 1.533178701845659914e+38 1.014835071057350026e+06
-9.570054757932666689e-01 1.541663545396450084e+38 1.014968073154850048e+06
-8.475334728718735278e-01 1.549193919385930027e+38 1.015102103121510008e+06
-7.367391097650397569e-01 1.555736335964779942e+38 1.015236768321400043e+06
-6.278838475409429520e-01 1.561241506960360062e+38 1.015367715337769943e+06
-5.300176995806396008e-01 1.565682621578739957e+38 1.015484086356190033e+06
-4.415050965617410839e-01 1.569025150919579958e+38 1.015588074699359946e+06
-3.619670412444975227e-01 1.571521574788640011e+38 1.015680337355199968e+06
-2.905419006419833750e-01 1.573342645373440039e+38 1.015762118719190010e+06
-2.266966412425972521e-01 1.574644512480390030e+38 1.015834276914749993e+06
-1.698423172929324210e-01 1.575545539085629918e+38 1.015897721901590005e+06
-1.193972977052908391e-01 1.576142882063529945e+38 1.015953330002109986e+06
-7.474566675955429673e-02 1.576512504042499985e+38 1.016001983497599955e+06
-3.520306947757489979e-02 1.576711782569189979e+38 1.016044601640669978e+06
0.000000000000000000e+00 1.576781903819470091e+38 1.016082154684319976e+06
3.184055013116449118e-02 1.576745294403279944e+38 1.016115790738780051e+06
6.144060939550399780e-02 1.576612266797079956e+38 1.016146762624350027e+06
9.076909034047275782e-02 1.576349057799089910e+38 1.016177144174210029e+06
1.272725453309249133e-01 1.575674780787559907e+38 1.016214449923650012e+06
1.999144207802601159e-01 1.573195019062479955e+38 1.016286380814649980e+06
2.722182404831983149e-01 1.571432064307940047e+38 1.016355303225239972e+06
3.561778335424605757e-01 1.568422468102239941e+38 1.016431789106450044e+06
4.569136679347138852e-01 1.563922576133640051e+38 1.016517833890410024e+06
5.797086443635635078e-01 1.557277814491790015e+38 1.016613291331000044e+06
7.066792769473977387e-01 1.549898484889220029e+38 1.016701099972540047e+06
8.361913821136113256e-01 1.541410784354509973e+38 1.016778606452709995e+06
9.682130359869915992e-01 1.531809174977329999e+38 1.016844242986669997e+06
1.102151043596677482e+00 1.521194741537079952e+38 1.016896244781950023e+06
1.222071461408631876e+00 1.511481716911180040e+38 1.016930643849340035e+06
1.329845492757158354e+00 1.502244366832970085e+38 1.016951474919760018e+06
1.427266359067289159e+00 1.493500545493650066e+38 1.016961831660659984e+06
1.514513719914248213e+00 1.485408959349010066e+38 1.016964154229079955e+06
1.592358271765988320e+00 1.477981737443579964e+38 1.016960595314459992e+06
1.661539712542435154e+00 1.471226179081950025e+38 1.016952922284170054e+06
1.722780225827591494e+00 1.465130955051159942e+38 1.016942556249720044e+06
1.776915017340797931e+00 1.459653534981919908e+38 1.016930576254070038e+06
1.824878100567730144e+00 1.454728328804000032e+38 1.016917734973730054e+06
1.867792188568273559e+00 1.450256327359269963e+38 1.016904451493900036e+06
1.907188650133321062e+00 1.446079590739239981e+38 1.016890735936169978e+06
1.945326434419257566e+00 1.441943952927650031e+38 1.016876020934639964e+06
1.989552743849344552e+00 1.436911581662410043e+38 1.016856989883490023e+06
2.077563099621329457e+00 1.425936049548050058e+38 1.016811130723629962e+06
2.164940336719155312e+00 1.415925102475270028e+38 1.016757578265890013e+06
2.265532216290012002e+00 1.403814372746970005e+38 1.016685572932690033e+06
2.387711424787994474e+00 1.388701413191959958e+38 1.016582822397549986e+06
2.538822774804430082e+00 1.369679824557579997e+38 1.016432771751809982e+06
2.703362898726481944e+00 1.349202098105229913e+38 1.016243467962899944e+06
2.872420688741840422e+00 1.328335698419420020e+38 1.016023727386759943e+06
3.046255429537268355e+00 1.306982235136109923e+38 1.015773939125029952e+06
3.225136415683664382e+00 1.285228256422269934e+38 1.015495458410009975e+06
3.409286851587239653e+00 1.263167254008869975e+38 1.015191026677269954e+06
3.598880453937454149e+00 1.240905892988939910e+38 1.014865069867840037e+06
3.794069085473893210e+00 1.218562357296440016e+38 1.014523792957050027e+06
3.995204965496668592e+00 1.196228459027120013e+38 1.014174784552730038e+06
4.202748727810103446e+00 1.173985926986460068e+38 1.013826842146700015e+06
4.416996920655947179e+00 1.151930216598469948e+38 1.013489657757789944e+06
4.629151189816184342e+00 1.131137117785959945e+38 1.013184284723159974e+06
4.843816835724283010e+00 1.110947847448439979e+38 1.012908319304540055e+06
5.068076559953624383e+00 1.090696806040440069e+38 1.012656546386820031e+06
5.309723822079831734e+00 1.069797836589479969e+38 1.012424567336290027e+06
5.561937628081068397e+00 1.049163419535070088e+38 1.012219876071979990e+06
5.823496636730851606e+00 1.028925884067289910e+38 1.012040970024500042e+06
6.095059637940721586e+00 1.009105795981519918e+38 1.011883968955190037e+06
6.377346046036109328e+00 9.897641508005940657e+37 1.011745154440699960e+06
6.671082085958914831e+00 9.709776844658299291e+37 1.011621363144039991e+06
6.976982522144680843e+00 9.528275041244229224e+37 1.011510060993080027e+06
7.295830560207832605e+00 9.353813232212970487e+37 1.011409249575090013e+06
7.628560792218195274e+00 9.186830878036179380e+37 1.011317338396750041e+06
7.976077265484491363e+00 9.027645813420540073e+37 1.011233087886529975e+06
8.339406127808615565e+00 8.876410897926439335e+37 1.011155486565669999e+06
8.697271043260116130e+00 8.743253988197699170e+37 1.011087689048659988e+06
9.014341034140670672e+00 8.639193189217900685e+37 1.011033718018230051e+06
9.295040603989036754e+00 8.554298650688949591e+37 1.010990037993510021e+06
9.543854260089574382e+00 8.483509691797219558e+37 1.010954067728569964e+06
9.765010917355539277e+00 8.423540790679000023e+37 1.010923970574210049e+06
9.961935437750071287e+00 8.372209563380469862e+37 1.010898473472099984e+06
1.013795935126836412e+01 8.327776756492030465e+37 1.010876608426940045e+06
1.029490526963490993e+01 8.289292506261359991e+37 1.010857778540279949e+06
1.043538114626426250e+01 8.255624391286030009e+37 1.010841412198420032e+06
1.056073927003308199e+01 8.226206795835939570e+37 1.010827166619929951e+06
1.067241451257723384e+01 8.200474243480520268e+37 1.010814743631409947e+06
1.077167253813240677e+01 8.177965676006490165e+37 1.010803901806810056e+06
1.085978147998685017e+01 8.158253945346659645e+37 1.010794427436519996e+06
1.093813920623506419e+01 8.140905998279420463e+37 1.010786113655140041e+06
1.100858083358616568e+01 8.125394169733260101e+37 1.010778723317019991e+06
1.107450767583213747e+01 8.110780673382079581e+37 1.010771868372329976e+06
1.114478430114104412e+01 8.094573533877639834e+37 1.010764590360300033e+06
1.128463478552293964e+01 8.055502587045060197e+37 1.010749991098689963e+06
1.145141032227547839e+01 8.009770339612889564e+37 1.010732484689929988e+06
1.163806613712222315e+01 7.960331162782770345e+37 1.010712999839109951e+06
1.184699872432975098e+01 7.906807542459479986e+37 1.010691470248610014e+06
1.207540227149729617e+01 7.850761993949779811e+37 1.010668435262270039e+06
1.227742348003084771e+01 7.807005420745140241e+37 1.010648712189109996e+06
1.245890974090434611e+01 7.769690007923500048e+37 1.010631570285369991e+06
1.262163048904039897e+01 7.737196690653649696e+37 1.010616632306150044e+06
1.276720752831897698e+01 7.708629978345240428e+37 1.010603583130200044e+06
1.289745674360892735e+01 7.683341841023259706e+37 1.010592134972629952e+06
1.301373713137581944e+01 7.660948850110729530e+37 1.010582077690260019e+06
1.311734723064000718e+01 7.641122720703080162e+37 1.010573233911730000e+06
1.320966942334780470e+01 7.623532441815840152e+37 1.010565438765509985e+06
1.329225869287620299e+01 7.607816205535000233e+37 1.010558525754639995e+06
1.336802390465163626e+01 7.593271976562900288e+37 1.010552225183350034e+06
1.344276016068761237e+01 7.578466005724759990e+37 1.010546026911139954e+06
1.354567980987485498e+01 7.555188992292200031e+37 1.010537415813019965e+06
1.369080823654076084e+01 7.519105021696730108e+37 1.010525064976830035e+06
1.387355702838976867e+01 7.472955664769199634e+37 1.010509264416889986e+06
1.403603128177928738e+01 7.436755121702310183e+37 1.010495264401359949e+06
1.418153752642683685e+01 7.406056611979969762e+37 1.010482886438379996e+06
1.431176562668406405e+01 7.379343567085530179e+37 1.010471956401269999e+06
1.442811528805759735e+01 7.355817286739510464e+37 1.010462315011310042e+06
1.453197249083314091e+01 7.334974892392360032e+37 1.010453805687470012e+06
1.462461993232136592e+01 7.316459014401249721e+37 1.010446286609290051e+06
1.470863428388838656e+01 7.299597262581950004e+37 1.010439520013240050e+06
1.478795682106283493e+01 7.283398061003570152e+37 1.010433162194740027e+06
1.487504056649049744e+01 7.264439136487200024e+37 1.010426164127449971e+06
1.504833721986506134e+01 7.217765334293040467e+37 1.010411887008129968e+06
1.522741811731248163e+01 7.173643544822430165e+37 1.010396967893710011e+06
1.539667638958781026e+01 7.134799133952559889e+37 1.010382960020589991e+06
1.554906888023833744e+01 7.101682727432060178e+37 1.010370511789890006e+06
1.568565839831717312e+01 7.072790403170609847e+37 1.010359500024670037e+06
1.580791281830170192e+01 7.047293241564589741e+37 1.010349787363630021e+06
1.591726385932997800e+01 7.024667964926069581e+37 1.010341204678940005e+06
1.601511169949662872e+01 7.004512932288539641e+37 1.010333601391540025e+06
1.610425771851441823e+01 6.986072081631709541e+37 1.010326729174979962e+06
1.618918882950674742e+01 6.968173546399769860e+37 1.010320213264290011e+06
1.628599535467219539e+01 6.946208900077870432e+37 1.010312757146629971e+06
1.646267967310268432e+01 6.898454785311069853e+37 1.010298839181890013e+06
1.661950207626796328e+01 6.861700963926039961e+37 1.010286432729430031e+06
1.676019532515783794e+01 6.830334137391960165e+37 1.010275414995640051e+06
1.688627068040659651e+01 6.802976259157190057e+37 1.010265654630320030e+06
1.699921422969782725e+01 6.778803316911749854e+37 1.010257008965860005e+06
1.710059554938925430e+01 6.757254049676759981e+37 1.010249325800330029e+06
1.719342871219851077e+01 6.737458950115890007e+37 1.010242348118209979e+06
1.728310091697494499e+01 6.717944525803590057e+37 1.010235640722259996e+06
1.739153513655764982e+01 6.692196146135690104e+37 1.010227487664120039e+06
1.757023469306295738e+01 6.643955319352879800e+37 1.010213799411020009e+06
1.776152767302119173e+01 6.596287961234589538e+37 1.010199078515009955e+06
1.795545730739831924e+01 6.550675565853410165e+37 1.010184328253129963e+06
1.812888552356162108e+01 6.513131305709829609e+37 1.010171406364729977e+06
1.828413999293115921e+01 6.480672592619749846e+37 1.010160091443190002e+06
1.842441622869228013e+01 6.451767456917189962e+37 1.010150064951700042e+06
1.855040467722574249e+01 6.426131193220409948e+37 1.010141206330809975e+06
1.866345952602569014e+01 6.403324391463009804e+37 1.010133364452659967e+06
1.876651324209524319e+01 6.382528256464540216e+37 1.010126293669639970e+06
1.886357772702467628e+01 6.362712598527909716e+37 1.010119683557430049e+06
1.896748017641948536e+01 6.340307014818929560e+37 1.010112603541890043e+06
1.914508401224156842e+01 6.295105260069729729e+37 1.010100269998500007e+06
1.930297143175266683e+01 6.260399527122669855e+37 1.010089292382890009e+06
1.944494585841312073e+01 6.230543361479139619e+37 1.010079542313829996e+06
1.957262189249740914e+01 6.204315731167980182e+37 1.010070887662480003e+06
1.968761676654685289e+01 6.180968864292719799e+37 1.010063185724299983e+06
1.979313087402260862e+01 6.159541879229690001e+37 1.010056189885500004e+06
1.989448549022199586e+01 6.138619840909490021e+37 1.010049513726589968e+06
2.001220096225733869e+01 6.112363003090839648e+37 1.010041729186289944e+06
2.022561549008241855e+01 6.057135198376960023e+37 1.010027303465630044e+06
2.042510942209628411e+01 6.013521282775450172e+37 1.010013906924390001e+06
2.065574886841932312e+01 5.962247058540909568e+37 1.009998686366589973e+06
2.087948821441386826e+01 5.916826770792949741e+37 1.009984308538079960e+06
2.107998380935168825e+01 5.879083565330199908e+37 1.009971823555000010e+06
2.126204024461912923e+01 5.845637233637739559e+37 1.009960800332259969e+06
2.142628534766845405e+01 5.816026003171599670e+37 1.009951079251940013e+06
2.157447028445312753e+01 5.789629536462190113e+37 1.009942468533320003e+06
2.170828527965932153e+01 5.765998587804499893e+37 1.009934806327539962e+06
2.182984493882395327e+01 5.744614842161879800e+37 1.009927925472380011e+06
2.194312772629200481e+01 5.724519412205060274e+37 1.009921564418790047e+06
2.205737848632270470e+01 5.703445319290719776e+37 1.009915157955880044e+06
2.223254384484607726e+01 5.665255299387719869e+37 1.009905125698450021e+06
2.242283120413776487e+01 5.626411912936469923e+37 1.009894133193620015e+06
2.259370509753352962e+01 5.594927031504600209e+37 1.009884367629479966e+06
2.274742448504548520e+01 5.567527741814449878e+37 1.009875722117510042e+06
2.288714507882832550e+01 5.542875860767860296e+37 1.009867977016909979e+06
2.301437913120025769e+01 5.520552001667859744e+37 1.009861006739119999e+06
2.313334241736447439e+01 5.499497166460980184e+37 1.009854544396160054e+06
2.325396568726864643e+01 5.477283211464560212e+37 1.009848001419979963e+06
2.344307211402337998e+01 5.436134927551829746e+37 1.009837514071739977e+06
2.363793973461724818e+01 5.397742756214149704e+37 1.009826667269389960e+06
2.381338464343571104e+01 5.366139675978819819e+37 1.009817040658900049e+06
2.397227870137430727e+01 5.338317589375040009e+37 1.009808476445610053e+06
2.411587196134496480e+01 5.313560564846840304e+37 1.009800857571489993e+06
2.424755206194822676e+01 5.290899147721029738e+37 1.009793958489069948e+06
2.437196380991372280e+01 5.269267091721510087e+37 1.009787496025279979e+06
2.450162589160026982e+01 5.245615121675020152e+37 1.009780758632470039e+06
2.472645576926879585e+01 5.196699194627059569e+37 1.009768768499830039e+06
2.492731850303243846e+01 5.160876805768459534e+37 1.009758144661640050e+06
2.510908283983008005e+01 5.129877517388159882e+37 1.009748733866019989e+06
2.527388984296703711e+01 5.102308520615550050e+37 1.009740366013720050e+06
2.542321184280444868e+01 5.077611333671150003e+37 1.009732905277049984e+06
2.556083013667375781e+01 5.054843430992530213e+37 1.009726114349680021e+06
2.569156319892499596e+01 5.032974640049170180e+37 1.009719714113609982e+06
2.583062369364779443e+01 5.008377620947350319e+37 1.009712889817230054e+06
2.601683480702922679e+01 4.971894411127829677e+37 1.009703605555139948e+06
2.618390613200608641e+01 4.943246969112590398e+37 1.009695307172329980e+06
2.633642681615310721e+01 4.917776575888310221e+37 1.009687830295510008e+06
2.647713121381821111e+01 4.894490646914349801e+37 1.009681013829150004e+06
2.661210255417972803e+01 4.871881451949460113e+37 1.009674528246009955e+06
2.676022832182934508e+01 4.845428068177599707e+37 1.009667383216929971e+06
2.699416208700858988e+01 4.798042397437449610e+37 1.009655872761509963e+06
2.720353033189894632e+01 4.763233207146130268e+37 1.009645722114459961e+06
2.739341983717167750e+01 4.733044479182110001e+37 1.009636747436100035e+06
2.756613686907803640e+01 4.706158385127379853e+37 1.009628765256659943e+06
2.772367584475432523e+01 4.681941245259279807e+37 1.009621615113629960e+06
2.787009623512858525e+01 4.659447268284909559e+37 1.009615058907440049e+06
2.801263033860595897e+01 4.637164316337210366e+37 1.009608728294870001e+06
2.817641610329155810e+01 4.609423947536019903e+37 1.009601400836069952e+06
2.837654698730329983e+01 4.574166966738679870e+37 1.009592360871489975e+06
2.855847866661497392e+01 4.545900886681310005e+37 1.009584231533779996e+06
2.872419201553566381e+01 4.521020173956539895e+37 1.009576957622430054e+06
2.887789466828689910e+01 4.498137002892039612e+37 1.009570314589409973e+06
2.902561069661169313e+01 4.475949565576369614e+37 1.009563999060609960e+06
2.918584760601515882e+01 4.450424883658600169e+37 1.009557136633450049e+06
2.948870839251321740e+01 4.393689759852829909e+37 1.009543829556029988e+06
2.972396065451903269e+01 4.362667147646570429e+37 1.009533858792140032e+06
2.997254410959430970e+01 4.326435227839830007e+37 1.009523647531870054e+06
3.019755068753147498e+01 4.296488702927949585e+37 1.009514671142189996e+06
3.040244430428720079e+01 4.269928784678189929e+37 1.009506710573200020e+06
3.058959837266593240e+01 4.246074373909670183e+37 1.009499590505550033e+06
3.076140925154322758e+01 4.224417822233930076e+37 1.009493159791819984e+06
3.092293925257399678e+01 4.203990781463729909e+37 1.009487183561849990e+06
3.108283899785601534e+01 4.183249359629929802e+37 1.009481294658289989e+06
3.127906827666447498e+01 4.154736500673150202e+37 1.009473945654829964e+06
3.155538602956221439e+01 4.112452224263080058e+37 1.009463426591809955e+06
3.181577280699275434e+01 4.079699850765879765e+37 1.009453754921630025e+06
3.208034348441287875e+01 4.046685513913980139e+37 1.009444205007069977e+06
3.232035571796586737e+01 4.019217825884790222e+37 1.009435799889130052e+06
3.253894466676865704e+01 3.994692666952449844e+37 1.009428333775780047e+06
3.273905112620559521e+01 3.972419433267610063e+37 1.009421621706039994e+06
3.292303150182124227e+01 3.952029829198920021e+37 1.009415528688290040e+06
3.309642988551058806e+01 3.932596348098619847e+37 1.009409829496460035e+06
3.326829871465452015e+01 3.912692051325289812e+37 1.009404181463969988e+06
3.347547892667353153e+01 3.885688038435500212e+37 1.009397217074919958e+06
3.373179144956520759e+01 3.851450501989689938e+37 1.009388454066560022e+06
3.396234817855292931e+01 3.825453297763349847e+37 1.009380699987750035e+06
3.417406909691635519e+01 3.802013190237640138e+37 1.009373724784619990e+06
3.436914474752848037e+01 3.780573444481910207e+37 1.009367397640820011e+06
3.455163367910427041e+01 3.760438681402209929e+37 1.009361540207999991e+06
3.472973731058300473e+01 3.740309775090719766e+37 1.009355845332870027e+06
3.492856443807249889e+01 3.715829780604749991e+37 1.009349395383369992e+06
3.519089880434330553e+01 3.680796387680899773e+37 1.009340691296159988e+06
3.542690998539910652e+01 3.654624153612239877e+37 1.009332988405999960e+06
3.564268886973150074e+01 3.631235965215130012e+37 1.009326093801839976e+06
3.584263251494849101e+01 3.609613842507480144e+37 1.009319804584110039e+06
3.603058920192415826e+01 3.589252481799669921e+37 1.009313957293180050e+06
3.621584526906372048e+01 3.568689197276299958e+37 1.009308215975750005e+06
3.642856374490656890e+01 3.542814275128879879e+37 1.009301514956939965e+06
3.665241334598977119e+01 3.516081730499080131e+37 1.009294401434800006e+06
3.685900648735696450e+01 3.493219124766950054e+37 1.009287902017669985e+06
3.705265482483082451e+01 3.472014812272320094e+37 1.009281884503719979e+06
3.724176395084941760e+01 3.451035768641890188e+37 1.009276052777900011e+06
3.745009063213365152e+01 3.426340331893739774e+37 1.009269576465980033e+06
3.778157352580456063e+01 3.382104425092429962e+37 1.009259021076880046e+06
3.805937289076973684e+01 3.354717958852410124e+37 1.009250515306710033e+06
3.841045679224771447e+01 3.314783388460169850e+37 1.009240008711130009e+06
3.873337930362322368e+01 3.284428862374009906e+37 1.009230758291419945e+06
3.902554911616607569e+01 3.258206489528529975e+37 1.009222701748650055e+06
3.929106979916105047e+01 3.234692611667520144e+37 1.009215567825780017e+06
3.953408228393527679e+01 3.213314465776579812e+37 1.009209151559669990e+06
3.975833035696996376e+01 3.193656984272289878e+37 1.009203301108999993e+06
3.996799400844611228e+01 3.175222846423579971e+37 1.009197871000780025e+06
4.017148658036603592e+01 3.156924427213150007e+37 1.009192609274529968e+06
4.038655635708710179e+01 3.136369406120419772e+37 1.009186985754559981e+06
4.070339805903495289e+01 3.100938564047879795e+37 1.009178350689699990e+06
4.097588482534047216e+01 3.077365960311959852e+37 1.009171081570470007e+06
4.123566536162979901e+01 3.054067065781510043e+37 1.009164285859260010e+06
4.147512231642031111e+01 3.033203050818839796e+37 1.009158122757349978e+06
4.169716402460471727e+01 3.013997611726499920e+37 1.009152478320440045e+06
4.190951529881567694e+01 2.995404450304389910e+37 1.009147117529629963e+06
4.212363846917287447e+01 2.976052231995090161e+37 1.009141705854219967e+06
4.238270386867225170e+01 2.949933704090039911e+37 1.009134987829489983e+06
4.266773635381832719e+01 2.922098593570990028e+37 1.009127536860959954e+06
4.297665602285997011e+01 2.893125472898599789e+37 1.009119562019799952e+06
4.325648660759907216e+01 2.870048662809269982e+37 1.009112551739179995e+06
4.351280387051519938e+01 2.849269743880850172e+37 1.009106290099479957e+06
4.375024096411652863e+01 2.830111252464390088e+37 1.009100588426589966e+06
4.397427325870376080e+01 2.811973462024340117e+37 1.009095265262510045e+06
4.419492773048114032e+01 2.793702732001489959e+37 1.009090039503799984e+06
4.443613513559103012e+01 2.772307796882690075e+37 1.009084251174230012e+06
4.486512033620965667e+01 2.727754727083179975e+37 1.009073519990990055e+06
4.517011308658402413e+01 2.708002903031370211e+37 1.009066315184580046e+06
4.552141063380986452e+01 2.678047133763870115e+37 1.009058137991409982e+06
4.583736636166577227e+01 2.654885768806890163e+37 1.009050987339789979e+06
4.612467954284511507e+01 2.634202391511050206e+37 1.009044637125749956e+06
4.638834003836382180e+01 2.615338664063930079e+37 1.009038902043909999e+06
4.663309497467707843e+01 2.597822635492570070e+37 1.009033630058930023e+06
4.686751612188527361e+01 2.580770848980709953e+37 1.009028600195009960e+06
4.710323965578572825e+01 2.563064461395199824e+37 1.009023523705899948e+06
4.737564927301718853e+01 2.540569478127049904e+37 1.009017506563370000e+06
4.773726072980207391e+01 2.508749189613920213e+37 1.009009294644959969e+06
4.805478619149653241e+01 2.486310944843080211e+37 1.009002287237740005e+06
4.835040834359824657e+01 2.465184186618629872e+37 1.008995914230510010e+06
4.862198652842198499e+01 2.446150110032299839e+37 1.008990159818100045e+06
4.887545862252591178e+01 2.428385522407099872e+37 1.008984848205990042e+06
4.911839646319276653e+01 2.411163748814019912e+37 1.008979782896009972e+06
4.936430481763090938e+01 2.393137976092820155e+37 1.008974638172929990e+06
4.965349141627666540e+01 2.369803955989300202e+37 1.008968424586029956e+06
4.993885114672593772e+01 2.347857733294479964e+37 1.008962224188540014e+06
5.020271522458642721e+01 2.328404833517619783e+37 1.008956541381560033e+06
5.045275612702243961e+01 2.309994917983419964e+37 1.008951203167909989e+06
5.070033750109723769e+01 2.291520846989279948e+37 1.008945937889270019e+06
5.097226329485420138e+01 2.270191365442449981e+37 1.008940105615369976e+06
5.137783008656697348e+01 2.234779810492239963e+37 1.008931132993369945e+06
5.169342264934675768e+01 2.214577339898739773e+37 1.008924439832880045e+06
5.202493124388274737e+01 2.190439852871330166e+37 1.008917553133290028e+06
5.232609364739619195e+01 2.170594075878780180e+37 1.008911458887320012e+06
5.260391985581372865e+01 2.152594230480850183e+37 1.008905955555450055e+06
5.286658189303125255e+01 2.135592781687770206e+37 1.008900824572980055e+06
5.312450291257118806e+01 2.118685133772260044e+37 1.008895817909989972e+06
5.340070176907465793e+01 2.099731037886899912e+37 1.008890424207039992e+06
5.379547969167470001e+01 2.069224609357820033e+37 1.008882442914430052e+06
5.416647202166495845e+01 2.045165307100339946e+37 1.008875101363110007e+06
5.459234467856003903e+01 2.016605705200869932e+37 1.008866864931709948e+06
5.498083628859603778e+01 1.994275316696849941e+37 1.008859660925379954e+06
5.533108488898142241e+01 1.974810438037710044e+37 1.008853374219359946e+06
5.565021436268580146e+01 1.957220437446329911e+37 1.008847763992410037e+06
5.594465761297033168e+01 1.941034583253119961e+37 1.008842652986339992e+06
5.622317013956489973e+01 1.925585554322400095e+37 1.008837846765649971e+06
5.649769291142001748e+01 1.909989539784020010e+37 1.008833102646299987e+06
5.679433864500606433e+01 1.892127239278770111e+37 1.008827901538730017e+06
5.720773020636988804e+01 1.864056665821909945e+37 1.008820333103050012e+06
5.757959457748802379e+01 1.842807398829370038e+37 1.008813627400010009e+06
5.791748763382202014e+01 1.823884558375619996e+37 1.008807666738540051e+06
5.822776973000145517e+01 1.806768172935259909e+37 1.008802286132810055e+06
5.851991051837103441e+01 1.790680859756170087e+37 1.008797274696100038e+06
5.880546409299131483e+01 1.774761089155189914e+37 1.008792395686340053e+06
5.910680542085901834e+01 1.757270564046789906e+37 1.008787209699020023e+06
5.949335777675150894e+01 1.732488688393729907e+37 1.008780327681010007e+06
5.984298325947020203e+01 1.712597787423670076e+37 1.008774135537569993e+06
6.016410405017086305e+01 1.694600714982470054e+37 1.008768536792970030e+06
6.046643572565517388e+01 1.677813254694329996e+37 1.008763331731340033e+06
6.076176504296017811e+01 1.661401695574410030e+37 1.008758287615739973e+06
6.107282470815698616e+01 1.643614486988210010e+37 1.008752962902609957e+06
6.148489319082000293e+01 1.617748903775930106e+37 1.008745704456179985e+06
6.185662082166527398e+01 1.597164940132759929e+37 1.008739222004779964e+06
6.219680711446562782e+01 1.578760890785159943e+37 1.008733410101830028e+06
6.251479604112682864e+01 1.561875354675040011e+37 1.008728071744350018e+06
6.282244974264176562e+01 1.545639309121310012e+37 1.008722969730339944e+06
6.313804708782117814e+01 1.528720843693870117e+37 1.008717753087350051e+06
6.352236189946415834e+01 1.506488480993999952e+37 1.008711268990369979e+06
6.393465235602343455e+01 1.483151863104380022e+37 1.008704250106059946e+06
6.430921852617757395e+01 1.463964237250159997e+37 1.008698029854270048e+06
6.465446410203003325e+01 1.446769049923049971e+37 1.008692429006060003e+06
6.498173673229757696e+01 1.430659625612049979e+37 1.008687209678260027e+06
6.530485167657025158e+01 1.414722140299460016e+37 1.008682106103030033e+06
6.565256438159849495e+01 1.397010746169200067e+37 1.008676596747230040e+06
6.616798270810977556e+01 1.368171370201210080e+37 1.008668185575140058e+06
6.669155334911192767e+01 1.342339563252759983e+37 1.008659820460129995e+06
6.716302846948383376e+01 1.321210615857510077e+37 1.008652586809269967e+06
6.759060901170596480e+01 1.302672830819740070e+37 1.008646227924589999e+06
6.798208157205954194e+01 1.286040641695180044e+37 1.008640530798719963e+06
6.834737358073471114e+01 1.270669631099520007e+37 1.008635291019600001e+06
6.869923947294591926e+01 1.255803813897250049e+37 1.008630277909609955e+06
6.905623850331176072e+01 1.240372271618079941e+37 1.008625178031609976e+06
6.946876384675852023e+01 1.221318261124400102e+37 1.008619149559690035e+06
6.997966936416924000e+01 1.196441186343270070e+37 1.008611441906980006e+06
7.044382303796010092e+01 1.176552927752939924e+37 1.008604588145860005e+06
7.086989743850426748e+01 1.158785699393970095e+37 1.008598433474999969e+06
7.126671777022420429e+01 1.142538244588049935e+37 1.008592797628220054e+06
7.164752078399760649e+01 1.126999879257180003e+37 1.008587442062329967e+06
7.203138262883294374e+01 1.111171611897460091e+37 1.008582055590300006e+06
7.246165810700040311e+01 1.092607953169750110e+37 1.008575932005099952e+06
7.304407614714000374e+01 1.065594731199910100e+37 1.008567357447810005e+06
7.357222421944607049e+01 1.044284092445310042e+37 1.008559773735039984e+06
7.405723930013482459e+01 1.025322860533069971e+37 1.008552981936480035e+06
7.450835546865710057e+01 1.008049454393010030e+37 1.008546780795500032e+06
7.493752489457256161e+01 9.917864119640530100e+36 1.008540951806099969e+06
7.536086004305980168e+01 9.757493068243480267e+36 1.008535235836770036e+06
7.580894251336576417e+01 9.584612191683699489e+36 1.008529165947349975e+06
7.639505897823255509e+01 9.343487707717699803e+36 1.008521010267329984e+06
7.709006636647973210e+01 9.065697517943879989e+36 1.008511314494590042e+06
7.798390087872394361e+01 8.739295080619150105e+36 1.008499360302150017e+06
7.915416127146454528e+01 8.354789807212760189e+36 1.008484666699119960e+06
8.037849118342273869e+01 7.981769704759370190e+36 1.008469923107980052e+06
8.151482817076612264e+01 7.645671713727530000e+36 1.008456486374450033e+06
8.257826412006397732e+01 7.333257704080860363e+36 1.008443975055149989e+06
8.357349905205774121e+01 7.045257153136430143e+36 1.008432306809450034e+06
8.450874213446513750e+01 6.777239506712199585e+36 1.008421345436110045e+06
8.539301844724104740e+01 6.527119026106400580e+36 1.008410987032330013e+06
8.623597791217616759e+01 6.291962020369220567e+36 1.008401123139529955e+06
8.704804876144044101e+01 6.068491095348940018e+36 1.008391627540839952e+06
8.784005873627029359e+01 5.855336554038029561e+36 1.008382412203159998e+06
8.862651666181045584e+01 5.645276264724730161e+36 1.008373251743800007e+06
8.944067506326246075e+01 5.430653815795619687e+36 1.008363765937460004e+06
9.035825859030592255e+01 5.191253055783780023e+36 1.008353052002729964e+06
9.198224155968637206e+01 4.784913514665330215e+36 1.008334402094210032e+06
9.323373487117351033e+01 4.505770093469500116e+36 1.008320469570009969e+06
9.502514834579778835e+01 4.132643171491810271e+36 1.008301455853680032e+06
9.716109067600336857e+01 3.743345067216459858e+36 1.008280171437570010e+06
