# time luminosity radius
-2.229552964627509937e+01 4.463959211278129786e+35 1.008169122854270041e+06
-1.806900275353109464e+01 4.758518525650320277e+35 1.008173545955040026e+06
-1.747205925392336212e+01 4.805350659574869905e+35 1.008174260566079989e+06
-1.628414168968447484e+01 4.905686470479330000e+35 1.008175972014019964e+06
-1.392018573687528260e+01 5.178541737701100109e+35 1.008181192797670024e+06
-1.145077165713883005e+01 5.683706666703679701e+35 1.008192588848739979e+06
-1.135286272896337323e+01 5.706009664451039863e+35 1.008193084650260047e+06
-1.115802396190701984e+01 5.749427977513520074e+35 1.008194145116050029e+06
-1.077029481544741429e+01 5.843873472026669872e+35 1.008196541085980018e+06
-1.008253977802814916e+01 6.052054513543990114e+35 1.008202231798990048e+06
-9.623887980153085664e+00 6.217991216208839779e+35 1.008207139295459958e+06
-9.277001770009519532e+00 6.364154193978110311e+35 1.008211716602280037e+06
-8.977954335568938404e+00 6.510724657569130114e+35 1.008216581965149962e+06
-8.725686917721759528e+00 6.658247603799749689e+35 1.008221614780260017e+06
-8.509948644932592288e+00 6.796259070810539279e+35 1.008226752500109957e+06
-8.353399511339375749e+00 6.912493644126289839e+35 1.008231189969670027e+06
-8.241779542237054557e+00 7.002934927847350634e+35 1.008234762384240050e+06
-8.151534825912676752e+00 7.082256730848770292e+35 1.008238032423630008e+06
-8.078337176440982148e+00 7.151453889213509367e+35 1.008240963628640049e+06
-8.015187591343419626e+00 7.214274767122799688e+35 1.008243759451529942e+06
-7.961960086686303839e+00 7.270591276182790471e+35 1.008246337907169946e+06
-7.913975485949777067e+00 7.324898912946349917e+35 1.008248898793900036e+06
-7.871807375107891858e+00 7.375415920056040312e+35 1.008251372681529960e+06
-7.833492027566535398e+00 7.418593238009340650e+35 1.008253855255039991e+06
-7.800926904572406784e+00 7.460550621469859953e+35 1.008256184375429992e+06
-7.777100358332972974e+00 7.490600040261650082e+35 1.008258019283300033e+06
-7.757109573954949155e+00 7.516981393798329527e+35 1.008259680404550047e+06
-7.740875403629615903e+00 7.540833833698619576e+35 1.008261115369640058e+06
-7.726757229596842080e+00 7.558559795088899808e+35 1.008262443199109985e+06
-7.713297957670874894e+00 7.577786270678199643e+35 1.008263790186450002e+06
-7.698686694435309619e+00 7.597762550863499832e+35 1.008265391933019971e+06
-7.677501731959637254e+00 7.628599838488410032e+35 1.008268162532669958e+06
-7.658442457293858752e+00 7.660928941071319889e+35 1.008271024414340034e+06
-7.641300892020808533e+00 7.694436797771739584e+35 1.008273873049070011e+06
-7.625061313447076827e+00 7.708018694635730306e+35 1.008276754999250057e+06
-7.609872373985126615e+00 7.741931196359309707e+35 1.008279614311150042e+06
-7.596811434719711542e+00 7.759346661312810201e+35 1.008282159846129944e+06
-7.584187845670385286e+00 7.615416706287570712e+35 1.008284698618320050e+06
-7.571650179772404954e+00 7.873430825504390175e+35 1.008287321207839996e+06
-7.558527809538645670e+00 7.821651624932819868e+35 1.008290156849780004e+06
-7.544552404579007998e+00 7.846138043693909506e+35 1.008293734970179969e+06
-7.532116686983499676e+00 7.866479939466689345e+35 1.008297084688380011e+06
-7.517282444925513119e+00 7.922392260850960396e+35 1.008301185149649973e+06
-7.499846438673557714e+00 7.976169004381110004e+35 1.008306084949419950e+06
-7.492674198176246136e+00 8.022780463951670180e+35 1.008308098299119971e+06
-7.488723897287854925e+00 8.063253193785439882e+35 1.008309206456050044e+06
-7.484283714176854119e+00 8.096484474900639553e+35 1.008310446339669987e+06
-7.475447749777231365e+00 8.289037612097339615e+35 1.008312972933150013e+06
-7.462143652810482308e+00 8.929788881457890220e+35 1.008316748940799967e+06
-7.442613281629746780e+00 1.076810241345030042e+36 1.008322288500390016e+06
-7.419346191978547722e+00 1.465982163679219893e+36 1.008328959740129998e+06
-7.391628639801638201e+00 3.131644619796059965e+36 1.008337348794459947e+06
-7.369059192715212703e+00 3.579028216053929849e+36 1.008344233416570001e+06
-7.337781599519075826e+00 4.000897325359519874e+36 1.008354022035490023e+06
-7.309099760401295498e+00 4.617405521338429956e+36 1.008363261398739996e+06
-7.281514322414295748e+00 5.020929931552629813e+36 1.008372421839440009e+06
-7.255005907732993364e+00 5.579581898987240258e+36 1.008381590203289990e+06
-7.228506399784237146e+00 5.943245304892680525e+36 1.008391092714890023e+06
-7.203110960486810654e+00 6.491679749444770581e+36 1.008400687743199989e+06
-7.178542150126304477e+00 6.814183647012399847e+36 1.008410338940010057e+06
-7.154497366631403565e+00 7.126568997564929535e+36 1.008420169984849985e+06
-7.130228441848885268e+00 7.430746691473849596e+36 1.008430522451539990e+06
-7.106629670510301366e+00 7.731114482106149958e+36 1.008441022564240033e+06
-7.083390402549412102e+00 8.035726827880880462e+36 1.008451837853890029e+06
-7.060989309567958117e+00 8.934981614865989558e+36 1.008463183701670030e+06
-7.039582682278705761e+00 9.233867736621529910e+36 1.008474480493520037e+06
-7.018919728550827131e+00 9.520215191060080511e+36 1.008485836227850057e+06
-6.998912252980517223e+00 9.809038384802629422e+36 1.008497265876480029e+06
-6.979470051242969930e+00 1.010091760579810035e+37 1.008508799438309972e+06
-6.960562980617396533e+00 1.039758646473979983e+37 1.008520434995400021e+06
-6.942104127228958532e+00 1.069981646345739966e+37 1.008532207150290022e+06
-6.924081642675446346e+00 1.100885045563500093e+37 1.008544110159310047e+06
-6.906568368722219020e+00 1.132235729627689996e+37 1.008556074223579955e+06
-6.889426158304559067e+00 1.164230975166150023e+37 1.008568183173259953e+06
-6.872695417114300653e+00 1.196858663502370040e+37 1.008580400812880020e+06
-6.856373181246453896e+00 1.230163299636939926e+37 1.008592724472180009e+06
-6.840534339804435149e+00 1.263176644117809919e+37 1.008605075775710051e+06
-6.825533551309490576e+00 1.296551183669049882e+37 1.008617078247089987e+06
-6.811340371757978573e+00 1.329245467276389931e+37 1.008628765526429983e+06
-6.797582976956618950e+00 1.362042456617930048e+37 1.008640439037039992e+06
-6.784694426343776286e+00 1.394080659743619885e+37 1.008651702304449980e+06
-6.771738207986345515e+00 1.427524329473380070e+37 1.008663373995980015e+06
-6.758990663453005254e+00 1.461743574638460094e+37 1.008675196595199988e+06
-6.746105793834431097e+00 1.498215729234350116e+37 1.008687479475239990e+06
-6.733047757239546627e+00 1.537696726829250009e+37 1.008700250784980017e+06
-6.720172666769940406e+00 1.578407018281189905e+37 1.008713127905710018e+06
-6.708094165951479226e+00 1.617718074295279975e+37 1.008725455273860018e+06
-6.697191613347968087e+00 1.654269841588349949e+37 1.008736786461530020e+06
-6.686234368273289874e+00 1.693572143586830076e+37 1.008748371694179950e+06
-6.676039090583799407e+00 1.726890892578630074e+37 1.008759317161679966e+06
-6.666281306068412960e+00 1.757093540788020040e+37 1.008769935315910028e+06
-6.656917811167659238e+00 1.788032742640959948e+37 1.008780259650369990e+06
-6.647393745312001556e+00 1.822038779476509927e+37 1.008790900472639943e+06
-6.638548570859711617e+00 1.852673915121600099e+37 1.008800899550050031e+06
-6.629419778590090573e+00 1.886971980531790088e+37 1.008811348096359987e+06
-6.620878787565743551e+00 1.917412846693280117e+37 1.008821233422670048e+06
-6.612313080229796469e+00 1.949434430227329945e+37 1.008831251101920032e+06
-6.603936297993641347e+00 1.980214623114799984e+37 1.008841149052329944e+06
-6.595751455723075196e+00 2.010292385891769998e+37 1.008850906751109986e+06
-6.587688798026647419e+00 2.040413419555320055e+37 1.008860608218270005e+06
-6.579732712911209092e+00 2.062736002993679932e+37 1.008870257135809981e+06
-6.571838438510894775e+00 2.088036293031309988e+37 1.008879906065820018e+06
-6.563988777343183756e+00 2.114862573201630055e+37 1.008889568999990006e+06
-6.556156437436584383e+00 2.142737323163169912e+37 1.008899279789839988e+06
-6.548232487955829129e+00 2.171866577947810090e+37 1.008909172114660032e+06
-6.540293696074513718e+00 2.201021967393880096e+37 1.008919147409860045e+06
-6.532261384301818907e+00 2.231826748530119810e+37 1.008929298930749996e+06
-6.524136867898050696e+00 2.253755608651279989e+37 1.008939621368170017e+06
-6.515888375608483329e+00 2.282090583142519946e+37 1.008950147987409960e+06
-6.507476479659089819e+00 2.313657101757670135e+37 1.008960926690050052e+06
-6.498981076467316598e+00 2.346843967128099898e+37 1.008971849244390032e+06
-6.490339131210930645e+00 2.382884964758290028e+37 1.008982995922169997e+06
-6.481478572328342125e+00 2.407352304793460050e+37 1.008994451665990055e+06
-6.472672968229744583e+00 2.442529337531079958e+37 1.009005855128790019e+06
-6.463973782781977206e+00 2.481612258260269965e+37 1.009017138736060006e+06
-6.455315814760979265e+00 2.527356720213699939e+37 1.009028388178110006e+06
-6.446698843734338880e+00 2.510764047298959968e+37 1.009039608200439950e+06
-6.438119446422206238e+00 2.674047980465180054e+37 1.009050760382359964e+06
-6.429541473713470623e+00 2.667722293033590010e+37 1.009061907631700044e+06
-6.420988954458152875e+00 2.809632769084950168e+37 1.009073006415680051e+06
-6.412540223565883934e+00 2.794866427893939903e+37 1.009083966936559998e+06
-6.404213041707407683e+00 2.927755946190490121e+37 1.009094755158539978e+06
-6.395926886005327106e+00 2.883091289954890158e+37 1.009105481703290017e+06
-6.386939069110667333e+00 3.010068871392789949e+37 1.009117103134199977e+06
-6.378049366117920727e+00 2.988295840745410054e+37 1.009128575740169967e+06
-6.368648053903598338e+00 3.136050825838330007e+37 1.009140694598510046e+06
-6.358727573300711811e+00 3.119196263597260205e+37 1.009153444827159983e+06
-6.346927762031555176e+00 3.250121942283020176e+37 1.009168574414849980e+06
-6.335811989847570658e+00 3.324422393684589766e+37 1.009182771144569968e+06
-6.325156559294555336e+00 3.388902111730370087e+37 1.009196313601520029e+06
-6.315058746258728206e+00 3.449966193196649796e+37 1.009209097777590039e+06
-6.304308246239088476e+00 3.515295029507739894e+37 1.009222647257260047e+06
-6.293410373764345422e+00 3.581938633627810219e+37 1.009236299811640056e+06
-6.280393708992050961e+00 3.661466377180640010e+37 1.009252520638950053e+06
-6.265234625549055636e+00 3.754486107279290176e+37 1.009271280889329966e+06
-6.247220912890043110e+00 3.866045980002989891e+37 1.009293393309709965e+06
-6.227993620035704225e+00 3.986646772759510114e+37 1.009316768557199975e+06
-6.208252433687448502e+00 4.112007986491859773e+37 1.009340538495009998e+06
-6.188763370650121942e+00 4.237173910218620148e+37 1.009363786531429971e+06
-6.169479519943706691e+00 4.362203410173600005e+37 1.009386575123580056e+06
-6.150370211689732969e+00 4.487087373003479828e+37 1.009408943396389950e+06
-6.131355798657750711e+00 4.612162971395859756e+37 1.009430988993939944e+06
-6.112424543738598004e+00 4.737278037649910433e+37 1.009452726839690004e+06
-6.093550767604028806e+00 4.862407913892580165e+37 1.009474181485119974e+06
-6.074765184632269666e+00 4.987127256433889634e+37 1.009495322339690058e+06
-6.056057098205201328e+00 5.111326271022120225e+37 1.009516156197460019e+06
-6.037368023593444377e+00 5.235185683821920218e+37 1.009536749225900043e+06
-6.018701917899306864e+00 5.358527823391289829e+37 1.009557090273350012e+06
-6.000003360910341144e+00 5.481563368734869975e+37 1.009577234110779944e+06
-5.981284131645224988e+00 5.604046297043820099e+37 1.009597167468179949e+06
-5.962489834142616019e+00 5.726173738121599746e+37 1.009616938523710007e+06
-5.943637252639746293e+00 5.847732193051219908e+37 1.009636524596769945e+06
-5.924671631597448140e+00 5.968897966738150061e+37 1.009655975720930030e+06
-5.905645098508102819e+00 6.089194775157070371e+37 1.009675229970989982e+06
-5.886565690394490957e+00 6.208460726780279932e+37 1.009694273824900039e+06
-5.867390014638658613e+00 6.326822394952299913e+37 1.009713145140310051e+06
-5.848129261808935553e+00 6.444102020494349757e+37 1.009731825435920036e+06
-5.828738786833127961e+00 6.560415496688500022e+37 1.009750351350469980e+06
-5.809232756437268108e+00 6.675555625405670012e+37 1.009768701146519976e+06
-5.789564637496368960e+00 6.789666134175469800e+37 1.009786913188620005e+06
-5.769750514358747751e+00 6.902560628044040053e+37 1.009804959315920016e+06
-5.749741351028205827e+00 7.014354624199439601e+37 1.009822876529940055e+06
-5.729554187681060284e+00 7.124808386234960010e+37 1.009840661428579944e+06
-5.709136789460899308e+00 7.234086209564679689e+37 1.009858333923610044e+06
-5.688506181119009852e+00 7.341988563378790293e+37 1.009875862779299961e+06
-5.667626067850505933e+00 7.448561146931999535e+37 1.009893265493719955e+06
-5.646542628353927284e+00 7.553544395482669577e+37 1.009910497702019988e+06
-5.625261376088019460e+00 7.656728687092259823e+37 1.009927540856339969e+06
-5.603735852666432038e+00 7.758195017723909595e+37 1.009944421793399961e+06
-5.581974858330795541e+00 7.857845924064609871e+37 1.009961120990450028e+06
-5.559926682006334886e+00 7.955896971056780277e+37 1.009977667201319942e+06
-5.537600145908072591e+00 8.052139507515169883e+37 1.009994044490020024e+06
-5.514937452913727611e+00 8.146770000713399908e+37 1.010010279717770056e+06
-5.491945695277536288e+00 8.239514386793030257e+37 1.010026353537459974e+06
-5.468610430893022567e+00 8.330532252225599937e+37 1.010042263179420028e+06
-5.444972183584468439e+00 8.419497549875369982e+37 1.010057967641380033e+06
-5.421024447539821267e+00 8.506371857027550019e+37 1.010073463176090037e+06
-5.396705998573452234e+00 8.591246589855609807e+37 1.010088775646270020e+06
-5.372010874998522922e+00 8.674201327186529453e+37 1.010103896702339989e+06
-5.346867001731880009e+00 8.755266691590039309e+37 1.010118854620959959e+06
-5.321287304774159566e+00 8.834418888729290811e+37 1.010133627315339982e+06
-5.295355647103860974e+00 8.911357761158619370e+37 1.010148155098819989e+06
-5.268996039783814922e+00 8.986274662665930168e+37 1.010162470535869943e+06
-5.242186027520801872e+00 9.059142531787229975e+37 1.010176573637760011e+06
-5.214837985869962722e+00 9.130128332027410109e+37 1.010190496868749964e+06
-5.187034939299337566e+00 9.199105463920380374e+37 1.010204185197770013e+06
-5.158788478118367493e+00 9.265892358075370628e+37 1.010217624243770028e+06
-5.130000959441531450e+00 9.330774030924539468e+37 1.010230850409239996e+06
-5.100627462641568854e+00 9.393818778490220758e+37 1.010243872389169992e+06
-5.070769622834632173e+00 9.454865672849349098e+37 1.010256636472500046e+06
-5.040352346783038229e+00 9.514037390613230380e+37 1.010269168055000016e+06
-5.009311674366472289e+00 9.571492693169569191e+37 1.010281484982260037e+06
-4.977699408831540495e+00 9.627198720190490183e+37 1.010293559787690057e+06
-4.945483291259733960e+00 9.681240634233289658e+37 1.010305400423910003e+06
-4.912576768605504185e+00 9.733798861399979580e+37 1.010317033531400026e+06
-4.879071517905686051e+00 9.784848633786859385e+37 1.010328423715809942e+06
-4.844876477640355006e+00 9.834558406285259719e+37 1.010339601420870051e+06
-4.809947948640910909e+00 9.883099882302180565e+37 1.010350579669859959e+06
-4.774377872265176848e+00 9.930469469595480855e+37 1.010361332102939952e+06
-4.737980623729526997e+00 9.976979608583380763e+37 1.010371917691070004e+06
-4.700917324254987761e+00 1.002262845897370056e+38 1.010382294739870005e+06
-4.663038921018596739e+00 1.006765624110729993e+38 1.010392513607620029e+06
-4.624424179433844984e+00 1.011220148154979919e+38 1.010402562324049999e+06
-4.584925309958634898e+00 1.015655214404009971e+38 1.010412490287170047e+06
-4.544644353329204023e+00 1.020080660382029959e+38 1.010422285903749987e+06
-4.503443332854658365e+00 1.024524087346640009e+38 1.010431999687090050e+06
-4.465942479990189895e+00 1.028627402287739939e+38 1.010440602396229981e+06
-4.433769160677911714e+00 1.032173543573780062e+38 1.010447831586860004e+06
-4.406099892163183540e+00 1.035209268562169981e+38 1.010453954118299996e+06
-4.382258881698362529e+00 1.037819774251220005e+38 1.010459165014259983e+06
-4.361533382470952347e+00 1.040083730051830008e+38 1.010463650011659949e+06
-4.343245163763640448e+00 1.042075448549519928e+38 1.010467574227540055e+06
-4.326499658927787095e+00 1.043884841194630002e+38 1.010471139788849978e+06
-4.309577041771262884e+00 1.045674570412629914e+38 1.010474708816110040e+06
-4.282437195535749197e+00 1.048317158846720080e+38 1.010480357762690051e+06
-4.247228221676778048e+00 1.051912028659519916e+38 1.010487561965010012e+06
-4.205230929364915937e+00 1.056319475790929959e+38 1.010496033183829975e+06
-4.157839572260854766e+00 1.061422283341670054e+38 1.010505487499480019e+06
-4.109354186250129715e+00 1.066840648148089925e+38 1.010515090022439952e+06
-4.059672149072866887e+00 1.072492983157319984e+38 1.010524917064619949e+06
-4.008860438538249582e+00 1.078396357362509915e+38 1.010534990480390028e+06
-3.956848435773281381e+00 1.084576001830389952e+38 1.010545362230289960e+06
-3.903557477198773995e+00 1.091063479578679986e+38 1.010556086647449993e+06
-3.849163446837337688e+00 1.097866408529399931e+38 1.010567167650989955e+06
-3.793546958244405687e+00 1.105014975653560070e+38 1.010578669274789980e+06
-3.736669358710059896e+00 1.112540065424449994e+38 1.010590641310420004e+06
-3.678399658063426614e+00 1.120480508057070024e+38 1.010603152262349962e+06
-3.618982173589756712e+00 1.128834638525820093e+38 1.010616188285019947e+06
-3.558337452530395240e+00 1.137623820813789947e+38 1.010629807283189963e+06
-3.496283500717254356e+00 1.146890291631070037e+38 1.010644089146199985e+06
-3.432945057895267382e+00 1.156639631965089912e+38 1.010659040313760052e+06
-3.368367667600978166e+00 1.166873675284300020e+38 1.010674682806379977e+06
-3.302325020136777312e+00 1.177629519508180092e+38 1.010691103276759968e+06
-3.235006881033768877e+00 1.188893063560080020e+38 1.010708278525709989e+06
-3.166360191447893158e+00 1.200665300937309971e+38 1.010726243310319958e+06
-3.096260080143110827e+00 1.213007324229320003e+38 1.010743047790840035e+06
-3.024871475325198844e+00 1.225850922976109942e+38 1.010760743600490037e+06
-2.951971457834588364e+00 1.239187190482149920e+38 1.010779841244490002e+06
-2.877837343810824677e+00 1.252993173895720081e+38 1.010800569772089948e+06
-2.802176219061948359e+00 1.267450845250009974e+38 1.010821299970229971e+06
-2.725239594146842137e+00 1.282339389629200077e+38 1.010842992201369954e+06
-2.646807563374750316e+00 1.297577468384769984e+38 1.010865622561899945e+06
-2.567107738519553095e+00 1.313087570953760061e+38 1.010889021028670017e+06
-2.485923455096781254e+00 1.328858922025930032e+38 1.010913164207229973e+06
-2.403434481471776962e+00 1.344828884052479955e+38 1.010937912709039985e+06
-2.319562318007228896e+00 1.360954547769390034e+38 1.010963208579560043e+06
-2.234298382274573669e+00 1.377184555490560086e+38 1.010988965698290034e+06
-2.147754543082555756e+00 1.393441691479229916e+38 1.011015060151229962e+06
-2.059821755217853934e+00 1.409673347967529945e+38 1.011041427014000015e+06
-1.970521941781044006e+00 1.425811990714410035e+38 1.011067956119730021e+06
-1.879967524611856788e+00 1.441771238259919971e+38 1.011094505489820032e+06
-1.788074190786574036e+00 1.457486950395159935e+38 1.011120987330100033e+06
-1.694792657566722482e+00 1.472895918416460073e+38 1.011147300643300056e+06
-1.600303644605446607e+00 1.487906558955549928e+38 1.011173265069580055e+06
-1.504548928292933851e+00 1.502448633879410033e+38 1.011198769394029980e+06
-1.407503569527762011e+00 1.516457228177799998e+38 1.011223693457289948e+06
-1.310810999479144812e+00 1.529722039990309995e+38 1.011247514215489966e+06
-1.224109406990464777e+00 1.541389445848590045e+38 1.011267995765800006e+06
-1.146378266043029726e+00 1.551337837093199944e+38 1.011285668970240047e+06
-1.076675087446346879e+00 1.559838271119130055e+38 1.011300932105349959e+06
-1.014389104646397755e+00 1.567101122986109929e+38 1.011314079947139951e+06
-9.587758585403207690e-01 1.573308445975149924e+38 1.011325414866629988e+06
-9.093599194893613458e-01 1.578610645422700019e+38 1.011335156725500012e+06
-8.655708394653629512e-01 1.583135519870190009e+38 1.011343531323750038e+06
-8.268753957527223974e-01 1.586997547356779908e+38 1.011350717366190045e+06
-7.927004467055667192e-01 1.590297832780889929e+38 1.011356895330779953e+06
-7.624814418959431350e-01 1.593126540547509943e+38 1.011362223843390006e+06
-7.354888262634631246e-01 1.595569706342890016e+38 1.011366875223989948e+06
-7.109333407424855977e-01 1.597712619240599928e+38 1.011371015454920009e+06
-6.878645523393061012e-01 1.599639890888559915e+38 1.011374822267099982e+06
-6.644215488922782242e-01 1.601464712095890009e+38 1.011378601081990055e+06
-6.323207942186854780e-01 1.603518081513230026e+38 1.011383604224179988e+06
-5.684402924089226872e-01 1.606572936285480047e+38 1.011392797470330028e+06
-5.017716765869408846e-01 1.610547675078330076e+38 1.011401363176709972e+06
-4.245066078728996217e-01 1.614169256443400059e+38 1.011410230320920004e+06
-3.323495355434715748e-01 1.617472891511029943e+38 1.011419208248430048e+06
-2.232678819855209440e-01 1.620157412867639941e+38 1.011427565940769971e+06
-1.125889863178599626e-01 1.622292326470750082e+38 1.011433734844799968e+06
0.000000000000000000e+00 1.623240554284680046e+38 1.011437745765520027e+06
1.144487310957629234e-01 1.623019669625190090e+38 1.011439498846519971e+06
2.307598796905949712e-01 1.621623558713589944e+38 1.011438911814299994e+06
3.489471651555504650e-01 1.619049193863800012e+38 1.011435915184960002e+06
4.690639716864097863e-01 1.615294567173030028e+38 1.011430451213310007e+06
5.911646644817665219e-01 1.610362483746389943e+38 1.011422472108199960e+06
7.153515033423900604e-01 1.604254819040979967e+38 1.011411938728849986e+06
8.417167720326688141e-01 1.596978604005410004e+38 1.011398823149499949e+06
9.702645241923164576e-01 1.588552973408439991e+38 1.011383122795469943e+06
1.101080690714297816e+00 1.578990017243730076e+38 1.011364841273120022e+06
1.234322391363093629e+00 1.568299844898099929e+38 1.011343984742130036e+06
1.370093537290813401e+00 1.556504158002770092e+38 1.011320581208450021e+06
1.508408931142184883e+00 1.543638507432309979e+38 1.011294694871359970e+06
1.649513758544344455e+00 1.529710282459099949e+38 1.011266361461529974e+06
1.793464116344694048e+00 1.514763574050109942e+38 1.011235670520029962e+06
1.940419865364674479e+00 1.498827308683840024e+38 1.011202712849910022e+06
2.090523123159073293e+00 1.481941270050779917e+38 1.011167595602839952e+06
2.243932923651300371e+00 1.464147841324980039e+38 1.011130443171559949e+06
2.400743219477590173e+00 1.445505961081560035e+38 1.011091398048539995e+06
2.561202621523989365e+00 1.426052824798630039e+38 1.011050620632380014e+06
2.725522919383365661e+00 1.405841690660050017e+38 1.011008264482200029e+06
2.893814010429196060e+00 1.384946516084829970e+38 1.010964534363270039e+06
3.061395174154313281e+00 1.364160101101819955e+38 1.010920903714200016e+06
3.210281843435950577e+00 1.346110894747490032e+38 1.010882272902979981e+06
3.344776703946990892e+00 1.329760695051499909e+38 1.010847623151049949e+06
3.465338138747029006e+00 1.315165741484739986e+38 1.010816806510049966e+06
3.573322900920175016e+00 1.302139488850129990e+38 1.010789439624920022e+06
3.669551335246069357e+00 1.290588526437799993e+38 1.010765262554469984e+06
3.755167945317225531e+00 1.280357722505850008e+38 1.010743935155899962e+06
3.830969525763066486e+00 1.271347599966609982e+38 1.010725207059529959e+06
3.897917786089237779e+00 1.263427786616940044e+38 1.010708793292850023e+06
3.957021725480444729e+00 1.256465735996809977e+38 1.010694406188840047e+06
4.009485490794759244e+00 1.250304285120150062e+38 1.010681718886099989e+06
4.056860351032810286e+00 1.244744332330620020e+38 1.010670330422329949e+06
4.101587026176275685e+00 1.239473900933010020e+38 1.010659636593200034e+06
4.149631548410980031e+00 1.233719178528179913e+38 1.010648197355950018e+06
4.245240147662116215e+00 1.221555488153319950e+38 1.010625616407789988e+06
4.354404230107320473e+00 1.208474683972799937e+38 1.010600034479659982e+06
4.475944387959316373e+00 1.194089335060720037e+38 1.010572015619350015e+06
4.624201270577032119e+00 1.176627828219889945e+38 1.010538574299009982e+06
4.809798312198836356e+00 1.155275310681860002e+38 1.010497937641969998e+06
5.029036965686827898e+00 1.131189987169519916e+38 1.010451856955960044e+06
5.259016340249218047e+00 1.107511117408960041e+38 1.010405871196900029e+06
5.463965823815669864e+00 1.087942435312210010e+38 1.010366888931580004e+06
5.647598123410716653e+00 1.071179504930849931e+38 1.010333575554579962e+06
5.811991758120711893e+00 1.056761902216839990e+38 1.010304996333679999e+06
5.958177037420682609e+00 1.044400743343669980e+38 1.010280530332010007e+06
6.088794779032468796e+00 1.033692803411620079e+38 1.010259401498939958e+06
6.204951542051276192e+00 1.024445756204510020e+38 1.010241170719239977e+06
6.308272699418012053e+00 1.016430078485729985e+38 1.010225385087769944e+06
6.399817098252242431e+00 1.009495616780429914e+38 1.010211728064410039e+06
6.480708995077293366e+00 1.003497350779939996e+38 1.010199911967359949e+06
6.552129513467662036e+00 9.982999830373130171e+37 1.010189671469549998e+06
6.615381843526847661e+00 9.937704736377939164e+37 1.010180749473839998e+06
6.672143347910605371e+00 9.897567350866939615e+37 1.010172857361229951e+06
6.725279762787977234e+00 9.860240178289510596e+37 1.010165563797320006e+06
6.781642087764339522e+00 9.820399448909569146e+37 1.010157908423000015e+06
6.893803114478942007e+00 9.736236287297340054e+37 1.010142960070049972e+06
7.038101753365481272e+00 9.632765440524689865e+37 1.010124152149630012e+06
7.203296575578860939e+00 9.520034935926910394e+37 1.010103325511420029e+06
7.397810066351667047e+00 9.393399415021709355e+37 1.010079834310099948e+06
7.612275041057728231e+00 9.263384126610910538e+37 1.010055219029039959e+06
7.853750147827668115e+00 9.126755422170250718e+37 1.010029128451319993e+06
8.114064332214184105e+00 8.991874811770120185e+37 1.010002832403809996e+06
8.342992635298287496e+00 8.887591452879670901e+37 1.009981143833899987e+06
8.546779449854511768e+00 8.801471036693989344e+37 1.009962932540440001e+06
8.728557757567614317e+00 8.729067087150469579e+37 1.009947476449109963e+06
8.890175064821960405e+00 8.667850703509359745e+37 1.009934301960940007e+06
9.034675479575525969e+00 8.615306024750049725e+37 1.009922942375250044e+06
9.163344401109497994e+00 8.570242539448950640e+37 1.009913135857190005e+06
9.278020278463372961e+00 8.531348304178240228e+37 1.009904627282559988e+06
9.379927638598019257e+00 8.497775454573409906e+37 1.009897239103639964e+06
9.470288459677249193e+00 8.468761026592560159e+37 1.009890818331829971e+06
9.550370864890282974e+00 8.443610346833810026e+37 1.009885226198510034e+06
9.621592314651934430e+00 8.421644789543539768e+37 1.009880326620560023e+06
9.685893666057381779e+00 8.402052158655819662e+37 1.009875958831849974e+06
9.746950162778375670e+00 8.383438976666599753e+37 1.009871853049490019e+06
9.815740951482439414e+00 8.361687424205369963e+37 1.009867245381769957e+06
9.951570643024751917e+00 8.312375207855709733e+37 1.009858189123000018e+06
1.011873941600788385e+01 8.254427266607669686e+37 1.009847101070720004e+06
1.030293042841367424e+01 8.194800738229879733e+37 1.009835148151459987e+06
1.050896486645797268e+01 8.131613442048060433e+37 1.009822198749489966e+06
1.074018801015336066e+01 8.064721275280029745e+37 1.009808228713509976e+06
1.100240832348936237e+01 7.993467791941830133e+37 1.009793108572300058e+06
1.130867981482879259e+01 7.915364799993729698e+37 1.009776370097390027e+06
1.167560940468683839e+01 7.828427594019459798e+37 1.009757497462179977e+06
1.213627169028040953e+01 7.727205047877970131e+37 1.009735359576730058e+06
1.268990422936622053e+01 7.619451964450680077e+37 1.009710744515929953e+06
1.327768240318982862e+01 7.522908956898989788e+37 1.009686646162190009e+06
1.386723301024176180e+01 7.436243012409290002e+37 1.009663990433080005e+06
1.439245395408943295e+01 7.369614374198930146e+37 1.009644834705019952e+06
1.485844274205737747e+01 7.311570787086580080e+37 1.009628341919390019e+06
1.527223453985061496e+01 7.259573174630919853e+37 1.009613921930929995e+06
1.563971439897431992e+01 7.212866578542680446e+37 1.009601229556799983e+06
1.596654459586716257e+01 7.170806073064539701e+37 1.009590003879170050e+06
1.625784081968595274e+01 7.132841133529929717e+37 1.009580034754559980e+06
1.651820990190026350e+01 7.098463744612010072e+37 1.009571144346880028e+06
1.675160322047304362e+01 7.067263307431690428e+37 1.009563186640619999e+06
1.696120531033375300e+01 7.038934941172889769e+37 1.009556045755160041e+06
1.715005199844017625e+01 7.013121283412970334e+37 1.009549615181460045e+06
1.731988014691160060e+01 6.989758073595259751e+37 1.009543833967249957e+06
1.747281712733092718e+01 6.968556648935859730e+37 1.009538629278109991e+06
1.761031320333131589e+01 6.949400168894299670e+37 1.009533951039360021e+06
1.773381273163249716e+01 6.932115646258590034e+37 1.009529750313309953e+06
1.784451644937507808e+01 6.916567367931549625e+37 1.009525984259360004e+06
1.794516394508536905e+01 6.902210159582230296e+37 1.009522557179910014e+06
1.803952712705358863e+01 6.888315990107119774e+37 1.009519331485319999e+06
1.813951792020816356e+01 6.872068285333929880e+37 1.009515859856819967e+06
1.833849959861254320e+01 6.827480477838300426e+37 1.009508579478409956e+06
1.852615742950001732e+01 6.794104080784419627e+37 1.009501590331980027e+06
1.874177916208282113e+01 6.753583971569439915e+37 1.009493599380129948e+06
1.898589204257586971e+01 6.708355083829149597e+37 1.009484609993600054e+06
1.926775101295788772e+01 6.656790680123499698e+37 1.009474371653869981e+06
1.960137606985517778e+01 6.596764721248520330e+37 1.009462487084890017e+06
1.989799989154562354e+01 6.554021869429770382e+37 1.009452322371750022e+06
2.016499004088109359e+01 6.516566703510580301e+37 1.009443453647269984e+06
2.040494386976934038e+01 6.482951630131149553e+37 1.009435618886710028e+06
2.062151290770270862e+01 6.452324292544999840e+37 1.009428613008719985e+06
2.081670817165286280e+01 6.424558658474879555e+37 1.009422329941119999e+06
2.099312927122809924e+01 6.399259638805039899e+37 1.009416666909510037e+06
2.115240486743277870e+01 6.376308632194079875e+37 1.009411562284389976e+06
2.129616553301457316e+01 6.355499202911259599e+37 1.009406959551839973e+06
2.142578773800050840e+01 6.336661670558969637e+37 1.009402810324589955e+06
2.154451265846728347e+01 6.319115786855120186e+37 1.009399005836079945e+06
2.165697066506254487e+01 6.301926994838159735e+37 1.009395384828950046e+06
2.177943029231391847e+01 6.281057184374409734e+37 1.009391364278289955e+06
2.202312495055957697e+01 6.226072667428220368e+37 1.009382903328510001e+06
2.222647622262593359e+01 6.193720156370739690e+37 1.009375856202980038e+06
2.246709206499508582e+01 6.149272427509020067e+37 1.009367607049030019e+06
2.268475895287701860e+01 6.114710418554739722e+37 1.009360263161830022e+06
2.288167075975798070e+01 6.084323206117849564e+37 1.009353748783060000e+06
2.305986688003758900e+01 6.056998082376930415e+37 1.009347932426300016e+06
2.322114814052474685e+01 6.032277230949319678e+37 1.009342715317729977e+06
2.336720378234167583e+01 6.009863092532379827e+37 1.009338018802030012e+06
2.350026586797321215e+01 5.989325772317240011e+37 1.009333755026509985e+06
2.362451266768039204e+01 5.969750917143559845e+37 1.009329774186089984e+06
2.375084820066695102e+01 5.948499794672739790e+37 1.009325688017130014e+06
2.396447396991425194e+01 5.902436181153179721e+37 1.009318471635260037e+06
2.416987183928722516e+01 5.866237844687439917e+37 1.009311495239950018e+06
2.440727959887590259e+01 5.821943251182169962e+37 1.009303490582389990e+06
2.462971684589865617e+01 5.785350636448909905e+37 1.009296122011309955e+06
2.483143450549687259e+01 5.753722461024840427e+37 1.009289578621619963e+06
2.501433648570673540e+01 5.725320189821839757e+37 1.009283733062549960e+06
2.518032922153361142e+01 5.699568298738929985e+37 1.009278481498840032e+06
2.533102316103759222e+01 5.676163996803009802e+37 1.009273743074300000e+06
2.547012908870237879e+01 5.654267538504199705e+37 1.009269381161320023e+06
2.560380575573071837e+01 5.632523062270420368e+37 1.009265177488010027e+06
2.575494207747397013e+01 5.605073318266800258e+37 1.009260328504750039e+06
2.594043687917292118e+01 5.568922665527010106e+37 1.009254234338709968e+06
2.610850813999422826e+01 5.540445375701100399e+37 1.009248708534509991e+06
2.626174321182770655e+01 5.515010531569659653e+37 1.009243717269730056e+06
2.640391134825767949e+01 5.491261154385999612e+37 1.009239114543849952e+06
2.654273590989760123e+01 5.467243129952469981e+37 1.009234618190060020e+06
2.671166402669041418e+01 5.434067935067039938e+37 1.009229031975939986e+06
2.691544930517557077e+01 5.393220464812599795e+37 1.009222188512390014e+06
2.709890449434169568e+01 5.361527343987340056e+37 1.009216083544490044e+06
2.726611387752927840e+01 5.333258818865130253e+37 1.009210603956789942e+06
2.741996735252905637e+01 5.307315337739619602e+37 1.009205619583719992e+06
2.756505914803710766e+01 5.282531162293390382e+37 1.009200946908390033e+06
2.771486351601197384e+01 5.255473896160459985e+37 1.009196098915879964e+06
2.790432538438471965e+01 5.217348940343259629e+37 1.009189842551519978e+06
2.807566514360951260e+01 5.187404911855990381e+37 1.009184199397890014e+06
2.823375718048191629e+01 5.160144113860790355e+37 1.009179052695430000e+06
2.838301791533012874e+01 5.134234305120639983e+37 1.009174229706319980e+06
2.853717964395764284e+01 5.106083001493900286e+37 1.009169234171129996e+06
2.875127435429021716e+01 5.061506529934559881e+37 1.009162151129990001e+06
2.894358138536335900e+01 5.028182424529500037e+37 1.009155851875429973e+06
2.911977515486069024e+01 4.998352491780820028e+37 1.009150188081400003e+06
2.928218705672770739e+01 4.971101521604489840e+37 1.009145042342619970e+06
2.943654945408343337e+01 4.944929318075409879e+37 1.009140195218389970e+06
2.959881366183981299e+01 4.915869821070239713e+37 1.009135083458030014e+06
2.979137100567459129e+01 4.879048279468339935e+37 1.009128940206349944e+06
2.996693390674772672e+01 4.849344187110340265e+37 1.009123384457719978e+06
3.013007807571557350e+01 4.822132217681109566e+37 1.009118293850069982e+06
3.028826860163826495e+01 4.795373109031269586e+37 1.009113399217569968e+06
3.046840617974521592e+01 4.762309511845350068e+37 1.009107778722840012e+06
3.072712624585255980e+01 4.710920104914959607e+37 1.009099622064130032e+06
3.095960246969480067e+01 4.674116953747860381e+37 1.009092491280419985e+06
3.117157608244451694e+01 4.641737717212909930e+37 1.009086191790899960e+06
3.136558287654770538e+01 4.612610589031259918e+37 1.009080559356300044e+06
3.154418258502846584e+01 4.586087240762929685e+37 1.009075462543620029e+06
3.171296358859399334e+01 4.560912803989180279e+37 1.009070701216369984e+06
3.188333249618881382e+01 4.534643916454059861e+37 1.009065907045720029e+06
3.212238182610599324e+01 4.491971582916760029e+37 1.009059032314260025e+06
3.236692775282426737e+01 4.454041055945369560e+37 1.009052078362090047e+06
3.261069115973077714e+01 4.418121846129249700e+37 1.009045315334990039e+06
3.283310509170405567e+01 4.387830037033719934e+37 1.009039307731620036e+06
3.303704831071081571e+01 4.360531317833720354e+37 1.009033916853270028e+06
3.322532150821643881e+01 4.335496744044439759e+37 1.009029013616380049e+06
3.340394636726705357e+01 4.311493951551749529e+37 1.009024402006200049e+06
3.358517605427186936e+01 4.286121435860179670e+37 1.009019717191089992e+06
3.384285549071501009e+01 4.243834163591179805e+37 1.009012868416590034e+06
3.407648575011990033e+01 4.212950829540780042e+37 1.009006749025510042e+06
3.429164185543777421e+01 4.185009636324349766e+37 1.009001234383699950e+06
3.448981756658758968e+01 4.159506424550139849e+37 1.008996231628529960e+06
3.467708033646340482e+01 4.135171228152590096e+37 1.008991548534239992e+06
3.486304742840002291e+01 4.110301678866539874e+37 1.008986904721289990e+06
3.509189169495948590e+01 4.075847611759479965e+37 1.008981066479639965e+06
3.533228708876413293e+01 4.042141814332179886e+37 1.008974933888709988e+06
3.555265562352724373e+01 4.014147265824349793e+37 1.008969416642189957e+06
3.575716541512520052e+01 3.988431078977400184e+37 1.008964383771740017e+06
3.595052058828878216e+01 3.964025553978659767e+37 1.008959677187709953e+06
3.614379976291093044e+01 3.938861010097220114e+37 1.008954983224979951e+06
3.638675530278123915e+01 3.903124252171719808e+37 1.008948951277559972e+06
3.662992826869594865e+01 3.870982030132610128e+37 1.008942943538969965e+06
3.685383214589091949e+01 3.843405018458579983e+37 1.008937518451989978e+06
3.706152617602492683e+01 3.818112521962340021e+37 1.008932569662490045e+06
3.725993146840482950e+01 3.793707577739269777e+37 1.008927887964150053e+06
3.746267422178061679e+01 3.767762075501040016e+37 1.008923098435829976e+06
3.771641616072156467e+01 3.731604383911639909e+37 1.008916967847430031e+06
3.794798441050807014e+01 3.703478779522380126e+37 1.008911441081480007e+06
3.816282905876869336e+01 3.677607947101589960e+37 1.008906396575120045e+06
3.836705601369612850e+01 3.652850199436300033e+37 1.008901651666349964e+06
3.857280903289210983e+01 3.627144681899210088e+37 1.008896880099670030e+06
3.883244289856520481e+01 3.590823532735069818e+37 1.008890726546920021e+06
3.907282138767186552e+01 3.561907978104269884e+37 1.008885091351439944e+06
3.929577188382972963e+01 3.535557439163260015e+37 1.008879954836459947e+06
3.950681679480476305e+01 3.510569906131630181e+37 1.008875150984570035e+06
3.971556422553840093e+01 3.485413554793209893e+37 1.008870425607920042e+06
3.995752898140926845e+01 3.453607761406220218e+37 1.008864861088720034e+06
4.020683124926290475e+01 3.422479775340970099e+37 1.008859125596789992e+06
4.043704221470397897e+01 3.395874862518879884e+37 1.008853919109779992e+06
4.065388662612531334e+01 3.370938505360710125e+37 1.008849087568970048e+06
4.086693191016092896e+01 3.346057632527790220e+37 1.008844376356899971e+06
4.110350448259850964e+01 3.316500114087750233e+37 1.008839091170249972e+06
4.135489723083446734e+01 3.285438077595960128e+37 1.008833438063450041e+06
4.158688646677182987e+01 3.259206704517459850e+37 1.008828302806640044e+06
4.180722546082688496e+01 3.234342124909949814e+37 1.008823497473930009e+06
4.202557801146758720e+01 3.209413207876519983e+37 1.008818775614300044e+06
4.227375018061138690e+01 3.179010481410600144e+37 1.008813350204830058e+06
4.256296642200322822e+01 3.143337623988420106e+37 1.008806995702989982e+06
4.282736208918504417e+01 3.115237422363400071e+37 1.008801340558049968e+06
4.307133569655707106e+01 3.089811991401120036e+37 1.008796246423540055e+06
4.330118215316906571e+01 3.065942221729019773e+37 1.008791526958610048e+06
4.352457061150926165e+01 3.042589734917619915e+37 1.008786983460490010e+06
4.376212296617450193e+01 3.016583052368900010e+37 1.008782135586639983e+06
4.403180724391131662e+01 2.985538139759740230e+37 1.008776528765599942e+06
4.428014197296579368e+01 2.960092290243660058e+37 1.008771442536700051e+06
4.451346161236870103e+01 2.936371625104319939e+37 1.008766740056989947e+06
4.474161700400873087e+01 2.912966417627849903e+37 1.008762187805059948e+06
4.498488262834143825e+01 2.887023956508460147e+37 1.008757327234530007e+06
4.537471285279025324e+01 2.839670709752290162e+37 1.008749348545819987e+06
4.566709030483616516e+01 2.815906150949300100e+37 1.008743671122379950e+06
4.603313435835298151e+01 2.777620223921560203e+37 1.008736681066410034e+06
4.636205403495114297e+01 2.749676718269340092e+37 1.008730642193799955e+06
4.666102104671881534e+01 2.724729648251759830e+37 1.008725314149610000e+06
4.693517823974252678e+01 2.702050178867069882e+37 1.008720521163010038e+06
4.718940520621254109e+01 2.681073729880719789e+37 1.008716126593680005e+06
4.743235664881649427e+01 2.660753456525440083e+37 1.008711946746699978e+06
4.767550097254570574e+01 2.639848823301259790e+37 1.008707752899150015e+06
4.795168880812707357e+01 2.614012973437529833e+37 1.008702878281489946e+06
4.826087512652156875e+01 2.584687413206290209e+37 1.008697315928820055e+06
4.854305013554403558e+01 2.561008812818219916e+37 1.008692327092560008e+06
4.880452954219072126e+01 2.539182159240710050e+37 1.008687774546460016e+06
4.905315553321270272e+01 2.518270244107690209e+37 1.008683482658970053e+06
4.930151665094308555e+01 2.496878572687320193e+37 1.008679198589810054e+06
4.958086432365234941e+01 2.471107212191900014e+37 1.008674298108360032e+06
4.987600920279510319e+01 2.443909431128510050e+37 1.008669031051830039e+06
5.014790936323697679e+01 2.420804132637340125e+37 1.008664243264260003e+06
5.040455862626549788e+01 2.399045816667540130e+37 1.008659778896940057e+06
5.065637061157030985e+01 2.377490687909269853e+37 1.008655426344570005e+06
5.092751143162604421e+01 2.353295647136420207e+37 1.008650716406050022e+06
5.123748821043409407e+01 2.324411051250399923e+37 1.008645221775409998e+06
5.152123546189977787e+01 2.300514701887279871e+37 1.008640248239899985e+06
5.178708292543888092e+01 2.278293127009150077e+37 1.008635660323980032e+06
5.204403033960261382e+01 2.256852867787710211e+37 1.008631273325389950e+06
5.231131900736363605e+01 2.234027439497940172e+37 1.008626720916740014e+06
5.264684739525546320e+01 2.203001359380750047e+37 1.008620889129820047e+06
5.295150085265049711e+01 2.178255490976070014e+37 1.008615648733400041e+06
5.323305128247011453e+01 2.155641404227600205e+37 1.008610897714899969e+06
5.350052584757213481e+01 2.134350332248420069e+37 1.008606451985039981e+06
5.376584177243057638e+01 2.113149546570339907e+37 1.008602079950229963e+06
5.405710384753183462e+01 2.088957554831519895e+37 1.008597261754040024e+06
5.439226235050591640e+01 2.059876885274830059e+37 1.008591600266739959e+06
5.469782269166898914e+01 2.036363588783680039e+37 1.008586539855669951e+06
5.498207724574604072e+01 2.014839158126270050e+37 1.008581928329590010e+06
5.525419842751580290e+01 1.994375786352119974e+37 1.008577578066880000e+06
5.553065693643293343e+01 1.973307882063059982e+37 1.008573186491110013e+06
5.585175266867736354e+01 1.947393767076090022e+37 1.008568022207360016e+06
5.619623298334772699e+01 1.919869362362659985e+37 1.008562421804000041e+06
5.651080192936933599e+01 1.897074898432900049e+37 1.008557424763659947e+06
5.680382385925622657e+01 1.876233398043490049e+37 1.008552866219819989e+06
5.680385204195044935e+01 1.887593681066689944e+37 1.008985901383219985e+06
5.680386270993039943e+01 1.887678167768109972e+37 1.008987673817220028e+06
5.680388393922476098e+01 1.887614892717860115e+37 1.008987584264960024e+06
5.680392618550104089e+01 1.887620392688379917e+37 1.008988503463899950e+06
5.680397537743556313e+01 1.887626635834910099e+37 1.008989579109600047e+06
5.680403284530621022e+01 1.887633803491609971e+37 1.008990803788190009e+06
5.680410025740275159e+01 1.887642015834580039e+37 1.008992197256049956e+06
5.680417971964925528e+01 1.887651423995680067e+37 1.008993784122069948e+06
5.680427368581877090e+01 1.887662193280520013e+37 1.008995571699660039e+06
5.680438613978913054e+01 1.887674586446219916e+37 1.008997592302719946e+06
5.680452166229952127e+01 1.887688859128900075e+37 1.008999854896449950e+06
5.680468725337414071e+01 1.887705371115670054e+37 1.009002366820930038e+06
5.680489343963563442e+01 1.887724623412090000e+37 1.009005123219360015e+06
5.680513137098751031e+01 1.887745480496319920e+37 1.009007833605739987e+06
5.680537276377435774e+01 1.887765552756150086e+37 1.009010134433040046e+06
5.680562255936092697e+01 1.887784927230280044e+37 1.009012108067790046e+06
5.680588360258843750e+01 1.887803838907539973e+37 1.009013777961599990e+06
5.680616320710396394e+01 1.887822691601550004e+37 1.009015203259440023e+06
5.680646729213185608e+01 1.887841760736409938e+37 1.009016402971170028e+06
5.680680745534482412e+01 1.887861498627699993e+37 1.009017404194450006e+06
5.680720106966327876e+01 1.887882493892539981e+37 1.009018245380279957e+06
5.680766593234147877e+01 1.887905198123929963e+37 1.009018886424920056e+06
5.680827412061626092e+01 1.887931634467730032e+37 1.009019355904050055e+06
5.680915338234626688e+01 1.887964939824849901e+37 1.009019630073079956e+06
5.681067311036167666e+01 1.888012371141999998e+37 1.009019656938230037e+06
5.681369736912893131e+01 1.888081822774149956e+37 1.009019490161019959e+06
5.681971564405830577e+01 1.888083834414850029e+37 1.009019837705619982e+06
5.683169201118289493e+01 1.887036716077210068e+37 1.009022533785860054e+06
5.685552498177275993e+01 1.880579665231769967e+37 1.009030760620440007e+06
5.690295259325648658e+01 1.861058318289109997e+37 1.009047286570179975e+06
5.699733354008640163e+01 1.827298865327059915e+37 1.009070580249659950e+06
5.718515162426047027e+01 1.790344637470829988e+37 1.009093438697990030e+06
5.749218680406920612e+01 1.763564559413169951e+37 1.009106289657630026e+06
5.787387600992224179e+01 1.744888019956699966e+37 1.009108442984789959e+06
5.821794374193996191e+01 1.732239516042449886e+37 1.009105640146150021e+06
5.853387332239071839e+01 1.720237433288940102e+37 1.009101078912699944e+06
5.882990507586509921e+01 1.708258914153250026e+37 1.009095797321090009e+06
5.911898939392995089e+01 1.695607498283759957e+37 1.009090011133880005e+06
5.942216931699658744e+01 1.681017454040790094e+37 1.009083423919809982e+06
5.981798055313993245e+01 1.658520802221039930e+37 1.009073979770730017e+06
6.018362240114947781e+01 1.639657662073530064e+37 1.009064999951079953e+06
6.051761794893536717e+01 1.622641335350689916e+37 1.009056773986650049e+06
6.082961091471952386e+01 1.606735961128340029e+37 1.009049103808620013e+06
6.113086678556283005e+01 1.591258017474179958e+37 1.009041709614880034e+06
6.143824558253982104e+01 1.575032879662939964e+37 1.009034138558920007e+06
6.180559794549481012e+01 1.553875474477819975e+37 1.009024879748529987e+06
6.221142884768778458e+01 1.530448025185399959e+37 1.009014485912490054e+06
6.257982058799825609e+01 1.511496473026029924e+37 1.009005249354820000e+06
6.291900074153090827e+01 1.494497610863430028e+37 1.008996937185980030e+06
6.323977231135359034e+01 1.478575570903360068e+37 1.008989213450939977e+06
6.355516696453560144e+01 1.462879134958959914e+37 1.008981706559229991e+06
6.389141838077921420e+01 1.445566533010140089e+37 1.008973707813989953e+06
6.435497646688600071e+01 1.419251511242939951e+37 1.008962400347899995e+06
6.477290433942107484e+01 1.398559347160880017e+37 1.008952370249469997e+06
6.515458363699144684e+01 1.380247581256240050e+37 1.008943437435779953e+06
6.550818687834544107e+01 1.363713652338980099e+37 1.008935342527349945e+06
6.584484073737985454e+01 1.348121854814840107e+37 1.008927760162299965e+06
6.617987883245223202e+01 1.332468352202220118e+37 1.008920280665940023e+06
6.654625331290299073e+01 1.314593116025340068e+37 1.008912066014860058e+06
6.704510576973552816e+01 1.288219854607270022e+37 1.008900596975199995e+06
6.749464569668634795e+01 1.267279700344270012e+37 1.008890433738140040e+06
6.790615899791009724e+01 1.248699020145079924e+37 1.008881354019970051e+06
6.828677721790154465e+01 1.231934236843540049e+37 1.008873128596629947e+06
6.864889799960656092e+01 1.216078303868929995e+37 1.008865413847340038e+06
6.900739663912099786e+01 1.200281311093839961e+37 1.008857836367930053e+06
6.939260291121900082e+01 1.182687629209620030e+37 1.008849661774580018e+06
6.995099321383167990e+01 1.154722268767979973e+37 1.008837456696699956e+06
7.045636751604615711e+01 1.132256336817460100e+37 1.008826567034770036e+06
7.091781891239224933e+01 1.112393615380459960e+37 1.008816849790700013e+06
7.134513227242860012e+01 1.094431626319599899e+37 1.008808027347650030e+06
7.174842739553423598e+01 1.077675557558770073e+37 1.008799819557499955e+06
7.214173828263301402e+01 1.061277687102969944e+37 1.008791875432620058e+06
7.254852200596360490e+01 1.044005105692310039e+37 1.008783660684249946e+06
7.303863049545907415e+01 1.021882080218299986e+37 1.008773574793210020e+06
7.364903637208044529e+01 9.937625871111169860e+36 1.008760798772259965e+06
7.420783826906699687e+01 9.710264718333340568e+36 1.008749430632420001e+06
7.472371720458613709e+01 9.505734308238839430e+36 1.008739188285390032e+06
7.520574872617726214e+01 9.317487404398519570e+36 1.008729781267910032e+06
7.566480273733031936e+01 9.139715834778379836e+36 1.008720925177879981e+06
7.611825272731948644e+01 8.963498783147209999e+36 1.008712222944900044e+06
7.659589793442864902e+01 8.775486209183780287e+36 1.008703047728309990e+06
7.720056948772980832e+01 8.524382565857709928e+36 1.008691197305290028e+06
7.792669490264961496e+01 8.225918311390740016e+36 1.008676866940369946e+06
7.860825120256049559e+01 7.977560629662029695e+36 1.008663897093949956e+06
7.924528344970894977e+01 7.750155767135570183e+36 1.008652047775209998e+06
7.985030009030015208e+01 7.537054414700859926e+36 1.008640959092570003e+06
8.043013284335029311e+01 7.335794777017799877e+36 1.008630442625120049e+06
8.100436999564408325e+01 7.138082529478680588e+36 1.008620099070930039e+06
8.159923861362040043e+01 6.933657740563199705e+36 1.008609410982960020e+06
8.229938634301652201e+01 6.687889060913500150e+36 1.008596716509500053e+06
8.331441619907855056e+01 6.333311271059040394e+36 1.008578262626389973e+06
8.427780105164856650e+01 6.034440749132789839e+36 1.008561385193170048e+06
8.523598599212709814e+01 5.745394969988849927e+36 1.008544993351239944e+06
8.617729873995995149e+01 5.474703024069550349e+36 1.008529275697830017e+06
8.710920342529425398e+01 5.216737922160639730e+36 1.008514024446079973e+06
8.804185441043227911e+01 4.970843694671560117e+36 1.008499111743150046e+06
8.900047401295159943e+01 4.726939712083300024e+36 1.008484062635399983e+06
9.003249219708959572e+01 4.477196552184360190e+36 1.008468231325409957e+06
9.128544799773953855e+01 4.190669242735680021e+36 1.008449533421540051e+06
9.286439699726179242e+01 3.852454604551509834e+36 1.008426747261469951e+06
