# time luminosity radius
-2.103276027880929178e+01 4.839425275426530294e+35 1.008166211626149947e+06
-1.836200536487012869e+01 5.047563967146740334e+35 1.008169417748489999e+06
-1.561048198620119365e+01 5.346629699441890044e+35 1.008174782351700007e+06
-1.534211139853869099e+01 5.378756623834300352e+35 1.008175350236700033e+06
-1.480805392908223439e+01 5.443853729026609694e+35 1.008176596444159979e+06
-1.374527956486417679e+01 5.596903900687889730e+35 1.008179652309139958e+06
-1.355198325525998371e+01 5.626443655238919645e+35 1.008180235189249972e+06
-1.316732359915476991e+01 5.687858497308709947e+35 1.008181495832880028e+06
-1.240185088349971920e+01 5.829425367615229733e+35 1.008184499429399963e+06
-1.227304861887387233e+01 5.854476993419280349e+35 1.008185024787000031e+06
-1.201673211227171123e+01 5.906029788376250136e+35 1.008186143701369991e+06
-1.150666226413159166e+01 6.020809151842200202e+35 1.008188707135339966e+06
-1.055497680904954905e+01 6.304304782008520155e+35 1.008195439678029972e+06
-9.916340461008076090e+00 6.544562800069959777e+35 1.008201593430389999e+06
-9.434788816070067696e+00 6.766092685447779384e+35 1.008207712892799987e+06
-9.063349742180434987e+00 6.971254040270149591e+35 1.008213793169280048e+06
-8.753536712843924761e+00 7.176623201609799408e+35 1.008220116860519978e+06
-8.480920153277111240e+00 7.395188554346410557e+35 1.008227412468860042e+06
-8.393081766393152066e+00 7.470844809481779676e+35 1.008229986814460019e+06
-8.329230251983972266e+00 7.529047839512729818e+35 1.008231996560220025e+06
-8.281955572667357046e+00 7.572792011955129620e+35 1.008233567822539946e+06
-8.244142493342224043e+00 7.610162094365720344e+35 1.008234880316970055e+06
-8.206998480643960647e+00 7.646740821744520011e+35 1.008236229242090019e+06
-8.148743342819216195e+00 7.708305629038369643e+35 1.008238524786159978e+06
-8.078914172161603346e+00 7.787731979414629685e+35 1.008241600862920051e+06
-8.023069594164553564e+00 7.855162603585289743e+35 1.008244310935499961e+06
-7.973347256302076858e+00 7.917907530404119487e+35 1.008246971834789962e+06
-7.928854834484809544e+00 7.976464180051840067e+35 1.008249590461879969e+06
-7.889062384805583861e+00 8.032718277769119668e+35 1.008252156247840030e+06
-7.851158037650748156e+00 8.088655049078649981e+35 1.008254909560870030e+06
-7.823229894122050609e+00 8.135032181050200115e+35 1.008257238082580036e+06
-7.821165610555908643e+00 8.131905210723079757e+35 1.008257425879759947e+06
-7.817057686253974680e+00 8.157200395911140306e+35 1.008257848474779981e+06
-7.812029495267779566e+00 8.131633852181980419e+35 1.008258511360310018e+06
-7.809953563977614976e+00 8.158843107139359517e+35 1.008258804136530031e+06
-7.809938232654531021e+00 8.147958537913109809e+35 1.008258811677920050e+06
-7.809922554988588672e+00 8.147981278807039838e+35 1.008258822418599972e+06
-7.809908515242568683e+00 8.148002043420629561e+35 1.008258833654809976e+06
-7.809893931917031296e+00 8.148023387411480040e+35 1.008258845608760021e+06
-7.809876121151319239e+00 8.148050010911630595e+35 1.008258860245830030e+06
-7.809852993166714441e+00 8.148084812319349509e+35 1.008258880253399955e+06
-7.809823185794812161e+00 8.148129533315079711e+35 1.008258908985989983e+06
-7.809784505647257902e+00 8.148187341034580142e+35 1.008258952414270025e+06
-7.809752318171376828e+00 8.148235799323269563e+35 1.008259002576039988e+06
-7.809732675501436461e+00 8.148265082278040274e+35 1.008259039939280017e+06
-7.809717838958022185e+00 8.148285830856139531e+35 1.008259068809150020e+06
-7.809703481274482328e+00 8.148306788954000476e+35 1.008259096795020043e+06
-7.809689303583581932e+00 8.148327822859719850e+35 1.008259124874250032e+06
-7.809675603588402737e+00 8.148347916282849281e+35 1.008259152231939952e+06
-7.809662214443960693e+00 8.148367751359599496e+35 1.008259179475320037e+06
-7.809649699207511730e+00 8.148385600117019744e+35 1.008259204195459955e+06
-7.809636568956193514e+00 8.148404871959210671e+35 1.008259229079080047e+06
-7.809622759392368607e+00 8.148424972091609816e+35 1.008259253315660055e+06
-7.809607819930533879e+00 8.148446860230189724e+35 1.008259276480630040e+06
-7.809594662903691642e+00 8.148466364020490682e+35 1.008259294345699949e+06
-7.809582459245575592e+00 8.148484476752490638e+35 1.008259308533260017e+06
-7.809570480996626429e+00 8.148502461865089424e+35 1.008259320265420014e+06
-7.809558105087489821e+00 8.148521209340589314e+35 1.008259330395999947e+06
-7.809544727926549967e+00 8.148541473819899877e+35 1.008259339350420050e+06
-7.809529110374569427e+00 8.148565227549409716e+35 1.008259347761860001e+06
-7.809508968159207143e+00 8.148595877503719823e+35 1.008259356487090001e+06
-7.809479385323356837e+00 8.148640789961919727e+35 1.008259366944340058e+06
-7.809424086874059867e+00 8.148724579402600648e+35 1.008259383601919981e+06
-7.809314042955520563e+00 8.148891164658709803e+35 1.008259415606640046e+06
-7.809095055563375354e+00 8.149222535043229489e+35 1.008259483237599954e+06
-7.808659270645875949e+00 8.149881885931930607e+35 1.008259633430000045e+06
-7.808174439705908298e+00 8.150616663211239785e+35 1.008259772527600056e+06
-7.807698314143635798e+00 8.151339170653620024e+35 1.008259889383830014e+06
-7.807132562884362414e+00 8.152196210262400206e+35 1.008260110545090050e+06
-7.806751061361865140e+00 8.152775292075100036e+35 1.008260228451829986e+06
-7.806243464074213989e+00 8.153544888966560199e+35 1.008260430634789984e+06
-7.805763483156624716e+00 8.154273997253459679e+35 1.008260583484580042e+06
-7.805089162357035093e+00 8.155297900805579560e+35 1.008260842048540013e+06
-7.804331443410774227e+00 8.160230089133949558e+35 1.008261068697670009e+06
-7.803140046577027533e+00 8.157620804790339535e+35 1.008261470053649973e+06
-7.801738778733124491e+00 8.163926368649349606e+35 1.008261823016599985e+06
-7.799963723758992273e+00 8.165889787230620214e+35 1.008262288681169972e+06
-7.798108681097801309e+00 8.166536276872770577e+35 1.008262687941109994e+06
-7.794417146207706537e+00 8.185368957659369711e+35 1.008263453008770011e+06
-7.788285607290163171e+00 8.198844506510299666e+35 1.008264761664410005e+06
-7.779608984747028444e+00 8.228983872889579714e+35 1.008266752430840046e+06
-7.769902753629139625e+00 8.250333504280269328e+35 1.008269320448710001e+06
-7.764500203258648980e+00 8.225862239016139703e+35 1.008270736957899993e+06
-7.757691103252000175e+00 8.236382125317650404e+35 1.008272454497860046e+06
-7.744731576050980948e+00 8.253319606811970061e+35 1.008275761146230041e+06
-7.733750311017502099e+00 8.273766584689179572e+35 1.008278426221149974e+06
-7.717209530354011804e+00 8.298809785315300265e+35 1.008282330776470015e+06
-7.696806117477535736e+00 8.338159023378739757e+35 1.008287047566049965e+06
-7.673215239359706175e+00 8.408033068114349677e+35 1.008292404277620022e+06
-7.647921785341168288e+00 8.644555323522320024e+35 1.008298246959349955e+06
-7.620984228342422284e+00 9.245210122854030117e+35 1.008304495154330041e+06
-7.591721687902463600e+00 1.086935469467800042e+36 1.008311438747199951e+06
-7.560285478422883898e+00 1.923483610553920066e+36 1.008319539127080003e+06
-7.533590230836125556e+00 2.672826441112180055e+36 1.008326583773960010e+06
-7.497012148727662861e+00 3.087642884898449962e+36 1.008336767907429952e+06
-7.464959609591460321e+00 3.733155023118549852e+36 1.008346141425370006e+06
-7.434488783175766002e+00 4.129297461750080254e+36 1.008355499631979968e+06
-7.406706596775620710e+00 4.723874563234150202e+36 1.008364526133510051e+06
-7.380479465995449573e+00 5.037685213614730198e+36 1.008373468326229951e+06
-7.354932996568095405e+00 5.658324820075939832e+36 1.008382748682079953e+06
-7.331601427620626055e+00 5.969481665304219611e+36 1.008391615342849982e+06
-7.309570433055341709e+00 6.260930063297310396e+36 1.008400362907289993e+06
-7.288972879643552005e+00 6.556992087655129534e+36 1.008408905480970046e+06
-7.269173617300111800e+00 6.890561589572550419e+36 1.008417507240509964e+06
-7.250600646810198668e+00 7.802936822660320343e+36 1.008426166514649987e+06
-7.232890982246317435e+00 8.071353450467940394e+36 1.008434733250429970e+06
-7.215791525195527356e+00 8.343143571568000366e+36 1.008443309017420048e+06
-7.199260586312448140e+00 8.617572184423709874e+36 1.008451891122919973e+06
-7.183123476366745308e+00 8.895008287401600184e+36 1.008460553802300012e+06
-7.167339580031693913e+00 9.176564214973440235e+36 1.008469305804340052e+06
-7.152054572128690779e+00 9.459041950670299516e+36 1.008478051725980011e+06
-7.137144358654040843e+00 9.742667995352669824e+36 1.008486846252450021e+06
-7.122512351321347523e+00 1.002830694846519960e+37 1.008495734478070051e+06
-7.108090583868033718e+00 1.031741096477779972e+37 1.008504749896849971e+06
-7.093831756428699009e+00 1.063559401518949987e+37 1.008513986036219983e+06
-7.079721185931703076e+00 1.094984226729849907e+37 1.008523385039980058e+06
-7.065823320052004419e+00 1.126323014457939941e+37 1.008532902904690010e+06
-7.052097038926149253e+00 1.157859099047419980e+37 1.008542564499769942e+06
-7.038552872014406603e+00 1.189561167210550066e+37 1.008552358332999982e+06
-7.025204827041306999e+00 1.221468602784760060e+37 1.008562269898829982e+06
-7.012102385735488497e+00 1.253371090209719914e+37 1.008572249169750023e+06
-6.999291907537553925e+00 1.285513284209580027e+37 1.008582254822760005e+06
-6.986790540962829255e+00 1.316279104989189963e+37 1.008592256077429978e+06
-6.974573131679790094e+00 1.347503579793240065e+37 1.008602266720309970e+06
-6.962637171156529803e+00 1.379430231601320019e+37 1.008612280478170025e+06
-6.950958467110467609e+00 1.411000281510050104e+37 1.008622309032800025e+06
-6.939585727777739521e+00 1.442359282073759931e+37 1.008632306068129954e+06
-6.928482014634937514e+00 1.473541337813609909e+37 1.008642290604799986e+06
-6.917630285657651257e+00 1.504652350048450001e+37 1.008652281551350025e+06
-6.907005466338887345e+00 1.535833049040190092e+37 1.008662306621819967e+06
-6.896588812960544601e+00 1.567190745269140118e+37 1.008672389889620012e+06
-6.886372278742783237e+00 1.598831189379579926e+37 1.008682545261019957e+06
-6.876345555698208045e+00 1.630753903040710091e+37 1.008692782639440033e+06
-6.866496603550331201e+00 1.663152142294669969e+37 1.008703099883900024e+06
-6.856810617828159593e+00 1.696503138010310096e+37 1.008713486234480049e+06
-6.847274455649312586e+00 1.731549640218180013e+37 1.008723947862050030e+06
-6.838329847530985717e+00 1.765758219031940072e+37 1.008733954404389951e+06
-6.829448787822911981e+00 1.802395483718700044e+37 1.008744070218979963e+06
-6.820610955219308380e+00 1.840778175759059920e+37 1.008754321535159950e+06
-6.812037917094130535e+00 1.879509476232660054e+37 1.008764428964389954e+06
-6.803900548817182425e+00 1.917767240516030058e+37 1.008774170501720044e+06
-6.796149372945365030e+00 1.955205513898160062e+37 1.008783578151330003e+06
-6.788829567885841243e+00 1.991196346178909962e+37 1.008792578449810040e+06
-6.781688372902863193e+00 2.027373256119849956e+37 1.008801467842670041e+06
-6.774859316261427011e+00 2.061848040526690096e+37 1.008810062058259966e+06
-6.768206246852059849e+00 2.095306594260160016e+37 1.008818520618039998e+06
-6.761725007665518206e+00 2.128252489271769815e+37 1.008826843166909995e+06
-6.755457419938466046e+00 2.159929128765869942e+37 1.008834960127569968e+06
-6.749364738658186980e+00 2.190781375294899778e+37 1.008842922659670003e+06
-6.743421022598340642e+00 2.220690883171200134e+37 1.008850752166860038e+06
-6.737606333670555614e+00 2.249816260241810124e+37 1.008858474536790047e+06
-6.731912630115402862e+00 2.278026275269409970e+37 1.008866081748459954e+06
-6.726326238916954026e+00 2.305367402860870166e+37 1.008873601983770030e+06
-6.720832855215121526e+00 2.331898275299729844e+37 1.008881031334939995e+06
-6.715408215692150407e+00 2.358292433475080202e+37 1.008888415632630000e+06
-6.710045051564520691e+00 2.384766033903339995e+37 1.008895747563629993e+06
-6.704725116105691995e+00 2.410393412787359897e+37 1.008903064544850029e+06
-6.699442829551117029e+00 2.429501537332390136e+37 1.008910353691080003e+06
-6.694179899175651371e+00 2.449579590864850124e+37 1.008917648972120020e+06
-6.688930547781637870e+00 2.470748809793740101e+37 1.008924943600530038e+06
-6.683675916945503559e+00 2.492802957422380127e+37 1.008932272718330030e+06
-6.678417234390508384e+00 2.515376712041209950e+37 1.008939621509850025e+06
-6.673136485973373055e+00 2.538240751693320043e+37 1.008947026992050000e+06
-6.667829714540857822e+00 2.561406518362990022e+37 1.008954480732360040e+06
-6.662480765953660011e+00 2.584871518860369780e+37 1.008962017300509964e+06
-6.657083568949019536e+00 2.608466959509850055e+37 1.008969629084849963e+06
-6.651622105346177705e+00 2.632348658696110015e+37 1.008977347117029945e+06
-6.646089217239932623e+00 2.656398415215040015e+37 1.008985172605450032e+06
-6.640470188431208953e+00 2.681275096626250164e+37 1.008993136362490011e+06
-6.634767153722350486e+00 2.707445014816370082e+37 1.009001225338720018e+06
-6.628959570953156799e+00 2.730209697494290205e+37 1.009009476400980027e+06
-6.623037916491739452e+00 2.754599645371860106e+37 1.009017887336559943e+06
-6.616983767198689748e+00 2.780753975106140141e+37 1.009026493902839953e+06
-6.610782709030900151e+00 2.808068723375040064e+37 1.009035306438009953e+06
-6.604416371534171049e+00 2.836909665039580226e+37 1.009044356314009987e+06
-6.597881337380385958e+00 2.865998037830029919e+37 1.009053638908040011e+06
-6.591166868951404467e+00 2.897744446205330198e+37 1.009063175904519972e+06
-6.584240760043030605e+00 2.930337184262969951e+37 1.009073006035209983e+06
-6.577105546333768871e+00 2.965227140242279776e+37 1.009083125366510008e+06
-6.569692812103312463e+00 3.003553323516629834e+37 1.009093625712429988e+06
-6.562028156346059404e+00 3.046501893588509888e+37 1.009104471183569985e+06
-6.554069240686658304e+00 3.092188689307340211e+37 1.009115714784450014e+06
-6.545784235124301631e+00 3.148412207310689779e+37 1.009127405060059973e+06
-6.536788629338843748e+00 3.220093755522030085e+37 1.009140076257699984e+06
-6.527389882408897392e+00 3.278001361035630108e+37 1.009153283048680052e+06
-6.517335490614641458e+00 3.383510084372459999e+37 1.009167348654860049e+06
-6.506610950622416567e+00 3.490497209294569950e+37 1.009182299628800014e+06
-6.494969989260425791e+00 3.557528170470520056e+37 1.009198474132830044e+06
-6.482882657350273803e+00 3.631068807492930226e+37 1.009215191661020042e+06
-6.470110277601634152e+00 3.729719906626269832e+37 1.009232743478200049e+06
-6.452392810700985137e+00 3.858136886296599844e+37 1.009256879053439945e+06
-6.435551948809006717e+00 3.956488073086920126e+37 1.009279590713029960e+06
-6.418720467772800475e+00 4.070667968008860174e+37 1.009302063083179994e+06
-6.402714208714314736e+00 4.181556098282770182e+37 1.009323235474389978e+06
-6.386482747337140609e+00 4.295698869627749581e+37 1.009344492896539974e+06
-6.370508394393255003e+00 4.408986577494619720e+37 1.009365195277240011e+06
-6.354722333111567423e+00 4.521572136168959993e+37 1.009385448382650036e+06
-6.338932227903569583e+00 4.634930508249360459e+37 1.009405499107050011e+06
-6.323527011867554393e+00 4.746348457026479724e+37 1.009424857858740026e+06
-6.307912675205443520e+00 4.859844229066810036e+37 1.009444282794689992e+06
-6.292590341996401548e+00 4.971851072018089736e+37 1.009463147363640019e+06
-6.277471879962831736e+00 5.082848143752399744e+37 1.009481570080799982e+06
-6.261817594524472952e+00 5.198042806312149688e+37 1.009500451131940004e+06
-6.245781026911572553e+00 5.316401408958839613e+37 1.009519583032299997e+06
-6.230628852077643387e+00 5.428645694155250326e+37 1.009537462715570000e+06
-6.215483022104308475e+00 5.540698419669329950e+37 1.009555150849179947e+06
-6.199717107614560518e+00 5.657052722976179549e+37 1.009573362529190024e+06
-6.182710472094186116e+00 5.782089615799660093e+37 1.009592778976169997e+06
-6.165112311937264167e+00 5.911036398003610407e+37 1.009612615494729951e+06
-6.148757576498610433e+00 6.030608244072399558e+37 1.009630818738879985e+06
-6.132728878401394468e+00 6.146850501870859851e+37 1.009648447914139950e+06
-6.116433090588543564e+00 6.263955077032690323e+37 1.009666152896929998e+06
-6.099334466453001369e+00 6.385557222006189841e+37 1.009684491797590046e+06
-6.080850700171140488e+00 6.515345369382150212e+37 1.009704036746719969e+06
-6.060273572060395963e+00 6.657652005794100046e+37 1.009725460247589974e+06
-6.038620026993157808e+00 6.805074782353179912e+37 1.009747610244099982e+06
-6.018709224517806433e+00 6.938974908409750357e+37 1.009767624129869975e+06
-5.999436288060678635e+00 7.066012879846519747e+37 1.009786684781169984e+06
-5.980168297523050569e+00 7.190480178840679798e+37 1.009805423906050040e+06
-5.960390062493388541e+00 7.315459277897120365e+37 1.009824324337829952e+06
-5.939593500646878965e+00 7.443802536672530273e+37 1.009843824793379987e+06
-5.917201560594548937e+00 7.578334958345760369e+37 1.009864388254499994e+06
-5.892490720980276819e+00 7.722243317544369978e+37 1.009886553964460036e+06
-5.864476737384393346e+00 7.879470581032279916e+37 1.009911002412170055e+06
-5.833160719659645110e+00 8.048221643891789852e+37 1.009937482346549979e+06
-5.804728273607906885e+00 8.196614191465129670e+37 1.009960785522509948e+06
-5.777444632411061320e+00 8.333039009008859905e+37 1.009982509344259975e+06
-5.750443721735791769e+00 8.462283800231819743e+37 1.010003382428140030e+06
-5.723088998645835090e+00 8.587504817981389115e+37 1.010023896719089942e+06
-5.694806808001885656e+00 8.711121631159919941e+37 1.010044437035699957e+06
-5.665020426240516827e+00 8.835010519525100160e+37 1.010065337627460016e+06
-5.633045896000112407e+00 8.961004150049609825e+37 1.010086942368060001e+06
-5.598024381695722695e+00 9.090994236414649740e+37 1.010109633619779954e+06
-5.558786495370441116e+00 9.226822009737740266e+37 1.010133864802779979e+06
-5.513674962843651883e+00 9.370648545608730020e+37 1.010160208420490031e+06
-5.463226576845045201e+00 9.517744476473450746e+37 1.010187850936469971e+06
-5.417120252328459173e+00 9.643084349358550725e+37 1.010211606315609999e+06
-5.372719496139325202e+00 9.753798275378940828e+37 1.010233206928079948e+06
-5.328716293530305848e+00 9.854592754494789352e+37 1.010253412219119957e+06
-5.284170259590609930e+00 9.948295956294979120e+37 1.010272697686510044e+06
-5.238291560272045899e+00 1.003728475769500083e+38 1.010290198282769998e+06
-5.190266620789770968e+00 1.012289429811879909e+38 1.010307588038670016e+06
-5.139235865593946073e+00 1.020592715777159925e+38 1.010324920735349995e+06
-5.084111250493151601e+00 1.028747437144540043e+38 1.010342594472290017e+06
-5.023497594724176452e+00 1.037079677419729986e+38 1.010360378170419950e+06
-4.955480121476284694e+00 1.045639955808590058e+38 1.010378874827199965e+06
-4.877330088995222468e+00 1.054560512740299940e+38 1.010398393663319992e+06
-4.785020930219616275e+00 1.064198258950180012e+38 1.010419466266560019e+06
-4.700847638465347700e+00 1.073046990399589954e+38 1.010437351613400038e+06
-4.620141498686280102e+00 1.081232734054389964e+38 1.010453615786929964e+06
-4.540485204488504678e+00 1.089236550073980034e+38 1.010469041674299981e+06
-4.460227660914824810e+00 1.097373208819549945e+38 1.010484142785270000e+06
-4.378058657421206590e+00 1.105931337844859919e+38 1.010499377898429986e+06
-4.292762913493788801e+00 1.115159959017070022e+38 1.010515141364380019e+06
-4.203082934967824258e+00 1.125367733764190077e+38 1.010531886405630037e+06
-4.107597719150362536e+00 1.136878457770269924e+38 1.010550123242389993e+06
-4.004565206640108954e+00 1.150054414195080009e+38 1.010570470614069956e+06
-3.901656791415007319e+00 1.164394596166969996e+38 1.010591671265730052e+06
-3.809861961395654362e+00 1.178326587766900016e+38 1.010611444075790001e+06
-3.727120463212486356e+00 1.191504715969729979e+38 1.010630033777359989e+06
-3.654543620767071843e+00 1.203688414995469908e+38 1.010646966870030039e+06
-3.591819255008886103e+00 1.214628918739380009e+38 1.010662088501119986e+06
-3.537362610397394747e+00 1.224381700932070070e+38 1.010675574611720047e+06
-3.490071705360605847e+00 1.233050839375150059e+38 1.010687550082779955e+06
-3.448859692478436045e+00 1.240750663783079934e+38 1.010698188314669998e+06
-3.413108330489194486e+00 1.247543565405340069e+38 1.010707562632519985e+06
-3.382011263209278695e+00 1.253529082546600031e+38 1.010715827935319976e+06
-3.355023432995949406e+00 1.258779697820690009e+38 1.010723081262790016e+06
-3.331537611091334838e+00 1.263387923457599935e+38 1.010729454276859993e+06
-3.310990988858975470e+00 1.267446661880000052e+38 1.010735075095969951e+06
-3.292834710657189135e+00 1.271050725530139939e+38 1.010740076417919947e+06
-3.276424991396197584e+00 1.274311729101879971e+38 1.010744623786140000e+06
-3.260972895695886109e+00 1.277375392537759933e+38 1.010748927973589976e+06
-3.244857760182640050e+00 1.280532609628560060e+38 1.010753435035099974e+06
-3.219189234507211950e+00 1.285315353912509981e+38 1.010760671004349948e+06
-3.171081380554824136e+00 1.294219370783220001e+38 1.010774380456920015e+06
-3.116593235310574528e+00 1.305034809924849931e+38 1.010789977548819967e+06
-3.053707384264271241e+00 1.317564333725559961e+38 1.010808228871400002e+06
-2.979638709475693759e+00 1.332336625114069978e+38 1.010830024102249998e+06
-2.891678722531651147e+00 1.349858287176950084e+38 1.010856230362509959e+06
-2.786464884142333176e+00 1.370674122772610008e+38 1.010887881619579974e+06
-2.658771380854886957e+00 1.395597232741920003e+38 1.010926462496689986e+06
-2.513426745252218097e+00 1.423622313264339980e+38 1.010970217264030012e+06
-2.362606498034438118e+00 1.452305467378750058e+38 1.011015121244619950e+06
-2.204297994692751672e+00 1.481317084330449974e+38 1.011061433651639964e+06
-2.036472979889367707e+00 1.510582043287060089e+38 1.011109090238390025e+06
-1.856596057208662387e+00 1.539932088477480047e+38 1.011157885785329971e+06
-1.661323020525742322e+00 1.568954660342829921e+38 1.011207394805149990e+06
-1.453259932422952261e+00 1.596705467697629923e+38 1.011248924152630032e+06
-1.261184458082425408e+00 1.620684436038480046e+38 1.011285655361160054e+06
-1.086478638157132082e+00 1.640445535201919913e+38 1.011303123256769963e+06
-9.293041687051299959e-01 1.655157475351890052e+38 1.011321293095279951e+06
-7.876705815288005397e-01 1.666437718631089994e+38 1.011337358946879976e+06
-6.598736220475984737e-01 1.675010012607009944e+38 1.011350344917559996e+06
-5.444173931173281744e-01 1.681400754199160022e+38 1.011360353379350039e+06
-4.399532758616260253e-01 1.686047439989720027e+38 1.011367796189179993e+06
-3.458367778221145272e-01 1.689330458224189917e+38 1.011373108003900037e+06
-2.607608341786544770e-01 1.691546999466789979e+38 1.011376731660639984e+06
-1.843771947678760625e-01 1.692972385840590057e+38 1.011379012367679970e+06
-1.158017046691384166e-01 1.693781318027109938e+38 1.011380284336079960e+06
-5.453367707377765328e-02 1.694148937263759955e+38 1.011380786150619970e+06
0.000000000000000000e+00 1.694196133150979957e+38 1.011380731053919997e+06
4.836490644083824009e-02 1.694021442285770087e+38 1.011380287587270024e+06
9.117529624199960381e-02 1.693696606622609945e+38 1.011379586581720039e+06
1.291000868513947353e-01 1.693272070555160044e+38 1.011378723482180038e+06
1.628992951955297031e-01 1.692777617499440005e+38 1.011377762135330006e+06
1.935265725187491626e-01 1.692219149058330002e+38 1.011376733367389999e+06
2.220971956776338629e-01 1.691585741465109990e+38 1.011375635243250057e+06
2.506530254977406003e-01 1.690793737361970005e+38 1.011374395782139967e+06
2.875841221248265356e-01 1.689299452062950010e+38 1.011372548957680003e+06
3.581868155379197560e-01 1.685273707504170088e+38 1.011368084763390012e+06
4.290808041405398399e-01 1.682157462277379946e+38 1.011362509914170019e+06
5.112421944795642048e-01 1.677493492966680027e+38 1.011354949357019970e+06
6.098194052538019605e-01 1.670966097938120032e+38 1.011344248499699985e+06
7.299521864188136533e-01 1.661833144876860035e+38 1.011328888036679942e+06
8.802737291480298154e-01 1.648728563864160065e+38 1.011306298477150034e+06
1.074019161285832524e+00 1.629500295975069978e+38 1.011272178941269987e+06
1.302148443821351975e+00 1.605037530812680055e+38 1.011226264917930006e+06
1.555237871500139590e+00 1.575979034890139919e+38 1.011169829959889990e+06
1.844516162658692338e+00 1.540193560041040075e+38 1.011100074055340025e+06
2.183889170330076013e+00 1.496270186403920064e+38 1.011013867417349946e+06
2.593956922712095547e+00 1.441897704137699906e+38 1.010907607577149989e+06
3.054490494454512373e+00 1.382135962081010051e+38 1.010790430417789961e+06
3.487470157255302183e+00 1.328371606734809962e+38 1.010683837027280009e+06
3.912651176658982877e+00 1.276775592225730051e+38 1.010584083645459963e+06
4.340689531301904935e+00 1.226944848067420061e+38 1.010489890601239982e+06
4.779903996306529734e+00 1.179278520170939930e+38 1.010400752719750046e+06
5.237792884305235930e+00 1.133561231984660019e+38 1.010316312445990043e+06
5.721980094203900080e+00 1.089995416430869998e+38 1.010236345465649967e+06
6.240991325365030207e+00 1.048543226122400056e+38 1.010160587191440049e+06
6.805287065602897201e+00 1.009376505392120022e+38 1.010088915570260026e+06
7.428440561867319047e+00 9.726323590442139216e+37 1.010020913795039989e+06
8.046652045042719692e+00 9.428076194617830641e+37 1.009962922520869994e+06
8.595739831900573336e+00 9.210980833539000049e+37 1.009917719465170056e+06
9.081901805140660144e+00 9.042488050698849879e+37 1.009881997274770052e+06
9.511816828700830229e+00 8.909468808683769725e+37 1.009853113814819953e+06
9.891790314453828614e+00 8.803330214679360449e+37 1.009829426518679946e+06
1.022777751203102525e+01 8.717078262049760908e+37 1.009809688777229981e+06
1.052524368740705540e+01 8.645377623829779952e+37 1.009793072178779985e+06
1.078908116151433205e+01 8.584982946019400029e+37 1.009778935170040000e+06
1.102369783407630166e+01 8.533577755983950272e+37 1.009766785918110050e+06
1.123288552508165594e+01 8.489248482421919808e+37 1.009756248880930012e+06
1.141968294883554336e+01 8.450765339673019719e+37 1.009747050810429966e+06
1.158703734084701864e+01 8.417000269620120429e+37 1.009738963056119974e+06
1.173656293869134970e+01 8.387444320698400018e+37 1.009731848591360031e+06
1.187042833551095100e+01 8.361373372401290450e+37 1.009725562455749954e+06
1.198994667090300936e+01 8.338419173029970435e+37 1.009720011372189969e+06
1.209643423213128699e+01 8.318210623450709548e+37 1.009715110573110054e+06
1.219117805206769845e+01 8.300405074337480022e+37 1.009710784455070039e+06
1.227559259146073600e+01 8.284642592044040265e+37 1.009706954856259981e+06
1.235157150823943084e+01 8.270451644090729971e+37 1.009703524656279944e+06
1.242274719115084736e+01 8.256910993643399723e+37 1.009700319251050008e+06
1.249906974696204998e+01 8.241322727415480376e+37 1.009696861123659997e+06
1.265095163302612491e+01 8.200740754565049576e+37 1.009689826520169969e+06
1.282309927429741947e+01 8.157828404092169830e+37 1.009681663708260050e+06
1.301538040797458962e+01 8.111616224634939547e+37 1.009672565117439954e+06
1.323104459558817325e+01 8.061222811030139901e+37 1.009662476652930025e+06
1.343661478115245700e+01 8.018262382692240137e+37 1.009653039060279960e+06
1.362177969342883443e+01 7.982626833131280417e+37 1.009644741486979998e+06
1.378755676713626599e+01 7.951912025441590380e+37 1.009637468041760032e+06
1.393633744576072786e+01 7.924752672301820048e+37 1.009631046158659970e+06
1.406955733188078739e+01 7.900643190328300368e+37 1.009625365698399954e+06
1.418864724001468858e+01 7.879206930057709557e+37 1.009620333756729960e+06
1.429494758487271611e+01 7.860142898181200260e+37 1.009615874314669985e+06
1.438989695616328390e+01 7.843136599457100107e+37 1.009611912501740037e+06
1.447537201525847195e+01 7.827762331918669729e+37 1.009608359048440005e+06
1.455496025118191028e+01 7.813140222075489812e+37 1.009605054077720037e+06
1.463806529396970291e+01 7.796755789414120109e+37 1.009601577674619970e+06
1.480344432911806507e+01 7.753230142596210187e+37 1.009594442319320049e+06
1.497972198852221482e+01 7.711621564460799683e+37 1.009586649998830049e+06
1.517819602634699550e+01 7.665350236116180302e+37 1.009577897484880057e+06
1.538281236498733051e+01 7.620470926202780232e+37 1.009568967342440039e+06
1.556446005303587299e+01 7.584945215782129736e+37 1.009561179565749946e+06
1.572844790240196744e+01 7.553772305089540208e+37 1.009554287467970047e+06
1.587562064294615993e+01 7.526235693291069717e+37 1.009548190644850023e+06
1.600756433859351091e+01 7.501710307063710150e+37 1.009542785381600028e+06
1.612568031403498026e+01 7.479834750734009744e+37 1.009537986660329974e+06
1.623142543259018566e+01 7.460278782084010454e+37 1.009533717013860005e+06
1.632660082251823042e+01 7.442626790692890348e+37 1.009529891011680011e+06
1.641465097857144428e+01 7.426008976135830286e+37 1.009526357499310048e+06
1.650377827856573276e+01 7.408200199490850003e+37 1.009522762613430037e+06
1.665524282381375087e+01 7.369666346187950289e+37 1.009516482933460036e+06
1.682368852082436206e+01 7.329462758755139586e+37 1.009509340968049946e+06
1.702345795142900897e+01 7.281460884866189778e+37 1.009500853912289953e+06
1.724766361914225854e+01 7.229712868224970199e+37 1.009491406500490033e+06
1.744876819899218390e+01 7.189627468329600285e+37 1.009483103573309956e+06
1.763072964327875525e+01 7.154777794300930281e+37 1.009475769824419986e+06
1.779440697527024895e+01 7.124035635030739982e+37 1.009469287783880020e+06
1.794158791907830164e+01 7.096599125327079911e+37 1.009463534522779984e+06
1.807378489469556371e+01 7.072058641682210137e+37 1.009458416977229994e+06
1.819247651845216751e+01 7.050079864337939974e+37 1.009453854431199958e+06
1.829935067879705457e+01 7.030275151773300083e+37 1.009449768000870012e+06
1.839774033956200583e+01 7.011793276681250266e+37 1.009446014763170038e+06
1.849448117516294587e+01 6.992816462406360213e+37 1.009442313947240007e+06
1.862492588969325880e+01 6.962555222157519979e+37 1.009437217272159993e+06
1.881966613403346855e+01 6.912871059739179833e+37 1.009429391627329984e+06
1.901999164821609156e+01 6.867972946658200004e+37 1.009421313636900042e+06
1.924903443962102756e+01 6.816406285382379548e+37 1.009412197689939989e+06
1.946716019270388642e+01 6.772544956948389779e+37 1.009403692362979986e+06
1.966290307271265192e+01 6.735914665568630138e+37 1.009396242460120004e+06
1.983959079813939752e+01 6.703436774949959715e+37 1.009389648423169972e+06
1.999885238562274026e+01 6.674398516412240331e+37 1.009383785552549991e+06
2.014234196984034497e+01 6.648336783574599846e+37 1.009378555545639945e+06
2.027161126057035290e+01 6.624911539231070252e+37 1.009373876872529974e+06
2.038854145765071735e+01 6.603690241890240112e+37 1.009369665824729949e+06
2.049673692862415919e+01 6.583760828751389984e+37 1.009365777915799990e+06
2.060437962523428723e+01 6.562939275079550261e+37 1.009361892450670013e+06
2.075937540402810555e+01 6.526699838855060284e+37 1.009356146121850004e+06
2.095574209722690284e+01 6.480618124004519760e+37 1.009348712821410038e+06
2.113668730606150348e+01 6.444203514140679656e+37 1.009341898841609946e+06
2.130083503067726269e+01 6.412819066162840460e+37 1.009335823792119976e+06
2.144895793014438823e+01 6.385101930096480195e+37 1.009330423549490049e+06
2.158270826644002227e+01 6.360274258898520153e+37 1.009325602730380022e+06
2.170427479124191450e+01 6.337711117191400011e+37 1.009321257779699983e+06
2.181782503807335161e+01 6.316314900016379858e+37 1.009317217386569944e+06
2.193442145522567444e+01 6.293012981607179756e+37 1.009313047537929961e+06
2.215237877862819005e+01 6.237477238565450304e+37 1.009304982746990048e+06
2.235132933624117868e+01 6.197470127171990212e+37 1.009297631673119962e+06
2.258219265537627507e+01 6.148064213240380112e+37 1.009289244523709989e+06
2.284643037374917185e+01 6.092929899831180310e+37 1.009279807453740039e+06
2.310642166362231364e+01 6.044273542181709714e+37 1.009270776599330013e+06
2.334124849087675102e+01 6.003985682869350305e+37 1.009262858755190042e+06
2.355367506687616697e+01 5.968274047646719799e+37 1.009255857340199989e+06
2.374604891942726681e+01 5.936127477430300205e+37 1.009249607048309990e+06
2.392026082459051395e+01 5.907068400169989731e+37 1.009243997775709955e+06
2.407811336618033238e+01 5.880740203781789579e+37 1.009238947221540031e+06
2.422127182204712881e+01 5.856836349655659534e+37 1.009234385182279977e+06
2.435311586839816300e+01 5.834556700303879741e+37 1.009230189707849990e+06
2.447995230720698601e+01 5.812388876077709806e+37 1.009226139733789954e+06
2.462458583214902319e+01 5.784123249059529554e+37 1.009221427024260047e+06
2.481568378009251319e+01 5.743002491064299674e+37 1.009215039575409959e+06
2.498672371839347761e+01 5.711895575210670310e+37 1.009209318711690023e+06
2.514251830471766880e+01 5.684143262665669652e+37 1.009204164194880053e+06
2.528485184031887911e+01 5.658866348441009543e+37 1.009199490983320051e+06
2.541819328474230133e+01 5.634777276167859652e+37 1.009195128425949952e+06
2.555361577483563451e+01 5.608939204625200085e+37 1.009190671629399993e+06
2.573938871819700580e+01 5.567651780620780344e+37 1.009184391445360030e+06
2.590743119103717618e+01 5.535653172810629669e+37 1.009178697388650035e+06
2.606025553985091392e+01 5.507244225649999806e+37 1.009173570193900028e+06
2.620178312666394049e+01 5.480840344811960239e+37 1.009168857212070026e+06
2.633806439572072122e+01 5.454809677088270392e+37 1.009164325876230025e+06
2.649390353977651102e+01 5.422063775502480122e+37 1.009159070426449995e+06
2.667584322277252795e+01 5.382607337606010182e+37 1.009152853422240005e+06
2.684113377962057712e+01 5.350609159443390431e+37 1.009147235837580054e+06
2.699250114859023597e+01 5.321888448750629724e+37 1.009142151879120036e+06
2.713471681103692390e+01 5.294743425395900393e+37 1.009137412262459984e+06
2.727911661119287601e+01 5.266012498346139582e+37 1.009132596238089958e+06
2.746409702271193964e+01 5.224909501290820205e+37 1.009126316885830020e+06
2.763112093080417253e+01 5.192452886204149826e+37 1.009120665118779987e+06
2.778494204536400503e+01 5.163007138253030356e+37 1.009115522926609963e+06
2.793055664910934865e+01 5.134971092939339832e+37 1.009110696170790005e+06
2.808116094716388034e+01 5.104654854745459789e+37 1.009105695404050057e+06
2.827620939264306799e+01 5.061279270793770157e+37 1.009099119183409959e+06
2.845329592632333515e+01 5.027083690202760098e+37 1.009093191981600015e+06
2.861603171077877050e+01 4.996370377514510211e+37 1.009087830772420042e+06
2.876819178530422505e+01 4.967747106865739694e+37 1.009082877091370057e+06
2.891905759343353566e+01 4.938665446582240327e+37 1.009077989163759979e+06
2.911307389538706047e+01 4.896853998921350066e+37 1.009071615908039967e+06
2.931043633468652843e+01 4.857763847551340416e+37 1.009065154452419956e+06
2.949059076276898850e+01 4.824697785057660239e+37 1.009059356647799956e+06
2.965676337396871531e+01 4.794712132848090358e+37 1.009054100698349997e+06
2.981337781074398663e+01 4.766459967808279852e+37 1.009049204747439944e+06
2.997206135110900505e+01 4.736889124243929899e+37 1.009044258123249980e+06
3.017728773575800005e+01 4.694337131654950461e+37 1.009037760629139957e+06
3.036335710788262077e+01 4.660991784430699611e+37 1.009031922443869989e+06
3.053489175852155313e+01 4.630819554380709842e+37 1.009026626312360051e+06
3.069669377565151080e+01 4.602345144377810453e+37 1.009021686879309942e+06
3.085969939881761093e+01 4.572856428132900313e+37 1.009016727033330011e+06
3.108245271363557549e+01 4.527377289349590342e+37 1.009009823650710052e+06
3.128462791474157711e+01 4.492435769732179804e+37 1.009003624050579965e+06
3.147047039337485330e+01 4.461028890963989905e+37 1.008998034052249976e+06
3.164348586003325181e+01 4.431978610160479551e+37 1.008992905128070037e+06
3.180968483814649517e+01 4.403883097044640266e+37 1.008988026836800040e+06
3.198758116701355902e+01 4.372177326828240393e+37 1.008982783846579958e+06
3.220229730314167682e+01 4.331730893465550361e+37 1.008976388282389962e+06
3.239803482490970055e+01 4.299449290074279705e+37 1.008970639681100030e+06
3.257907858270482393e+01 4.270132275934920291e+37 1.008965415505259996e+06
3.275147824519808637e+01 4.242095150797090027e+37 1.008960499396509957e+06
3.292842030375322793e+01 4.212307496233779883e+37 1.008955463662769995e+06
3.314518294248409802e+01 4.172664742316129931e+37 1.008949202408039942e+06
3.334308452285040403e+01 4.140948875434419786e+37 1.008943554822679958e+06
3.352707741440826794e+01 4.111876916296490066e+37 1.008938389115049969e+06
3.370372542525001336e+01 4.083783628200759986e+37 1.008933481574679958e+06
3.389003092653729254e+01 4.052810806029430208e+37 1.008928299383320031e+06
3.411022784130909713e+01 4.014146817686330096e+37 1.008922105026819976e+06
3.431192828322673449e+01 3.982791044309379960e+37 1.008916509124420001e+06
3.449996137016569264e+01 3.954020068633890053e+37 1.008911384117449983e+06
3.468151062283141073e+01 3.926092725743150211e+37 1.008906492363870027e+06
3.487576038150291424e+01 3.894744760533289960e+37 1.008901247375049978e+06
3.510533655685139820e+01 3.855952441238130005e+37 1.008894989583719987e+06
3.531596633152366849e+01 3.824604060608120230e+37 1.008889346191040007e+06
3.551162251275673043e+01 3.796034221639820122e+37 1.008884203079500003e+06
3.569921718606201466e+01 3.768555090504610044e+37 1.008879335675620008e+06
3.589304323748365277e+01 3.739259240451640079e+37 1.008874321273299982e+06
3.613181099193025148e+01 3.700181036989139819e+37 1.008868052385219955e+06
3.634969576117873657e+01 3.669225654169580103e+37 1.008862423609419959e+06
3.655235117290430935e+01 3.640850638708489869e+37 1.008857286795499967e+06
3.674540668240661034e+01 3.613828236977720129e+37 1.008852456847629976e+06
3.694220956985373050e+01 3.585566866991920127e+37 1.008847557666669949e+06
3.718735007091891021e+01 3.547161293376380176e+37 1.008841360184750054e+06
3.741203837101784302e+01 3.516454920989459837e+37 1.008835754333980032e+06
3.762034413528454024e+01 3.488421435371559928e+37 1.008830650254040025e+06
3.781922531763120787e+01 3.461627230252250178e+37 1.008825841459169984e+06
3.801973889590590261e+01 3.434135298090120017e+37 1.008821021491989959e+06
3.826923602062015561e+01 3.396674994006580003e+37 1.008814929451099946e+06
3.850078984666470205e+01 3.366051038178090232e+37 1.008809336910389946e+06
3.871583650426327949e+01 3.338176463251309861e+37 1.008804235897539998e+06
3.892001589386200067e+01 3.311808044036709816e+37 1.008799459139219951e+06
3.912435827295848867e+01 3.285009334320589790e+37 1.008794710870680050e+06
3.936588422885688487e+01 3.250847235593399941e+37 1.008789025632429984e+06
3.960629542057722574e+01 3.219164707174709844e+37 1.008783391067750053e+06
3.982841288001509383e+01 3.191495433065770025e+37 1.008778277840130031e+06
4.003851440035214182e+01 3.165478302893449780e+37 1.008773513940640027e+06
4.024632773009943776e+01 3.139502679254249840e+37 1.008768845042509958e+06
4.047719586854509544e+01 3.109047416884160219e+37 1.008763620449680020e+06
4.072914390009100316e+01 3.075781603001109820e+37 1.008757881289339974e+06
4.072916706495743711e+01 3.093801119544699985e+37 1.009253744794909959e+06
4.072917500977928285e+01 3.094141421318959848e+37 1.009257158630540012e+06
4.072919081996951718e+01 3.093876299886669943e+37 1.009256583927260013e+06
4.072921461336227367e+01 3.093876716540789885e+37 1.009257499774620053e+06
4.072924242227600189e+01 3.093879932454219970e+37 1.009258651241780026e+06
4.072927519737277180e+01 3.093883070360189999e+37 1.009259954980800045e+06
4.072931400834931992e+01 3.093886838461460140e+37 1.009261439413379994e+06
4.072936013435537461e+01 3.093891231188489780e+37 1.009263111790040042e+06
4.072941565870132763e+01 3.093896407970670230e+37 1.009265005205629976e+06
4.072948294351954246e+01 3.093902537210529941e+37 1.009267129805900040e+06
4.072956559508020291e+01 3.093909855797019988e+37 1.009269496842180029e+06
4.072966898126469459e+01 3.093918708953190015e+37 1.009272108324180008e+06
4.072979501696681837e+01 3.093929197635479882e+37 1.009274827581019956e+06
4.072992342912766617e+01 3.093939978965380215e+37 1.009277133419170044e+06
4.073005825100699440e+01 3.093950880202950172e+37 1.009279167924489942e+06
4.073019835955346934e+01 3.093961900442369970e+37 1.009280892716940027e+06
4.073034912993171019e+01 3.093973291059529876e+37 1.009282397331609973e+06
4.073051269045390654e+01 3.093985221320750005e+37 1.009283689730450045e+06
4.073069518597912975e+01 3.093997963362600190e+37 1.009284802204740001e+06
4.073090536063682521e+01 3.094011922448819832e+37 1.009285767840840039e+06
4.073115468250034610e+01 3.094027560442470182e+37 1.009286588041889947e+06
4.073147020741453161e+01 3.094045815379770228e+37 1.009287282042709994e+06
4.073190810238884296e+01 3.094068396402420174e+37 1.009287855428320006e+06
4.073263130409031874e+01 3.094098917135159792e+37 1.009288352893230040e+06
4.073407047547516413e+01 3.094142180555239954e+37 1.009288914017930045e+06
4.073693442652438534e+01 3.094191052503660128e+37 1.009290108449460007e+06
4.074263368911488215e+01 3.094054978093190004e+37 1.009293404785800027e+06
4.075397522166167619e+01 3.091904057012690145e+37 1.009301782852989971e+06
4.077654487143445294e+01 3.080257583379210221e+37 1.009319660272800014e+06
4.082145847448555287e+01 3.047384734152209818e+37 1.009349852369009983e+06
4.091083654455724172e+01 2.992963830682079812e+37 1.009388731640910031e+06
4.108869890399364522e+01 2.934760834760800071e+37 1.009425314851499978e+06
4.130313333401136333e+01 2.902111522808319823e+37 1.009444004133590031e+06
4.151748581555148121e+01 2.884434404347990200e+37 1.009451025720400037e+06
4.177575315326248528e+01 2.865116769962839986e+37 1.009451437985930010e+06
4.202543039117881563e+01 2.848668345774860011e+37 1.009447984832259943e+06
4.225636302978091408e+01 2.833385789481139785e+37 1.009442955289580044e+06
4.247452867068932392e+01 2.817964496424190065e+37 1.009437175736839999e+06
4.268997323315852555e+01 2.801468150061889977e+37 1.009430773526160046e+06
4.292697922957449919e+01 2.780939542564680110e+37 1.009423039017500007e+06
4.319115471480472479e+01 2.756304063027439879e+37 1.009413742358390009e+06
4.343361942221235950e+01 2.735614055743510079e+37 1.009405011223479989e+06
4.365999592340813251e+01 2.716108537656000148e+37 1.009396786426580045e+06
4.387910555196867790e+01 2.696751940322939843e+37 1.009388772741180030e+06
4.410618293348670704e+01 2.675772571491569770e+37 1.009380377410650020e+06
4.438792921329877572e+01 2.646831102529590213e+37 1.009369634486490046e+06
4.464430703673133394e+01 2.623581016636779842e+37 1.009359886148839956e+06
4.488143931065860670e+01 2.602215329653969835e+37 1.009350974531990010e+06
4.510722410034213681e+01 2.581819587207790164e+37 1.009342574960920028e+06
4.533174620727368165e+01 2.561285644409689995e+37 1.009334274325540056e+06
4.558223992903367616e+01 2.537038843434660118e+37 1.009324958157659974e+06
4.592488793847587658e+01 2.501287019000639963e+37 1.009311965562719968e+06
4.620024973125691758e+01 2.479273253256300042e+37 1.009301894891549950e+06
4.648355123730289051e+01 2.454260874645490062e+37 1.009291769189749961e+06
4.674261040939745726e+01 2.433246564594609770e+37 1.009282747794870054e+06
4.698369333934533643e+01 2.413943661839350044e+37 1.009274532395230024e+06
4.721563829935621470e+01 2.395246301692970218e+37 1.009266742954690009e+06
4.745118446101696463e+01 2.375791145490930126e+37 1.009258882197289960e+06
4.772970663104933919e+01 2.350716919776979927e+37 1.009249454216180020e+06
4.801258049673197092e+01 2.326254666718329965e+37 1.009239842161949957e+06
4.827227152436535107e+01 2.305271296811259843e+37 1.009231157458010013e+06
4.851558162846049527e+01 2.285836766089040141e+37 1.009223152093639947e+06
4.875188327264186228e+01 2.266908362778770204e+37 1.009215470486170030e+06
4.899859112456761068e+01 2.246603708203150113e+37 1.009207485767300008e+06
4.931276933126355289e+01 2.218323925012230101e+37 1.009197140217910055e+06
4.970737658134021331e+01 2.183912838782060061e+37 1.009184173296689987e+06
5.006602635130548151e+01 2.158102581889889794e+37 1.009172907777920016e+06
5.039415077375451801e+01 2.135250769971630165e+37 1.009163007273109979e+06
5.069163913779630093e+01 2.115162904535329906e+37 1.009154304781079991e+06
5.096534481999697164e+01 2.096890138476089912e+37 1.009146475084849983e+06
5.122174926521984162e+01 2.079839124555269992e+37 1.009139252969129942e+06
5.147076262935297564e+01 2.063070097322950030e+37 1.009132298876550049e+06
5.172888807438721415e+01 2.045047698958079935e+37 1.009125084500889992e+06
5.205280243034212617e+01 2.019933518956160062e+37 1.009115798471090035e+06
5.250801754949497990e+01 1.984234041412439899e+37 1.009102575285580009e+06
5.289924693643115461e+01 1.960610943662870026e+37 1.009091784028779948e+06
5.341829323183628730e+01 1.925169079989420117e+37 1.009077829870679998e+06
5.389047195413149893e+01 1.899396874297770062e+37 1.009065874035520013e+06
5.431277616171428235e+01 1.877045099344260094e+37 1.009055630363809993e+06
5.469213714994111797e+01 1.857119071219610057e+37 1.009046665923979948e+06
5.503480955724808155e+01 1.839248979320849914e+37 1.009038704925560043e+06
5.534671205548511352e+01 1.823013225867750004e+37 1.009031536763970042e+06
5.563620683617773466e+01 1.807782603231230002e+37 1.009024918366560014e+06
5.591185329052677844e+01 1.793019103820570080e+37 1.009018620411209995e+06
5.618708258685364854e+01 1.777749888402489969e+37 1.009012294304589974e+06
5.649325550426874543e+01 1.759392985910680009e+37 1.009005106895230012e+06
5.687664047560247127e+01 1.734052041386590099e+37 1.008995723270470044e+06
5.722283075392624596e+01 1.714396622472519900e+37 1.008987361052319990e+06
5.753994106894242577e+01 1.696672745541300114e+37 1.008979835786749958e+06
5.783593115673284046e+01 1.680250392844589970e+37 1.008972910564079997e+06
5.812128515651420457e+01 1.664333494161329982e+37 1.008966291613020003e+06
5.841210246195987565e+01 1.647684878292979998e+37 1.008959548063519993e+06
5.875895610025327187e+01 1.626062394265339931e+37 1.008951334339170018e+06
5.914683881774544716e+01 1.601746633484720032e+37 1.008941995475369971e+06
5.949847024538757978e+01 1.582178817470599984e+37 1.008933712171679945e+06
5.982149254770774860e+01 1.564642231529089919e+37 1.008926272258560057e+06
6.012597069827461382e+01 1.548268865169719901e+37 1.008919379728890024e+06
6.042370842408126919e+01 1.532201281642159894e+37 1.008912710374469985e+06
6.073714171114988858e+01 1.514746671255930034e+37 1.008905688443330000e+06
6.115522917468479136e+01 1.489065685857279990e+37 1.008896069877709961e+06
6.156210247931448976e+01 1.466330149199750014e+37 1.008886769155899994e+06
6.193182910254108720e+01 1.446990208986189883e+37 1.008878529737069970e+06
6.227250355795695214e+01 1.429603854895510050e+37 1.008871107300000032e+06
6.259386100992560387e+01 1.413407504879580076e+37 1.008864226045590010e+06
6.290872951923665823e+01 1.397480410026670023e+37 1.008857551740710041e+06
6.324067368496616837e+01 1.380144327263600089e+37 1.008850507518719998e+06
6.368429245682636974e+01 1.354662018561460029e+37 1.008840828664819943e+06
6.411746686623519054e+01 1.331776072597519980e+37 1.008831416613220004e+06
6.451120635968982242e+01 1.312271442453050090e+37 1.008823062293209950e+06
6.487487168783263769e+01 1.294691746532559907e+37 1.008815511228529969e+06
6.521763308978552232e+01 1.278323262822939945e+37 1.008808506586160045e+06
6.555423089230316691e+01 1.262164839257830019e+37 1.008801688162900042e+06
6.590823595300025772e+01 1.244750233064540043e+37 1.008794513234780054e+06
6.636977156126522459e+01 1.220055812520890044e+37 1.008784914651950006e+06
6.688603725613938877e+01 1.193456800498049967e+37 1.008774146449110005e+06
6.735382340320938965e+01 1.171919776396559936e+37 1.008764683976309956e+06
6.778206627933104755e+01 1.152725979943489958e+37 1.008756244410470012e+06
6.817902439399040304e+01 1.135243519283969940e+37 1.008748572404840030e+06
6.855600435337692033e+01 1.118708846058789920e+37 1.008741373269809992e+06
6.892797337058436824e+01 1.102257407257630048e+37 1.008734303472919972e+06
6.932271843531634659e+01 1.084339574222810106e+37 1.008726769325520028e+06
6.985053339869773481e+01 1.058424028374139986e+37 1.008716403574669966e+06
7.040254529145749984e+01 1.032607904086679948e+37 1.008705546329229954e+06
7.090756919541308889e+01 1.010799699339409986e+37 1.008695852896329947e+06
7.137545829088048777e+01 9.911045672305640226e+36 1.008687060192540055e+06
7.181575410931691295e+01 9.727941417394229411e+36 1.008678904473360046e+06
7.224062481743021635e+01 9.552402197401239792e+36 1.008671109563700040e+06
7.266836762407911010e+01 9.374709452703120422e+36 1.008663287277380005e+06
7.314003393368329853e+01 9.172789383731399942e+36 1.008654588615030050e+06
7.384459325113130035e+01 8.855418547876649550e+36 1.008641292154780007e+06
7.449007177698513260e+01 8.591496027184729624e+36 1.008629311165899970e+06
7.509155836649006233e+01 8.355074151321069935e+36 1.008618406404140056e+06
7.565604959432675969e+01 8.139319652384610551e+36 1.008608364602389978e+06
7.619249049135396490e+01 7.937674001993530259e+36 1.008598947168019949e+06
7.671373725005105371e+01 7.743268125233409947e+36 1.008589868573240004e+06
7.723993231876374921e+01 7.548116474023059957e+36 1.008580746653379989e+06
7.781885557156783761e+01 7.330295397220799482e+36 1.008570662360809976e+06
7.872408815594826592e+01 6.984546723574160333e+36 1.008554754685239983e+06
7.950083202274254290e+01 6.712159862863750530e+36 1.008541344734560000e+06
8.033997963736328529e+01 6.423442096749990407e+36 1.008527124845599988e+06
8.114934328342496883e+01 6.163535774838179657e+36 1.008513784808950033e+06
8.193749457877856912e+01 5.915084305822870259e+36 1.008500981336100027e+06
8.271422318802069640e+01 5.679056532392969595e+36 1.008488575577749987e+06
8.349659038289973978e+01 5.446757598003859814e+36 1.008476222545239958e+06
8.431685508122609463e+01 5.209928750186329945e+36 1.008463416249210015e+06
8.527589435577101540e+01 4.940894825867649834e+36 1.008448614447679953e+06
8.677414525081985630e+01 4.541451964113239772e+36 1.008426043004130013e+06
8.801963437797530787e+01 4.248028333733580206e+36 1.008408082746629952e+06
8.974219495323632145e+01 3.883148991648289916e+36 1.008384832444680040e+06
