# time luminosity radius
-2.087529808082035743e+01 4.805796779585139915e+35 1.008202299195850035e+06
-1.900697349826805294e+01 4.941485514323400260e+35 1.008204069907129975e+06
-1.700735806545708328e+01 5.118996740126359740e+35 1.008206758574550040e+06
-1.491239722876343876e+01 5.360962842876649734e+35 1.008210958404290024e+06
-1.281245861537172459e+01 5.711369574044040144e+35 1.008217943534589955e+06
-1.266741328168427572e+01 5.739163409995670362e+35 1.008218463583359960e+06
-1.237877306764130481e+01 5.792061585499090126e+35 1.008219581725990050e+06
-1.180437904168502428e+01 5.910237091400169678e+35 1.008222170793780009e+06
-1.075687517490587197e+01 6.200030329610790140e+35 1.008228939081090037e+06
-1.008816794861922972e+01 6.433984778798900120e+35 1.008234835476689972e+06
-9.596078449802007526e+00 6.643904659092819848e+35 1.008240536916760029e+06
-9.217090105288662016e+00 6.836769195230859804e+35 1.008246148139399942e+06
-8.909521985449828207e+00 7.021922831446049280e+35 1.008251736284479965e+06
-8.629380213242257014e+00 7.224369194527409527e+35 1.008258211740619969e+06
-8.470713249786058441e+00 7.353243113826269538e+35 1.008262501343360054e+06
-8.392033249809173867e+00 7.421273341413099924e+35 1.008264762757970020e+06
-8.326387075474485755e+00 7.481310061434020069e+35 1.008266791769830044e+06
-8.278085432539228350e+00 7.526850283047070684e+35 1.008268367776260013e+06
-8.234796604694565758e+00 7.569948838678400539e+35 1.008269854931190028e+06
-8.165543810406234115e+00 7.642008191482449768e+35 1.008272460490750032e+06
-8.091887777205556631e+00 7.722680777694429706e+35 1.008275557271589991e+06
-8.032488049793755636e+00 7.796258489860290314e+35 1.008278289956490044e+06
-7.978010516439098865e+00 7.865406277256740247e+35 1.008281060267489986e+06
-7.931413805781630799e+00 7.928829850588180108e+35 1.008283650326980045e+06
-7.888498187821824104e+00 7.987870527508340613e+35 1.008286312291190028e+06
-7.851248863473301753e+00 8.043168689412279408e+35 1.008288945360859972e+06
-7.847962017724057660e+00 8.046111258129239486e+35 1.008289194396679988e+06
-7.841421194694703445e+00 8.058127223509650286e+35 1.008289758592749946e+06
-7.835268755356082693e+00 8.048224274460660487e+35 1.008290410531289992e+06
-7.832533366483403370e+00 8.069163793228839611e+35 1.008290733708690037e+06
-7.832514045905554667e+00 8.069198856778049856e+35 1.008290742560170009e+06
-7.832497830153442919e+00 8.069222552858029758e+35 1.008290753936370020e+06
-7.832484538201242685e+00 8.069241463561430580e+35 1.008290764388700016e+06
-7.832470082561485469e+00 8.069262207890570264e+35 1.008290775623420021e+06
-7.832452025904785842e+00 8.069288834332529350e+35 1.008290789660410024e+06
-7.832428807625547051e+00 8.069323091003250139e+35 1.008290808426880045e+06
-7.832398424536222592e+00 8.069367813332430538e+35 1.008290835118270013e+06
-7.832364378176862374e+00 8.069417915244339708e+35 1.008290870717040030e+06
-7.832337582018226385e+00 8.069457434581619926e+35 1.008290906088849995e+06
-7.832318218832369894e+00 8.069485424294810070e+35 1.008290934467380052e+06
-7.832301224494585767e+00 8.069509776625480163e+35 1.008290960122789955e+06
-7.832284977484960109e+00 8.069533427896119858e+35 1.008290985428899992e+06
-7.832269525504671037e+00 8.069555860247630319e+35 1.008291010149540030e+06
-7.832254624139750376e+00 8.069577295206239490e+35 1.008291033964380040e+06
-7.832239315059268847e+00 8.069599587271430055e+35 1.008291058557210024e+06
-7.832224110781680793e+00 8.069621505885719419e+35 1.008291082563619944e+06
-7.832207927393028513e+00 8.069644814941970123e+35 1.008291106803489965e+06
-7.832189279521116987e+00 8.069671845541239275e+35 1.008291132224699948e+06
-7.832172266207635403e+00 8.069696658029799346e+35 1.008291153101510019e+06
-7.832157353841466829e+00 8.069718322182670534e+35 1.008291169066090020e+06
-7.832143301639007404e+00 8.069738922891639781e+35 1.008291181907839957e+06
-7.832129238464403898e+00 8.069759724413619670e+35 1.008291192794790026e+06
-7.832114570162957534e+00 8.069781473596250011e+35 1.008291202309240005e+06
-7.832098531216615811e+00 8.069805276197549765e+35 1.008291210822899942e+06
-7.832079549116315320e+00 8.069833535597709573e+35 1.008291218971180031e+06
-7.832055072940420359e+00 8.069869977136939313e+35 1.008291227482290007e+06
-7.832019635097822174e+00 8.069922684510689907e+35 1.008291237462299992e+06
-7.831953127519227564e+00 8.070021548070339741e+35 1.008291253348610015e+06
-7.831820777471875772e+00 8.070218205073380427e+35 1.008291283589430037e+06
-7.831557400873862207e+00 8.070609510049080494e+35 1.008291346942170057e+06
-7.831033281428972259e+00 8.071388341285859342e+35 1.008291485398899997e+06
-7.830361932719824836e+00 8.072387527158120527e+35 1.008291633696669945e+06
-7.829699719091877341e+00 8.073374442564160544e+35 1.008291760890959995e+06
-7.828906774695497006e+00 8.076467094762360441e+35 1.008291894117270014e+06
-7.827885800274088979e+00 8.076455559563829591e+35 1.008292045686010038e+06
-7.826503182819578797e+00 8.078536004727770412e+35 1.008292231531979982e+06
-7.824636139586800709e+00 8.084403336178249912e+35 1.008292467405320029e+06
-7.822005313035333529e+00 8.088305277935450515e+35 1.008292788844309980e+06
-7.818201639456674457e+00 8.096589177568720508e+35 1.008293246633440023e+06
-7.812620684679131955e+00 8.102377624442100211e+35 1.008293923286819947e+06
-7.804698366613592952e+00 8.114503293181109650e+35 1.008294918110389961e+06
-7.795442517206538469e+00 8.128902771156909342e+35 1.008296140025209985e+06
-7.787086999160237610e+00 8.144440822509219865e+35 1.008297303245260031e+06
-7.778655737842200324e+00 8.155274962387989982e+35 1.008298547382810037e+06
-7.768895405926741660e+00 8.170367704647699462e+35 1.008300120003339951e+06
-7.756070564239053056e+00 8.189322581099739372e+35 1.008302487691060058e+06
-7.744017503078794107e+00 8.219319706483159340e+35 1.008305247700889944e+06
-7.735599716892465949e+00 8.242562696330730523e+35 1.008307348175019957e+06
-7.727392549975775182e+00 8.216580581083020460e+35 1.008309432949739974e+06
-7.716286080132704228e+00 8.256602980088520468e+35 1.008312355894500040e+06
-7.706497375445906073e+00 8.281147559737700047e+35 1.008314924958750024e+06
-7.696085184317780659e+00 8.292975186269590111e+35 1.008317723127200035e+06
-7.684849452867638320e+00 8.314281639257199531e+35 1.008320727277589962e+06
-7.672456806845730171e+00 8.334813131835330125e+35 1.008324022656389978e+06
-7.659181654133135453e+00 8.366648581081239723e+35 1.008327527902689995e+06
-7.645226480264682323e+00 8.392692940373080127e+35 1.008331352405720041e+06
-7.630502304702531546e+00 8.449402579139669887e+35 1.008335370317840017e+06
-7.613873617316130549e+00 8.537641476431389779e+35 1.008339920519270003e+06
-7.597192004817770794e+00 8.734502452882739595e+35 1.008344530356009956e+06
-7.579862366255838424e+00 9.159406856677879592e+35 1.008349394345119945e+06
-7.559084968524985015e+00 1.001318687199070007e+36 1.008355336167049943e+06
-7.535734495380893350e+00 1.350313341112430022e+36 1.008362293987490004e+06
-7.511167181393830106e+00 1.655259772224579865e+36 1.008369839443200035e+06
-7.485530149599071592e+00 3.062211915845000149e+36 1.008378580779499956e+06
-7.463146894762758166e+00 4.062851522063289919e+36 1.008386445323140011e+06
-7.437510113435564563e+00 4.418565177423849815e+36 1.008395754153960035e+06
-7.412124619469977915e+00 5.091378394164780048e+36 1.008405389353030012e+06
-7.386888029810506850e+00 5.475817592215510042e+36 1.008415329970029998e+06
-7.361804968764772639e+00 6.188056442118439991e+36 1.008425757412860054e+06
-7.337840128398966044e+00 6.587485392168660508e+36 1.008436121843709960e+06
-7.314951648906571791e+00 6.980442684845269730e+36 1.008446411502119969e+06
-7.293034634843934327e+00 7.378497346559940393e+36 1.008456660307170008e+06
-7.272153463767608628e+00 8.102650196041530493e+36 1.008466987179629970e+06
-7.252041743980953470e+00 8.468684816290530408e+36 1.008477304436709965e+06
-7.232746944238897413e+00 8.822968721785059516e+36 1.008487561934259953e+06
-7.214287366368807852e+00 9.163742119333889703e+36 1.008497719567809952e+06
-7.196522373647894710e+00 9.497850118777250461e+36 1.008507844480060041e+06
-7.179435581143479794e+00 9.856782768974260218e+36 1.008517998909240006e+06
-7.162803738348884508e+00 1.018954194338879953e+37 1.008528229880110011e+06
-7.146557311731157824e+00 1.051897852875339947e+37 1.008538574690349982e+06
-7.130595707916654646e+00 1.084727822131719921e+37 1.008549102540699998e+06
-7.114847494027344510e+00 1.117726697219340066e+37 1.008559868096329970e+06
-7.099348741990979761e+00 1.150925173821970042e+37 1.008570844143979950e+06
-7.084089581243460998e+00 1.184545157692490048e+37 1.008582017646720051e+06
-7.069070126191945747e+00 1.218732123699449920e+37 1.008593371958589996e+06
-7.054304963181493804e+00 1.253330149641219939e+37 1.008604902268390055e+06
-7.040183823701227084e+00 1.287631182501219936e+37 1.008616307052299962e+06
-7.026564844622043893e+00 1.321200551142009889e+37 1.008627690203109989e+06
-7.013348509091883898e+00 1.355409847752180077e+37 1.008639111161209992e+06
-7.000368638546206057e+00 1.390579743573360081e+37 1.008650692027259967e+06
-6.987339696090202779e+00 1.426983285548079946e+37 1.008662685566380038e+06
-6.974148802430136129e+00 1.465753715229639979e+37 1.008675208727249992e+06
-6.961215025163255632e+00 1.505210181810899902e+37 1.008687855312639964e+06
-6.948578318086219952e+00 1.545322031782629919e+37 1.008700589924160042e+06
-6.936708067136351019e+00 1.584772824377160070e+37 1.008712869023859967e+06
-6.924725946650141850e+00 1.625995623662569954e+37 1.008725578614359954e+06
-6.913146520993905142e+00 1.667267900137409894e+37 1.008738156116339960e+06
-6.902015346131520346e+00 1.708149352167089954e+37 1.008750513008099981e+06
-6.891186268388992175e+00 1.748873461191430002e+37 1.008762789047759958e+06
-6.880135305691510439e+00 1.791545300779329924e+37 1.008775578065059963e+06
-6.869407386227976531e+00 1.833252256614280117e+37 1.008788229895889992e+06
-6.858733498986111954e+00 1.875248995564019949e+37 1.008801049309090013e+06
-6.847736350813647732e+00 1.919628256264720106e+37 1.008814492058099946e+06
-6.837194070743862540e+00 1.961430632478129951e+37 1.008827581665409962e+06
-6.826959243247983977e+00 2.002054875160370080e+37 1.008840485959250014e+06
-6.817025703494437039e+00 2.041287919150930017e+37 1.008853180449540028e+06
-6.807418711687205359e+00 2.078032300457500010e+37 1.008865613448329968e+06
-6.798155006137676537e+00 2.112825088857759937e+37 1.008877741029400029e+06
-6.789187252259580418e+00 2.145978123384830077e+37 1.008889612387069967e+06
-6.780467471457086504e+00 2.177670812659490061e+37 1.008901267749599996e+06
-6.772064766904804856e+00 2.207728076488670046e+37 1.008912600347980042e+06
-6.763926511601312086e+00 2.235440877835479789e+37 1.008923662679360015e+06
-6.756019637483404949e+00 2.261589535617290002e+37 1.008934486504310044e+06
-6.748304097884101793e+00 2.287286061752049863e+37 1.008945115597220021e+06
-6.740746997791575268e+00 2.312535363293900152e+37 1.008955582232099958e+06
-6.733306590263964608e+00 2.337380894855820108e+37 1.008965938210719964e+06
-6.725981032475829124e+00 2.363533344754180228e+37 1.008976180083920015e+06
-6.718746005382854491e+00 2.379271334564700106e+37 1.008986326126559987e+06
-6.711577683163341135e+00 2.398781960638650027e+37 1.008996400548879988e+06
-6.704453457583440468e+00 2.421089482371719980e+37 1.009006432707219967e+06
-6.697325438144616783e+00 2.445540919095570098e+37 1.009016487189520034e+06
-6.690205308055737987e+00 2.471113995283850125e+37 1.009026543462079950e+06
-6.683081498718820512e+00 2.497903548266600167e+37 1.009036618649799959e+06
-6.675933472899487242e+00 2.525140289898830072e+37 1.009046737462130026e+06
-6.668737642379710451e+00 2.553795772442240159e+37 1.009056931494369986e+06
-6.661486184108071029e+00 2.583902322604559989e+37 1.009067207239479991e+06
-6.654145121079636738e+00 2.615962418453549800e+37 1.009077612296479987e+06
-6.646701529272831976e+00 2.651667967392839959e+37 1.009088165134620038e+06
-6.639131319272564724e+00 2.692733292139329984e+37 1.009098892195199965e+06
-6.631424245395464823e+00 2.733998575999440120e+37 1.009109810335049988e+06
-6.623575333098415285e+00 2.753475303518730183e+37 1.009120941618539975e+06
-6.615494443627540022e+00 2.844482012711119795e+37 1.009132368108369992e+06
-6.607312519801780581e+00 2.891777169363570087e+37 1.009143922947249957e+06
-6.598934171401197091e+00 2.978709446976599811e+37 1.009155722501929966e+06
-6.590361499169375747e+00 3.013670089597630108e+37 1.009167770800819970e+06
-6.581135781249031425e+00 3.099077822080300094e+37 1.009180709563800017e+06
-6.571625914570176974e+00 3.126770191289609990e+37 1.009194011514179991e+06
-6.561388510424876586e+00 3.204260045600869861e+37 1.009208304309839965e+06
-6.550524013320682570e+00 3.299003681777829883e+37 1.009223419918400003e+06
-6.538525732932612300e+00 3.351442056489300113e+37 1.009240025251109968e+06
-6.524015600967686623e+00 3.462464444769010051e+37 1.009260000788019970e+06
-6.509023182094097137e+00 3.546267619908499901e+37 1.009280516327069956e+06
-6.494900723453611135e+00 3.627810619863469997e+37 1.009299691135509987e+06
-6.480957478343043476e+00 3.713515196844180167e+37 1.009318491251779953e+06
-6.466074165015015751e+00 3.806279098895989856e+37 1.009338409757349989e+06
-6.450082345661940053e+00 3.906684101980190044e+37 1.009359625795949949e+06
-6.430809214070905000e+00 4.028419036554190227e+37 1.009384956032069982e+06
-6.411839371285168454e+00 4.149762232473190039e+37 1.009409607154019992e+06
-6.393052551458822563e+00 4.271152645982460035e+37 1.009433763222799986e+06
-6.374376632506027818e+00 4.392864665007459534e+37 1.009457525584239978e+06
-6.355799927841871977e+00 4.514922045943850391e+37 1.009480914482439985e+06
-6.337254279846092686e+00 4.637611264525240106e+37 1.009504030439140042e+06
-6.318740184156922624e+00 4.760766610612249817e+37 1.009526879015740007e+06
-6.300244360492797568e+00 4.884265653311630142e+37 1.009549461627759971e+06
-6.281782533333171159e+00 5.007743980781119967e+37 1.009571762818390038e+06
-6.263350469584111124e+00 5.131027967382719822e+37 1.009593787470660056e+06
-6.244893602561205626e+00 5.254231654372830327e+37 1.009615597524360055e+06
-6.226418909209314734e+00 5.377116083598949731e+37 1.009637183194400044e+06
-6.207873218489112332e+00 5.499825008220999738e+37 1.009658602194219944e+06
-6.189269678288837895e+00 5.622081440118539785e+37 1.009679837825419963e+06
-6.170555072923889384e+00 5.744045662044670431e+37 1.009700947630429990e+06
-6.151746504910988733e+00 5.865441418611820136e+37 1.009721904718730017e+06
-6.132789568422595039e+00 5.986436624731869770e+37 1.009742757401459967e+06
-6.113703648967202753e+00 6.106754509928539837e+37 1.009763475950889988e+06
-6.094524838175857440e+00 6.226022229800030241e+37 1.009784023311709985e+06
-6.075216732337139547e+00 6.344314546465629583e+37 1.009804426812369958e+06
-6.055789638601709157e+00 6.461436585904229869e+37 1.009824662108580000e+06
-6.036198245186824352e+00 6.577508117025079847e+37 1.009844775273240055e+06
-6.016455641714856029e+00 6.692330755384120400e+37 1.009864736547739943e+06
-5.996513749123550951e+00 6.806030228711480104e+37 1.009884583515629987e+06
-5.976387196424184367e+00 6.918412090518609614e+37 1.009904289067719947e+06
-5.956024450046243146e+00 7.029648797519310105e+37 1.009923899343700032e+06
-5.935440582048613578e+00 7.139485452311399675e+37 1.009943378472249955e+06
-5.914579739590408280e+00 7.248064321177609618e+37 1.009962766833649948e+06
-5.893456204707035795e+00 7.355240229872540148e+37 1.009982035015069996e+06
-5.872105864837067202e+00 7.460686379974820181e+37 1.010001141174479970e+06
-5.850506877293810248e+00 7.564434981638280027e+37 1.010020089923019987e+06
-5.828664810338523239e+00 7.666286257058619947e+37 1.010038863804909983e+06
-5.806526963249780238e+00 7.766419735572830354e+37 1.010057492896759999e+06
-5.784099881449947134e+00 7.864655126632780123e+37 1.010075956389839994e+06
-5.761324038932798430e+00 7.961220003134390301e+37 1.010094289663190022e+06
-5.738203579618129879e+00 8.055904734363640160e+37 1.010112471739239991e+06
-5.714695708331419155e+00 8.148864933192999970e+37 1.010130518203419982e+06
-5.690876088920049369e+00 8.239589472518829900e+37 1.010148353851470049e+06
-5.666732674697414041e+00 8.328139794144069849e+37 1.010165974788169959e+06
-5.642198675282998011e+00 8.414561175449749583e+37 1.010183413301800028e+06
-5.617264807689934969e+00 8.498878311604780072e+37 1.010200659416410024e+06
-5.591853949707001448e+00 8.581208684571140917e+37 1.010217746928769979e+06
-5.566000430204439908e+00 8.661442913160329914e+37 1.010234635435690056e+06
-5.539765684137819335e+00 8.739257831725470025e+37 1.010251268357070046e+06
-5.513067506894003600e+00 8.814894225144429724e+37 1.010267681914050016e+06
-5.485878366802353412e+00 8.888321982006759303e+37 1.010283875765859964e+06
-5.458109573752153665e+00 8.959745055296410087e+37 1.010299882756070001e+06
-5.429893950291443616e+00 9.028785314892379544e+37 1.010315609433620004e+06
-5.401181633496889845e+00 9.095488420466319134e+37 1.010331069858649978e+06
-5.371866617933847010e+00 9.160044643627240560e+37 1.010346303949689958e+06
-5.341958483855705708e+00 9.222498069106050504e+37 1.010361289390100050e+06
-5.311536108725704253e+00 9.282674367305329341e+37 1.010375973381910007e+06
-5.280472857062704861e+00 9.340786786921720476e+37 1.010390404328329954e+06
-5.248732620297232643e+00 9.396924912860860899e+37 1.010404582347729942e+06
-5.216430134372785687e+00 9.450937788586420259e+37 1.010418445289409952e+06
-5.183415195846464485e+00 9.503067881803129218e+37 1.010432047380500007e+06
-5.149702413007616997e+00 9.553376207134790934e+37 1.010445371747039957e+06
-5.115334460453595966e+00 9.601876881130059104e+37 1.010458394422719954e+06
-5.080135177966440096e+00 9.648847803250370061e+37 1.010471173631399986e+06
-5.044265295175136998e+00 9.694237686205860502e+37 1.010483646031899960e+06
-5.007587937201606110e+00 9.738266335191040885e+37 1.010495857766319998e+06
-4.970143380603985861e+00 9.781044849320180433e+37 1.010507794673040044e+06
-4.931841986341169104e+00 9.822780015383970786e+37 1.010519487101249979e+06
-4.892712150729494169e+00 9.863636520371829513e+37 1.010530930105519947e+06
-4.852703838987508789e+00 9.903793506703569056e+37 1.010542145938899950e+06
-4.811825138574931771e+00 9.943432377545249105e+37 1.010553142899009981e+06
-4.769960072269896045e+00 9.982871848998089450e+37 1.010563963816659991e+06
-4.727204563794657588e+00 1.002224848694449994e+38 1.010574600549999974e+06
-4.683405143907293677e+00 1.006186800983610045e+38 1.010585111362279975e+06
-4.638672301312908530e+00 1.010194254192589912e+38 1.010595492384179961e+06
-4.592909822007641196e+00 1.014274393872089981e+38 1.010605794454819988e+06
-4.546013675077119842e+00 1.018466183453250000e+38 1.010616069352200022e+06
-4.498106447601458058e+00 1.022788538808649916e+38 1.010626324317959952e+06
-4.449091134330956265e+00 1.027272247468960094e+38 1.010636619315649965e+06
-4.398887140327133238e+00 1.031953536291239951e+38 1.010647012459289981e+06
-4.347560602705925703e+00 1.036862441913500030e+38 1.010657532807320007e+06
-4.295078912953613326e+00 1.042028825344840094e+38 1.010668236232680036e+06
-4.241382350650383160e+00 1.047487548472369920e+38 1.010679185017729993e+06
-4.186416952230501920e+00 1.053274292003079959e+38 1.010690443016769947e+06
-4.130131631158292294e+00 1.059424585363510079e+38 1.010702075752799981e+06
-4.072540490335086361e+00 1.065967696687190012e+38 1.010714136799209984e+06
-4.013691125932382420e+00 1.072926385175570055e+38 1.010726673535170034e+06
-3.953522422758396715e+00 1.080330926325119912e+38 1.010739756399499951e+06
-3.900919137609889731e+00 1.087258176964240090e+38 1.010751402183869970e+06
-3.855500628007575870e+00 1.093431866820519964e+38 1.010761657682429999e+06
-3.816156831657281145e+00 1.098909150338279994e+38 1.010770703465069993e+06
-3.782173005398362875e+00 1.103743110269849932e+38 1.010778640714399982e+06
-3.752741414413321763e+00 1.108002071004280000e+38 1.010785610967959976e+06
-3.727270753064658493e+00 1.111744357009150050e+38 1.010791715776160010e+06
-3.705131239490583539e+00 1.115036214052780066e+38 1.010797077883710037e+06
-3.685716447274899110e+00 1.117949655224039997e+38 1.010801822877599974e+06
-3.668419409077614546e+00 1.120562029544389914e+38 1.010806083567069960e+06
-3.652465045859571546e+00 1.122976010543940010e+38 1.010810040761059965e+06
-3.636584720574319363e+00 1.125364519585990061e+38 1.010814002215640037e+06
-3.616059900814434513e+00 1.128353185390489943e+38 1.010819147862059996e+06
-3.575215509481495246e+00 1.134108054936099973e+38 1.010829564101189957e+06
-3.523933524964377284e+00 1.141918668976589992e+38 1.010842796745429980e+06
-3.464292707794811577e+00 1.151300599073660009e+38 1.010858506376700010e+06
-3.394893496413715184e+00 1.162433278682619961e+38 1.010877249902880052e+06
-3.323123380221659318e+00 1.174375604268109922e+38 1.010897105302950018e+06
-3.249573132517980412e+00 1.186825795077689933e+38 1.010917974721989944e+06
-3.174409728439059108e+00 1.199732602439169952e+38 1.010939821021860000e+06
-3.097628696268657222e+00 1.213077342063660082e+38 1.010962642042850028e+06
-3.019228028308134526e+00 1.226841285036999919e+38 1.010986426480749971e+06
-2.939224915375234559e+00 1.240997294191400051e+38 1.011011148829460028e+06
-2.857644737086957321e+00 1.255510482404870018e+38 1.011036771638619946e+06
-2.774479751504259184e+00 1.270344356991490060e+38 1.011063257874859963e+06
-2.689805887610418722e+00 1.285445224759509955e+38 1.011090534518040018e+06
-2.603455689677502960e+00 1.300785474913650050e+38 1.011118597262150026e+06
-2.515663841855712235e+00 1.316282501123940004e+38 1.011147311713339994e+06
-2.426322007144335657e+00 1.331883337528699950e+38 1.011176613629259984e+06
-2.335361839475808665e+00 1.347535524716420056e+38 1.011206441183589981e+06
-2.242968100443249568e+00 1.363147592317919961e+38 1.011236633684749948e+06
-2.149065479345154017e+00 1.378650938182970065e+38 1.011267106010620017e+06
-2.053565467358566821e+00 1.393983638187040071e+38 1.011297764968720032e+06
-1.956544990156544372e+00 1.409061885344260032e+38 1.011328454105359968e+06
-1.858085674786707386e+00 1.423796136892189909e+38 1.011359009498090018e+06
-1.758135028881952167e+00 1.438111601151480088e+38 1.011389301393719972e+06
-1.656652731151552871e+00 1.451936467219799969e+38 1.011419186638980056e+06
-1.553632353723514825e+00 1.465195720753350001e+38 1.011448504842709983e+06
-1.449096906639169902e+00 1.477816120452460062e+38 1.011477080291889957e+06
-1.343092264753067866e+00 1.489713601188580031e+38 1.011504731963049970e+06
-1.235617623606231064e+00 1.500821492099460006e+38 1.011531288546859985e+06
-1.126628977042855695e+00 1.511078249229630083e+38 1.011556585588410031e+06
-1.016126249858643860e+00 1.520423840739989943e+38 1.011580446339290007e+06
-9.040686672960873693e-01 1.528804685394339980e+38 1.011602710275060032e+06
-7.904504058533348143e-01 1.536169343147000037e+38 1.011623193616459961e+06
-6.752251070574857295e-01 1.542470871094219968e+38 1.011641731085489970e+06
-5.583765663614030927e-01 1.547666165260700077e+38 1.011658146802130039e+06
-4.398438158386852592e-01 1.551715437464440068e+38 1.011672278910230030e+06
-3.195952783862594515e-01 1.554585038015119969e+38 1.011683969918709947e+06
-2.020016732276417315e-01 1.556401446664819975e+38 1.011692839487320045e+06
-9.561014050268568099e-02 1.557461282046060043e+38 1.011698787233819952e+06
0.000000000000000000e+00 1.557705799468700014e+38 1.011702490128700039e+06
8.632860370562411845e-02 1.557317219337839928e+38 1.011704491839939961e+06
1.637266504985745996e-01 1.556521458668099985e+38 1.011705198536789976e+06
2.330763252684846520e-01 1.555436026995410004e+38 1.011704959575009998e+06
2.949164556921459734e-01 1.554186196390260039e+38 1.011704051618810045e+06
3.498563752218615264e-01 1.552854325125749965e+38 1.011702697670059977e+06
3.984949438599869609e-01 1.551503921028510012e+38 1.011701070759100025e+06
4.415075205324683338e-01 1.550173519375049987e+38 1.011699298078099964e+06
4.796330181416124105e-01 1.548883081594559919e+38 1.011697464661439997e+06
5.137202987680211663e-01 1.547631999838649981e+38 1.011695615670820000e+06
5.448729608033318073e-01 1.546390460616760001e+38 1.011693750494839973e+06
5.745078600302804261e-01 1.545099791153409997e+38 1.011691814414759981e+06
6.062139892601408064e-01 1.543512978700749932e+38 1.011689548384750029e+06
6.686206464655697346e-01 1.539154293375140012e+38 1.011684325690070051e+06
7.443570445757359266e-01 1.534332286467140008e+38 1.011676677481099963e+06
8.276686600584071130e-01 1.528789496824449914e+38 1.011666906259719981e+06
9.269096438074484468e-01 1.521288207075069977e+38 1.011653469209959963e+06
1.047551845811540261e+00 1.511231007248419963e+38 1.011634548990610056e+06
1.187688759033335373e+00 1.498709574293099944e+38 1.011609335380509961e+06
1.330700608436018229e+00 1.485573092280889918e+38 1.011580616318920045e+06
1.476847371406620368e+00 1.471301949741670079e+38 1.011548539267190034e+06
1.626288388681132346e+00 1.455954004203720027e+38 1.011513197520629968e+06
1.779070466785924509e+00 1.439593184780299986e+38 1.011474746300589992e+06
1.935327282466460019e+00 1.422272159817030054e+38 1.011433352214270039e+06
2.095216682297177613e+00 1.404050224774950049e+38 1.011389221177419997e+06
2.258924844325520098e+00 1.384987772227039971e+38 1.011342573271360015e+06
2.426676314848009497e+00 1.365145539976050054e+38 1.011293645836440031e+06
2.598542233317857608e+00 1.344612515071070006e+38 1.011242748142919969e+06
2.774809124850435182e+00 1.323447122003020065e+38 1.011190145341139985e+06
2.955641431210096925e+00 1.301735867683789976e+38 1.011136155192699982e+06
3.141248294239630923e+00 1.279560450223630019e+38 1.011081092644419987e+06
3.332005191652569920e+00 1.256985457204170090e+38 1.011025229139139992e+06
3.528129471582360566e+00 1.234106679129739983e+38 1.010968885231429944e+06
3.730068520904751495e+00 1.210990733920090036e+38 1.010912314061290002e+06
3.938069305586395785e+00 1.187741894162719923e+38 1.010855806759350002e+06
4.152464869024697691e+00 1.164453861726920084e+38 1.010799659793870058e+06
4.373659845208749175e+00 1.141216913497860045e+38 1.010744104230890051e+06
4.602134449203731492e+00 1.118118199072919985e+38 1.010689348927770043e+06
4.838232848123880103e+00 1.095265432377500033e+38 1.010635622029819991e+06
5.082529696403071284e+00 1.072739822319349922e+38 1.010583083096649963e+06
5.335527376271784306e+00 1.050635614782710037e+38 1.010531895264700055e+06
5.597762126737507060e+00 1.029042742133730014e+38 1.010482197341129999e+06
5.869919119606493041e+00 1.008035908922750093e+38 1.010434084514799993e+06
6.152491739921970293e+00 9.877059237986400176e+37 1.010387669952890021e+06
6.446268990112002939e+00 9.681098328295039287e+37 1.010342999562800047e+06
6.752056354423984885e+00 9.493020433267809694e+37 1.010300104730559979e+06
7.070701671822462231e+00 9.313269525857179676e+37 1.010258998821340036e+06
7.403103355813072994e+00 9.142178671954860882e+37 1.010219673123270040e+06
7.750239227636484429e+00 8.979931530634820002e+37 1.010182094181310036e+06
8.113194484118139371e+00 8.826538390502000030e+37 1.010146201200839947e+06
8.493193001049803570e+00 8.681822157838389823e+37 1.010111904939559987e+06
8.891497194243129343e+00 8.545460164821570019e+37 1.010079097173289978e+06
9.309423814876936376e+00 8.416952857499700108e+37 1.010047648216760019e+06
9.748515427432721481e+00 8.295590519699099872e+37 1.010017397960599978e+06
1.021044752522720955e+01 8.180550677605569915e+37 1.009988170706660021e+06
1.063630152819678187e+01 8.090855218894870183e+37 1.009963332701549982e+06
1.101372386197908781e+01 8.019766543316660206e+37 1.009942748674400034e+06
1.134765087548294105e+01 7.960497560200489782e+37 1.009925421864249976e+06
1.164366564966621809e+01 7.909823897180370129e+37 1.009910611266160035e+06
1.190663623320870101e+01 7.865895706185250023e+37 1.009897804972609971e+06
1.214090534506249242e+01 7.827403743533140009e+37 1.009886627524520038e+06
1.235015616795863025e+01 7.793404498820789545e+37 1.009876799727670033e+06
1.253740375820780173e+01 7.763212053627300217e+37 1.009868112055010046e+06
1.270543690849444829e+01 7.736228395581640221e+37 1.009860391082069953e+06
1.285586091771256179e+01 7.712202840832930437e+37 1.009853532214200008e+06
1.299074373234179802e+01 7.690700960367260116e+37 1.009847420649050036e+06
1.311138451495207846e+01 7.671525718405419723e+37 1.009841982240960002e+06
1.321908654310391285e+01 7.654446278593540135e+37 1.009837147654460045e+06
1.331518562010023743e+01 7.639220048611299829e+37 1.009832848975399975e+06
1.340104920428711921e+01 7.625598445258410155e+37 1.009829017285819980e+06
1.347934811780578457e+01 7.613007587010490147e+37 1.009825526688380050e+06
1.355475352532812394e+01 7.600415726254479808e+37 1.009822155527750030e+06
1.364544317836407572e+01 7.583152773082139954e+37 1.009818033202299965e+06
1.379345233528874815e+01 7.548885216120310288e+37 1.009811085773520055e+06
1.397298882092582062e+01 7.508195231800260311e+37 1.009802421870219987e+06
1.417219448459218256e+01 7.465265812099630137e+37 1.009792751005379949e+06
1.438490278855897486e+01 7.421591738641689819e+37 1.009782505023509962e+06
1.457360176902147941e+01 7.387692832588570380e+37 1.009773586144190049e+06
1.474397416599094868e+01 7.358107106683559580e+37 1.009765704335279996e+06
1.489686425923719071e+01 7.332013181133509984e+37 1.009758745449790033e+06
1.503402566321892664e+01 7.308736692862139849e+37 1.009752579363530036e+06
1.515687600057572126e+01 7.287942315008489744e+37 1.009747107263340033e+06
1.526679919345770031e+01 7.269353972879830399e+37 1.009742245191850001e+06
1.536501882228185423e+01 7.252750186128860426e+37 1.009737922431739978e+06
1.545414218609221280e+01 7.237532555281320146e+37 1.009734012488879962e+06
1.553794656106038019e+01 7.222851635859299792e+37 1.009730335350789945e+06
1.562823652446968481e+01 7.205638116593770447e+37 1.009726330630350043e+06
1.580791355163091794e+01 7.160580330349300089e+37 1.009718034220959991e+06
1.598906087465002201e+01 7.121400263482850211e+37 1.009709511665300000e+06
1.617530087014893070e+01 7.082572389314809781e+37 1.009700795850800001e+06
1.634263674475369044e+01 7.050796196371779782e+37 1.009693062944820034e+06
1.649380466199363582e+01 7.022878453156319583e+37 1.009686188078550040e+06
1.662878648471087217e+01 6.998408346447579665e+37 1.009680128393010003e+06
1.675023248829529621e+01 6.976445205428739974e+37 1.009674733254599967e+06
1.685942242367309518e+01 6.956738270029450341e+37 1.009669920703559997e+06
1.695795926541904919e+01 6.938929557457120096e+37 1.009665602221920039e+06
1.704941571690142155e+01 6.922129071598949539e+37 1.009661605860269978e+06
1.714230816689087078e+01 6.904106517381410161e+37 1.009657528169809957e+06
1.730092967246309854e+01 6.865337398814839692e+37 1.009650353428000002e+06
1.747581812049611472e+01 6.825680024780419852e+37 1.009642290556209977e+06
1.767913533464889042e+01 6.779720016902139818e+37 1.009632909757960006e+06
1.790813646328751929e+01 6.729723822190629558e+37 1.009622445020520012e+06
1.811797947398736142e+01 6.689598634654129928e+37 1.009613076789009967e+06
1.830790960593731143e+01 6.655011586086439560e+37 1.009604815305819968e+06
1.847925657688756473e+01 6.624432452275760392e+37 1.009597513264860027e+06
1.863353097983053885e+01 6.597164089757879672e+37 1.009591039150640019e+06
1.877234109476557933e+01 6.572755755398090297e+37 1.009585280498369946e+06
1.889720479364041239e+01 6.550870527528150335e+37 1.009580145184810041e+06
1.900975488670519553e+01 6.531154345601859611e+37 1.009575545133440057e+06
1.911325487756403163e+01 6.512812731885220415e+37 1.009571330395719968e+06
1.921371659208671190e+01 6.494365828856029809e+37 1.009567233439630014e+06
1.933741845938493498e+01 6.468425968277240440e+37 1.009562093152669957e+06
1.953960985856247135e+01 6.419358757409249739e+37 1.009553405292890035e+06
1.974030677147675306e+01 6.377916385875440215e+37 1.009544748323629959e+06
1.993411377904703841e+01 6.340252013206009758e+37 1.009536522031569970e+06
2.010888634147704579e+01 6.308362752128949729e+37 1.009529242497339961e+06
2.026648252000450157e+01 6.280154890866529755e+37 1.009522790373950033e+06
2.040858553012367338e+01 6.254924485728780255e+37 1.009517048825570033e+06
2.053681635376415215e+01 6.232241333259309588e+37 1.009511918892160058e+06
2.065333897547679953e+01 6.211591188596410353e+37 1.009507289775960031e+06
2.076227157394168898e+01 6.191962739051029825e+37 1.009502976761700003e+06
2.087437745401985012e+01 6.170523006937420000e+37 1.009498511381619959e+06
2.107585075323004276e+01 6.121946363205299692e+37 1.009490191015599994e+06
2.125544785114470869e+01 6.087261312898260360e+37 1.009482751471600030e+06
2.141755560640012845e+01 6.057340264185650286e+37 1.009476148486459977e+06
2.156393225677311420e+01 6.030808804159020365e+37 1.009470273796319962e+06
2.169593036943115294e+01 6.007086726937179940e+37 1.009465038320570020e+06
2.181673811952350661e+01 5.985295964294910015e+37 1.009460288246840006e+06
2.193076662218663841e+01 5.964386504178859633e+37 1.009455824807169964e+06
2.205183964688330889e+01 5.940627156067670293e+37 1.009451052898900001e+06
2.229277496601571329e+01 5.881268116397959575e+37 1.009441203060940024e+06
2.249594782921485603e+01 5.844206141300539986e+37 1.009432996492690057e+06
2.272236759332008660e+01 5.799522334088470238e+37 1.009424050404079957e+06
2.292662863622535951e+01 5.763796579987729539e+37 1.009416171650000033e+06
2.311140708057791926e+01 5.732489231468460039e+37 1.009409220141110010e+06
2.327860928737209179e+01 5.704623328869369651e+37 1.009403050519749988e+06
2.343001341421040706e+01 5.679662906852729776e+37 1.009397547192850034e+06
2.356743402377469465e+01 5.657170530494769545e+37 1.009392608803219977e+06
2.369466334494063631e+01 5.636224387558580088e+37 1.009388072574940044e+06
2.381833796802675352e+01 5.615280102466420313e+37 1.009383671714370023e+06
2.396716636620112695e+01 5.586847299865390050e+37 1.009378285856529954e+06
2.422036976224626414e+01 5.531383708642489968e+37 1.009368852355889976e+06
2.444110492581967264e+01 5.495162657878989768e+37 1.009360792575840023e+06
2.469686320127220824e+01 5.449106738105149892e+37 1.009351664602410048e+06
2.492762375983875245e+01 5.413458792375409682e+37 1.009343666850690031e+06
2.513670859416015446e+01 5.382169823039319850e+37 1.009336621661850018e+06
2.532627679652068764e+01 5.354183212005269724e+37 1.009330361946120043e+06
2.549840871131164022e+01 5.328964017483590332e+37 1.009324760582210030e+06
2.565500363757018931e+01 5.306145043423809955e+37 1.009319719373570057e+06
2.579869033096474595e+01 5.285188670045600398e+37 1.009315128025250044e+06
2.593456958030583337e+01 5.264998838121429780e+37 1.009310799265200039e+06
2.607668237702455372e+01 5.242333965523189849e+37 1.009306228970799944e+06
2.635948684252798557e+01 5.184188118948209937e+37 1.009296689560899977e+06
2.657825843352475204e+01 5.154830102131059794e+37 1.009289492549160030e+06
2.684328152492525987e+01 5.110632840987750074e+37 1.009280920040840050e+06
2.708715952935745008e+01 5.075799209197310409e+37 1.009273215496320045e+06
2.730857605897472240e+01 5.045370391368249574e+37 1.009266390898160054e+06
2.750973005284322426e+01 5.017987302425760456e+37 1.009260295870229951e+06
2.769292541735921986e+01 4.993112549608440421e+37 1.009254810242839972e+06
2.785967444448033348e+01 4.970531747874320279e+37 1.009249856020099949e+06
2.801423318457091227e+01 4.949354596289089860e+37 1.009245283347110031e+06
2.816217934427550063e+01 4.928558845209390202e+37 1.009240902503520017e+06
2.832252858567517251e+01 4.903865025790929784e+37 1.009236073389469995e+06
2.855167950579198077e+01 4.863081760996469786e+37 1.009228941040599952e+06
2.875630234126583673e+01 4.833938012918729977e+37 1.009222618169290014e+06
2.894380849372828379e+01 4.807679859630109738e+37 1.009216924352300004e+06
2.911524399387417361e+01 4.783825814608250266e+37 1.009211781188389985e+06
2.927496689223335125e+01 4.761339801244559704e+37 1.009207024028550019e+06
2.942946717303129844e+01 4.738978601625029982e+37 1.009202425593320047e+06
2.960435013251844794e+01 4.710911534072650423e+37 1.009197124591280008e+06
2.983187617163639516e+01 4.671444159615309706e+37 1.009190072719829972e+06
3.003644615845405497e+01 4.642013460065229792e+37 1.009183802133750054e+06
3.022411424494930543e+01 4.615479843857499808e+37 1.009178152241420001e+06
3.039667295489925891e+01 4.591210186567769592e+37 1.009173022227340029e+06
3.055950459936866537e+01 4.567979998806449659e+37 1.009168215296410024e+06
3.072339690182707272e+01 4.543575910754069765e+37 1.009163366358579951e+06
3.094952006806852296e+01 4.504193381815599784e+37 1.009156480739459977e+06
3.115859715620172210e+01 4.473561335573750044e+37 1.009150146660799976e+06
3.135035514232004061e+01 4.446299681127509770e+37 1.009144430636759964e+06
3.152782056858995929e+01 4.421149014119849941e+37 1.009139205444630003e+06
3.169587962597142905e+01 4.397097393822120407e+37 1.009134294763979968e+06
3.186728833109373227e+01 4.371428183037990293e+37 1.009129271604569978e+06
3.208774031518260017e+01 4.334148717358629630e+37 1.009122650116969948e+06
3.228847691163537093e+01 4.305134024396160068e+37 1.009116664160000044e+06
3.247329757298575714e+01 4.278863162399350266e+37 1.009111232590210042e+06
3.264767251041484997e+01 4.253895535574349888e+37 1.009106158011959982e+06
3.282135763656697236e+01 4.228276588384880181e+37 1.009101114109140006e+06
3.304060478342580609e+01 4.191873540017380147e+37 1.009094615018510027e+06
3.326075269791181199e+01 4.158625827911079877e+37 1.009088103885679971e+06
3.346295530410134234e+01 4.130141500480199876e+37 1.009082224522850011e+06
3.365014181029982865e+01 4.104088398977900122e+37 1.009076865938100033e+06
3.382873806782299653e+01 4.079019001354680109e+37 1.009071805694430019e+06
3.401254429115215316e+01 4.052145963396749793e+37 1.009066593937839963e+06
3.424670717783737928e+01 4.014107061200459790e+37 1.009059812984060030e+06
3.446078603039495647e+01 3.984321647809519804e+37 1.009053687068640022e+06
3.465805927920155227e+01 3.957430897758229918e+37 1.009048142901640036e+06
3.484447691414970905e+01 3.931910270972089926e+37 1.009042966783559998e+06
3.502895291071035899e+01 3.906103828076670165e+37 1.009037867944860016e+06
3.524903375250869431e+01 3.872207594228900161e+37 1.009031685161300004e+06
3.546629488331382163e+01 3.841257083088709915e+37 1.009025590270309942e+06
3.566697252792073414e+01 3.814101849982359903e+37 1.009020040153670008e+06
3.585719443700509146e+01 3.788349283672380093e+37 1.009014842606749968e+06
3.604778410322614945e+01 3.761959354549339933e+37 1.009009662051670020e+06
3.628375194020918570e+01 3.725867257396409981e+37 1.009003137555659981e+06
3.651808613140019588e+01 3.693293831390589965e+37 1.008996699065919966e+06
3.673354760004440323e+01 3.665178844196230040e+37 1.008990893539489945e+06
3.693465463409665972e+01 3.639204596301500226e+37 1.008985567206240026e+06
3.712902357062557712e+01 3.613897129522469844e+37 1.008980473294529947e+06
3.733358837114064954e+01 3.586113402244069906e+37 1.008975103834840003e+06
3.758130225824424997e+01 3.550021667108510109e+37 1.008968495971319964e+06
3.780751879251329228e+01 3.521398445356670148e+37 1.008962556024980033e+06
3.801850754403858446e+01 3.494992148211810127e+37 1.008957114101239946e+06
3.821962811175035313e+01 3.469822379963340189e+37 1.008951992338450043e+06
3.842267596366582438e+01 3.443810464041239982e+37 1.008946844997799955e+06
3.867606036437791772e+01 3.407980441748239833e+37 1.008940302006380050e+06
3.890854151843814179e+01 3.379334962314729858e+37 1.008934363152069971e+06
3.912413216746062972e+01 3.353101103362119930e+37 1.008928946300550015e+06
3.932999382790876552e+01 3.327958562176000232e+37 1.008923834908560035e+06
3.953797071313601919e+01 3.302016271166730121e+37 1.008918693230830017e+06
3.979422264563618228e+01 3.267031319457759921e+37 1.008912248848299962e+06
4.003274872864130884e+01 3.238255299424009984e+37 1.008906307480489952e+06
4.025450875094975345e+01 3.212023321465649884e+37 1.008900877199369948e+06
4.046585600456455722e+01 3.187061797435749928e+37 1.008895769955559983e+06
4.067736250956659205e+01 3.161713009250380091e+37 1.008890690906030010e+06
4.092783857966423966e+01 3.129231258404790044e+37 1.008884591437799972e+06
4.117532644956372678e+01 3.099488474655589790e+37 1.008878590748850023e+06
4.140402213562629186e+01 3.073416331743820096e+37 1.008873142219980014e+06
4.162128088547615334e+01 3.048743925131229855e+37 1.008868044062940055e+06
4.183644042670493945e+01 3.024107396830530210e+37 1.008863039849580033e+06
4.207710292196134105e+01 2.994921585040850159e+37 1.008857398295370047e+06
4.233559598226565868e+01 2.963845168811489890e+37 1.008851305318049970e+06
4.257382672285893932e+01 2.937723371978849780e+37 1.008845792938999948e+06
4.279755870482767932e+01 2.913493194403950019e+37 1.008840706078620045e+06
4.301634985415148549e+01 2.889675172883119768e+37 1.008835789756960003e+06
4.324945988989202306e+01 2.863413838397619839e+37 1.008830554262990016e+06
4.352137606369797140e+01 2.831140139388699956e+37 1.008824350195290055e+06
4.377037500674487092e+01 2.805056736480569888e+37 1.008818772031310014e+06
4.400238320371136069e+01 2.781146035241540162e+37 1.008813677417899948e+06
4.422623560216743499e+01 2.758093487913250074e+37 1.008808833585390006e+06
4.445507656387053430e+01 2.734184082837980163e+37 1.008803917364659952e+06
4.473828100872924551e+01 2.702119861789480077e+37 1.008797744847689988e+06
4.504969945034827106e+01 2.668985443042549910e+37 1.008791017320150044e+06
4.537548603667528369e+01 2.636732541438680095e+37 1.008784193856589962e+06
4.567012421056278981e+01 2.610773548964639980e+37 1.008778259548599948e+06
4.593946034973487258e+01 2.587538614397860079e+37 1.008772994165759999e+06
4.618811055205878802e+01 2.566343946374729936e+37 1.008768229891209980e+06
4.642421904779621400e+01 2.546163009544419862e+37 1.008763762414469966e+06
4.665781124014756642e+01 2.525924831003220066e+37 1.008759367397619993e+06
4.691295787566923536e+01 2.502588944012989831e+37 1.008754522037649993e+06
4.724767805816372856e+01 2.469102751428980168e+37 1.008747980526100029e+06
4.752796568660414778e+01 2.446845355757060057e+37 1.008742655825439957e+06
4.780611395399319008e+01 2.423110595818319867e+37 1.008737468068349990e+06
4.806301369535503909e+01 2.402461852849840015e+37 1.008732765605119988e+06
4.830641475593438372e+01 2.382982112021159952e+37 1.008728373475349974e+06
4.854703823139425367e+01 2.363450021408810038e+37 1.008724058710479992e+06
4.881079612317262217e+01 2.340874880173109871e+37 1.008719292584770010e+06
4.924237543335766532e+01 2.298904584265259973e+37 1.008711231894030003e+06
4.956044585836934857e+01 2.278226536411029853e+37 1.008705607569499989e+06
4.998304105855640955e+01 2.242531963536189769e+37 1.008698247422609944e+06
5.042210596636869013e+01 2.211210004973949787e+37 1.008690925261680037e+06
5.081485201566829346e+01 2.186490953225120072e+37 1.008684679685979965e+06
5.116921124368673190e+01 2.164382846648839869e+37 1.008679203193119960e+06
5.149016226275125518e+01 2.144547320561499822e+37 1.008674330297349952e+06
5.178297345005557872e+01 2.126516930104720028e+37 1.008669931346000056e+06
5.205527657576021738e+01 2.109605801519030085e+37 1.008665858782410040e+06
5.231612375777331181e+01 2.093117543925429974e+37 1.008661955911069992e+06
5.257895759999519214e+01 2.075913712142049935e+37 1.008657992628599983e+06
5.287923762990976684e+01 2.054503420149280077e+37 1.008653340233720024e+06
5.326388993914588355e+01 2.025039294766760024e+37 1.008647160569109954e+06
5.361026858762488700e+01 2.003059111020680036e+37 1.008641736404640018e+06
5.392549243610119447e+01 1.983355060616910024e+37 1.008636914166130009e+06
5.421654170300462283e+01 1.965273411412589958e+37 1.008632530807540054e+06
5.449139854390523396e+01 1.948192557267159966e+37 1.008628430742740049e+06
5.476197015211801045e+01 1.931056882310300003e+37 1.008624399973209947e+06
5.505267653433838859e+01 1.911682362892529996e+37 1.008620018679009983e+06
5.541878596864989959e+01 1.884953939674589983e+37 1.008614301382769947e+06
5.575006628164555877e+01 1.863828257437110108e+37 1.008609176977019990e+06
5.605433260407880880e+01 1.844676982286600025e+37 1.008604551397060044e+06
5.634069100985652767e+01 1.826779258273120060e+37 1.008600254118270008e+06
5.662008459286880679e+01 1.809275529412890027e+37 1.008596094067930011e+06
5.691354068327927962e+01 1.790300686033110030e+37 1.008591709872080013e+06
5.729666257300414145e+01 1.762985074242359899e+37 1.008585808696690015e+06
5.764304859828553163e+01 1.741367693440930114e+37 1.008580519126240048e+06
5.796056440073880367e+01 1.721882380311009941e+37 1.008575763587840018e+06
5.825879670560243540e+01 1.703839549006490092e+37 1.008571368520320044e+06
5.854866039834450930e+01 1.686362351143870065e+37 1.008567141597309965e+06
5.884996547023183666e+01 1.667778665461620019e+37 1.008562749736240017e+06
5.923301334300776944e+01 1.641979450707190105e+37 1.008557020460069994e+06
5.962408538986346684e+01 1.617405342641219921e+37 1.008551174992640037e+06
5.997927054596948437e+01 1.596950443961629937e+37 1.008546009906279971e+06
6.030689538957085460e+01 1.578512636685590108e+37 1.008541355406090035e+06
6.061630664180847816e+01 1.561308133441350083e+37 1.008537033181680017e+06
6.092056892570690252e+01 1.544301683142550013e+37 1.008532817753740004e+06
6.124516148681868799e+01 1.525523762879669886e+37 1.008528299800080014e+06
6.169243703343090601e+01 1.497048955458970055e+37 1.008521871337539982e+06
6.209560714600956999e+01 1.474710728093800065e+37 1.008516154693420045e+06
6.246365303307538852e+01 1.454853501977220092e+37 1.008511059296949999e+06
6.280439783787005581e+01 1.436895101938019996e+37 1.008506433603179990e+06
6.312874407970230095e+01 1.419949256976220103e+37 1.008502088428599993e+06
6.345245742637780495e+01 1.402877820465190116e+37 1.008497772860729950e+06
6.380760252606705762e+01 1.383321824524480027e+37 1.008492987905769958e+06
6.427863161105779000e+01 1.355492473297710112e+37 1.008486451461559976e+06
6.470358129922533408e+01 1.333320889901699946e+37 1.008480643979049986e+06
6.509291502303676680e+01 1.313577318278969900e+37 1.008475445303210057e+06
6.545532177828135900e+01 1.295609623673460052e+37 1.008470696151579963e+06
6.580237566085997969e+01 1.278531842519469929e+37 1.008466201486989972e+06
6.615051890088943765e+01 1.261249083203390116e+37 1.008461709547379985e+06
6.653644770540995523e+01 1.241280803275590024e+37 1.008456670922630001e+06
6.705538709362735972e+01 1.212748031415939910e+37 1.008449706679029972e+06
6.752460204719682224e+01 1.189757350625299942e+37 1.008443507464829949e+06
6.795519219318521209e+01 1.169324282276630071e+37 1.008437949823120027e+06
6.835565426151151769e+01 1.150767829829489916e+37 1.008432875705239945e+06
6.873754488074337132e+01 1.133235066633440102e+37 1.008428092759549967e+06
6.911657798173837364e+01 1.115788733489570090e+37 1.008423369009939954e+06
6.952392773126484826e+01 1.096532876174599992e+37 1.008418256778729963e+06
7.010773370866081677e+01 1.066793883927280049e+37 1.008410699145530001e+06
7.065175563975935802e+01 1.041616723317480015e+37 1.008403720389100024e+06
7.115333154238760471e+01 1.019391005782279944e+37 1.008397432464050013e+06
7.161966598461731337e+01 9.993190488091290586e+36 1.008391699834809988e+06
7.205947406907216646e+01 9.806726281370579534e+36 1.008386361076300032e+06
7.248909997893497348e+01 9.624784383555610462e+36 1.008381174851740012e+06
7.293137633736478165e+01 9.436108148887619950e+36 1.008375831816980033e+06
7.344823153031757101e+01 9.205762315718560262e+36 1.008369463760319981e+06
7.413531669418443926e+01 8.888758601937639474e+36 1.008360787250360008e+06
7.477018580277217552e+01 8.630070917884600349e+36 1.008352998921690043e+06
7.536348043935140595e+01 8.394677576775059785e+36 1.008345871499200002e+06
7.592352673693676479e+01 8.178005365145389631e+36 1.008339254343669978e+06
7.645965116345905699e+01 7.973334612119409453e+36 1.008332976935359999e+06
7.698748071270529181e+01 7.772984514684780499e+36 1.008326818125889986e+06
7.753422594405128621e+01 7.565550836106509629e+36 1.008320432941299980e+06
7.817955436155898497e+01 7.313951239195290381e+36 1.008312772734920029e+06
7.908705862815259025e+01 6.960322740088820379e+36 1.008301912109349971e+06
7.994695330006652512e+01 6.664080164224860021e+36 1.008291986797370017e+06
8.076977543617249466e+01 6.386804273343759918e+36 1.008282649645810015e+06
8.156616671686060727e+01 6.128319564814539920e+36 1.008273770228749956e+06
8.235017636348493397e+01 5.878398064674070322e+36 1.008265086511439993e+06
8.313422747855656780e+01 5.639556400178749948e+36 1.008256552061449969e+06
8.394206695884349756e+01 5.397152480438060568e+36 1.008247798978250008e+06
8.483100295689655468e+01 5.139184294457359746e+36 1.008238259868649999e+06
8.483230932243168354e+01 5.172750142406220221e+36 1.008545973651529988e+06
8.483285169265582226e+01 5.172681839013430081e+36 1.008546819065229967e+06
8.483367430343059823e+01 5.172545778159940164e+36 1.008548089206189965e+06
8.483461495063966140e+01 5.172409862273059749e+36 1.008549530652650050e+06
8.483569515729323030e+01 5.172257801685690022e+36 1.008551164722669986e+06
8.483693992547341622e+01 5.172086683544890023e+36 1.008553021175449947e+06
8.483837383266654797e+01 5.171894315294249731e+36 1.008555103857959970e+06
8.484004021660075523e+01 5.171676435716390060e+36 1.008557416226250003e+06
8.484200437075924128e+01 5.171427308332000198e+36 1.008559979325570050e+06
8.484434410568792373e+01 5.171141431464409708e+36 1.008562760980900028e+06
8.484719529640278779e+01 5.170808506001910152e+36 1.008565708707149955e+06
8.485000513217528351e+01 5.170497285147740289e+36 1.008568107815059950e+06
8.485283930620062165e+01 5.170194902524650181e+36 1.008570102268910035e+06
8.485569237582967617e+01 5.169899037883960164e+36 1.008571666503450018e+06
8.485870134102879092e+01 5.169590360101130067e+36 1.008572919444930041e+06
8.486191667240927927e+01 5.169256885719370041e+36 1.008573876729210024e+06
8.486547724215779454e+01 5.168870340984870238e+36 1.008574578751579975e+06
8.486956260420265608e+01 5.168383512850410198e+36 1.008575058636570000e+06
8.487441966540063731e+01 5.167707826043680031e+36 1.008575329493499943e+06
8.488054209205438383e+01 5.166633246029190071e+36 1.008575395732069970e+06
8.488910433635464869e+01 5.164542595561210285e+36 1.008575291095869965e+06
8.490294291917234659e+01 5.159302008062310060e+36 1.008575141999959946e+06
8.493048169900430366e+01 5.142109283876690059e+36 1.008575558852839982e+06
8.498528387086116709e+01 5.095083790551630059e+36 1.008577976653889986e+06
8.509434019282343797e+01 5.002453361225439929e+36 1.008583345356369973e+06
8.531136227355455048e+01 4.866023403263250041e+36 1.008589876569629996e+06
8.574323621421353891e+01 4.702227260964809924e+36 1.008592716219809954e+06
8.660266535609844141e+01 4.493888475895310288e+36 1.008585607580970041e+06
8.797676892089657485e+01 4.230867314007090219e+36 1.008567041814749944e+06
8.971936363738495857e+01 3.923732891660600181e+36 1.008541401963340002e+06
