# time luminosity radius
-2.043820513327955268e+01 4.953457645249729632e+35 1.008159094970509992e+06
-1.668231391732115299e+01 5.304570930721529760e+35 1.008165121016380028e+06
-1.632762637303676456e+01 5.349688958467709738e+35 1.008165749745929963e+06
-1.562179815990384668e+01 5.427218864315810259e+35 1.008167152700820006e+06
-1.421720001578796655e+01 5.617052365559830082e+35 1.008170739008130040e+06
-1.210976893416955136e+01 6.062540949358939937e+35 1.008179884475920000e+06
-1.102193987174541689e+01 6.375021130338000258e+35 1.008186814217300038e+06
-1.032569603863521479e+01 6.625498615471680354e+35 1.008192770002080011e+06
-9.822469555889256299e+00 6.845724789757260015e+35 1.008198285887129954e+06
-9.428202379407593980e+00 7.050992957953589909e+35 1.008203687415809953e+06
-9.106494216102873906e+00 7.247771846104929803e+35 1.008209131259619957e+06
-8.878793014911934733e+00 7.406620154288189965e+35 1.008213601047819946e+06
-8.707799233001424000e+00 7.540101274735219584e+35 1.008217412072809995e+06
-8.573946343298302963e+00 7.653365606773239579e+35 1.008220729570860043e+06
-8.464481641887687147e+00 7.756362109696639682e+35 1.008223700740800006e+06
-8.369293043244397268e+00 7.852122827074160437e+35 1.008226510514519992e+06
-8.280923753074603155e+00 7.947096606564510516e+35 1.008229319167130045e+06
-8.218062121100956574e+00 8.019633240289590291e+35 1.008231442600440001e+06
-8.172710023267427459e+00 8.074149462641070447e+35 1.008233036311220028e+06
-8.134918911062413827e+00 8.121503095431469986e+35 1.008234420489290031e+06
-8.102145785116590559e+00 8.163996730341090101e+35 1.008235662952529965e+06
-8.067420149833196774e+00 8.209919976859010617e+35 1.008237036760529969e+06
-8.010899182670982555e+00 8.291049871631890556e+35 1.008239444307649974e+06
-7.946171233488712460e+00 8.388061596033649435e+35 1.008242474854449974e+06
-7.890077529038535431e+00 8.479327917130499808e+35 1.008245360388790024e+06
-7.839479439251590520e+00 8.564232607187330275e+35 1.008248224249409977e+06
-7.793477208557305858e+00 8.649752958144579871e+35 1.008251091926989960e+06
-7.756896879785927013e+00 8.717023804317949560e+35 1.008253565157060046e+06
-7.722348938521463424e+00 8.782786742168450566e+35 1.008256143004260026e+06
-7.695393613161286339e+00 8.839661993085280138e+35 1.008258328930080053e+06
-7.672621589736081660e+00 8.884045602223790111e+35 1.008260347446689964e+06
-7.651618321135174483e+00 8.932410377858010005e+35 1.008262473503759946e+06
-7.649505515990313143e+00 8.934569053874659742e+35 1.008262706313619972e+06
-7.645301033771829680e+00 8.972327975332880060e+35 1.008263238306210027e+06
-7.640354383271187544e+00 9.003394470551509708e+35 1.008264075221110019e+06
-7.640186455915682018e+00 8.951980797862629655e+35 1.008264162352459971e+06
-7.640181346971075982e+00 8.951988335057809836e+35 1.008264163981819991e+06
-7.640171180159086362e+00 8.952014169098309303e+35 1.008264167950310046e+06
-7.640150948223890737e+00 8.952056985786119454e+35 1.008264176918160054e+06
-7.640110686683328822e+00 8.952142972981310438e+35 1.008264196207509958e+06
-7.640030566195491701e+00 8.952314233615629895e+35 1.008264238161180052e+06
-7.639932419406250119e+00 8.952523752740889752e+35 1.008264308119380032e+06
-7.639867033023620024e+00 8.952663009496529963e+35 1.008264378177650040e+06
-7.639827118167886510e+00 8.952747588774210046e+35 1.008264428398509976e+06
-7.639786041778279468e+00 8.952834249955229268e+35 1.008264478814859991e+06
-7.639729155227541924e+00 8.952954960348250501e+35 1.008264553818320041e+06
-7.639682435576105490e+00 8.953054019583169564e+35 1.008264630347160040e+06
-7.639653885707957670e+00 8.953114192519179865e+35 1.008264683216130012e+06
-7.639632678678026423e+00 8.953158203962529964e+35 1.008264722390379990e+06
-7.639630688412580639e+00 8.953608901345739767e+35 1.008264743415600038e+06
-7.639629764773417264e+00 8.953664318143310520e+35 1.008264758604679955e+06
-7.639628491830080748e+00 8.953371465021110154e+35 1.008264787192989956e+06
-7.639626901887822896e+00 8.953020290833729995e+35 1.008264820613529999e+06
-7.639624684728914872e+00 8.952932936369899988e+35 1.008264849049540004e+06
-7.639621493261074647e+00 8.953055687639169723e+35 1.008264870901559945e+06
-7.639618695568060502e+00 8.953123154945159997e+35 1.008264884708579979e+06
-7.639615694875828922e+00 8.953154895994740361e+35 1.008264896384550026e+06
-7.639612197206588462e+00 8.953172563873730205e+35 1.008264906589580001e+06
-7.639607721212087199e+00 8.953189828576630669e+35 1.008264915571530000e+06
-7.639601222501369193e+00 8.953211695898470145e+35 1.008264924052080023e+06
-7.639590211736503989e+00 8.953240576518730311e+35 1.008264933183840010e+06
-7.639568300335668027e+00 8.953290218048590572e+35 1.008264946490000002e+06
-7.639524696627631783e+00 8.953384237827910433e+35 1.008264971597290016e+06
-7.639437925274251029e+00 8.953569808845629722e+35 1.008265022761399974e+06
-7.639265250269090757e+00 8.953938922393440613e+35 1.008265128302349942e+06
-7.638921627018135041e+00 8.954673517501620263e+35 1.008265347739440040e+06
-7.638610975409392267e+00 8.955337465225670432e+35 1.008265569933959981e+06
-7.638297001249156892e+00 8.956008864739650037e+35 1.008265787949020043e+06
-7.637885896605439484e+00 8.956888988919199731e+35 1.008266048432079959e+06
-7.637250225641764700e+00 8.961469630044990133e+35 1.008266398737719981e+06
-7.636530649848282337e+00 8.963351823319189722e+35 1.008266753274649964e+06
-7.635864782758289948e+00 8.965170454224369874e+35 1.008267044895380037e+06
-7.635010398662416264e+00 8.964514044545959720e+35 1.008267368304530042e+06
-7.633668984402902424e+00 8.972129943785550662e+35 1.008267799487140030e+06
-7.631127257278421894e+00 8.976028280270320719e+35 1.008268564170790021e+06
-7.626706801296677440e+00 9.003448419779920041e+35 1.008269841392370057e+06
-7.621464750205632299e+00 9.017039423712009478e+35 1.008271376451999997e+06
-7.614242720243055373e+00 9.115523400060159417e+35 1.008273804325619945e+06
-7.610231956234201789e+00 9.026026517063510277e+35 1.008275059471389977e+06
-7.603655412327498198e+00 9.037628062017979708e+35 1.008276993959940039e+06
-7.590568089974112809e+00 9.071597560870620319e+35 1.008280621120120049e+06
-7.577543484454508871e+00 9.102115225136740179e+35 1.008283992479340057e+06
-7.556497632438549772e+00 9.166619748421089741e+35 1.008289454549020040e+06
-7.541362273943377659e+00 9.250741543914909592e+35 1.008293170307319961e+06
-7.515547362650977448e+00 9.756630114275359355e+35 1.008299363382969983e+06
-7.486127108248183504e+00 1.196642260380879957e+36 1.008306342118320055e+06
-7.452343966608168557e+00 1.648775992950180019e+36 1.008314335785540054e+06
-7.413836990628624335e+00 2.823799562642659889e+36 1.008323823502840009e+06
-7.373734110384248197e+00 3.431754472262860129e+36 1.008334062447009957e+06
-7.331025116320233792e+00 3.934700523588450005e+36 1.008345574787519989e+06
-7.294657404097961262e+00 4.559880538444980149e+36 1.008355907730420004e+06
-7.261343489633873105e+00 4.959095792701449969e+36 1.008365940032340004e+06
-7.231746537028811872e+00 5.494532827767709535e+36 1.008375415994029958e+06
-7.205051778961205855e+00 5.785923009401499487e+36 1.008384414425309980e+06
-7.180715495342155918e+00 6.060707213171840293e+36 1.008393020193869947e+06
-7.158858980110380799e+00 6.552462878527840155e+36 1.008401229267520015e+06
-7.138888462941395119e+00 6.793606031728730007e+36 1.008409053154989961e+06
-7.120067949057556689e+00 7.020207930658890584e+36 1.008416730387720047e+06
-7.102179898996837437e+00 7.244156062802189508e+36 1.008424314737519948e+06
-7.084980448300484568e+00 7.468796497588010019e+36 1.008431884180570021e+06
-7.068292181007564068e+00 7.712256378059860271e+36 1.008439553038930055e+06
-7.051972548913909122e+00 7.961575072883359470e+36 1.008447330000519985e+06
-7.036024565517436713e+00 8.217422624619850402e+36 1.008455201670189970e+06
-7.020370124402688816e+00 8.480360091838619535e+36 1.008463200053400011e+06
-7.004948100075125694e+00 8.751684963973739673e+36 1.008471349115459947e+06
-6.989611281809629872e+00 9.033527775974019844e+36 1.008479728355290019e+06
-6.974488933512475342e+00 9.325331653788379732e+36 1.008488264804000035e+06
-6.959399630257394165e+00 9.628464536596509986e+36 1.008497064475839958e+06
-6.944433441327419132e+00 9.942626513089859427e+36 1.008506075404900010e+06
-6.929737153754103929e+00 1.026444574453450034e+37 1.008515203653739998e+06
-6.915264270151965320e+00 1.059277932697070003e+37 1.008524472760390025e+06
-6.901104207150638103e+00 1.092664474813409889e+37 1.008533818619629950e+06
-6.887145383516326547e+00 1.129144849441760005e+37 1.008543411505970056e+06
-6.873360545665491372e+00 1.166072582855699882e+37 1.008553160846860032e+06
-6.859790670423535630e+00 1.203255192031520111e+37 1.008563056683470029e+06
-6.846455367369344458e+00 1.240914139371959889e+37 1.008573065522830002e+06
-6.833387284277705476e+00 1.278051376814360093e+37 1.008583164805650013e+06
-6.820576901634922251e+00 1.316396386807370024e+37 1.008593362658009981e+06
-6.808056713285623118e+00 1.355200584519630063e+37 1.008603636403709999e+06
-6.795834515971364453e+00 1.394561850534100002e+37 1.008613981993959984e+06
-6.783922837901627645e+00 1.434184060260630107e+37 1.008624374419640051e+06
-6.772323026118101552e+00 1.474353492489470078e+37 1.008634790524080046e+06
-6.761209108808543533e+00 1.514085518495210009e+37 1.008645096566649969e+06
-6.750626066525001079e+00 1.553848456613229958e+37 1.008655247494400013e+06
-6.740143283794168383e+00 1.595142879681900053e+37 1.008665654123459943e+06
-6.730176185170421377e+00 1.636090481267120104e+37 1.008675880661649979e+06
-6.720036854443605989e+00 1.680495158821630006e+37 1.008686619565009954e+06
-6.710098832758376375e+00 1.727391706961850096e+37 1.008697465277579962e+06
-6.700413911079522222e+00 1.775962833225110014e+37 1.008708310316269984e+06
-6.691571185976499692e+00 1.820615786467959892e+37 1.008718449887610041e+06
-6.683067838515853509e+00 1.870778288157989971e+37 1.008728407430920051e+06
-6.675293784501263872e+00 1.917224456627989903e+37 1.008737689035339979e+06
-6.667556231404887512e+00 1.964168662870839950e+37 1.008747086429239949e+06
-6.660503118328051642e+00 2.008634258666169956e+37 1.008755795138270012e+06
-6.653302587801590562e+00 2.056151858760389972e+37 1.008764836817629985e+06
-6.646290436648996547e+00 2.103489337898609920e+37 1.008773763238230022e+06
-6.639470078196609393e+00 2.150622226788900147e+37 1.008782573991460027e+06
-6.632902255281805992e+00 2.196656560701930160e+37 1.008791158578239963e+06
-6.626517596712801605e+00 2.242123116288609882e+37 1.008799604502510047e+06
-6.620323902927339077e+00 2.286354837327349900e+37 1.008807888282150030e+06
-6.614240881259320304e+00 2.330034290053000134e+37 1.008816108481809963e+06
-6.608306700654793531e+00 2.372025565799620182e+37 1.008824203534050030e+06
-6.602457164990482852e+00 2.414213631502619998e+37 1.008832256315140054e+06
-6.596700339316157624e+00 2.454885311516139918e+37 1.008840245974060032e+06
-6.590985406568506733e+00 2.494987793530399896e+37 1.008848240905949962e+06
-6.585274642333388329e+00 2.534458169163579924e+37 1.008856288186340011e+06
-6.579586161358747631e+00 2.573115430618439773e+37 1.008864367842979962e+06
-6.573896087938919663e+00 2.610897132309950128e+37 1.008872504222269985e+06
-6.568203715665731579e+00 2.648263721952280137e+37 1.008880697337019956e+06
-6.562467044917866588e+00 2.685222978681209771e+37 1.008888999280620017e+06
-6.556773690390400589e+00 2.720623242956929970e+37 1.008897290294490056e+06
-6.551176757726352662e+00 2.754115742986299956e+37 1.008905480012229993e+06
-6.545668285340070724e+00 2.786358091863690153e+37 1.008913577147110016e+06
-6.540226855053333566e+00 2.817207477048220160e+37 1.008921604732239968e+06
-6.534840735053876415e+00 2.846943390591829872e+37 1.008929580367799965e+06
-6.529497079609427601e+00 2.875751709331750191e+37 1.008937511347010033e+06
-6.524179506959626451e+00 2.903650689422839942e+37 1.008945421751830028e+06
-6.518878494913224131e+00 2.930802290795510205e+37 1.008953319684730028e+06
-6.513591601105872542e+00 2.957025704914249765e+37 1.008961207916880026e+06
-6.508303988812258467e+00 2.982494727948290044e+37 1.008969102920789970e+06
-6.503000509896082804e+00 3.007288652266800049e+37 1.008977026008390007e+06
-6.497673564532306045e+00 3.031507657502960124e+37 1.008984984879179974e+06
-6.492313165304949507e+00 3.055232197730969981e+37 1.008992993552800035e+06
-6.486910887877456844e+00 3.078553825904830026e+37 1.009001061893910053e+06
-6.481455526052741334e+00 3.100378517679240040e+37 1.009009204300810001e+06
-6.475937923532910645e+00 3.121468945667530201e+37 1.009017428978999960e+06
-6.470344964269315824e+00 3.142436363452349826e+37 1.009025758397800033e+06
-6.464660582656506449e+00 3.163208102438450139e+37 1.009034209862089949e+06
-6.458874258212745190e+00 3.184774834470810118e+37 1.009042799367510015e+06
-6.452969499747268856e+00 3.206589177894249826e+37 1.009051543027400039e+06
-6.446930951933609322e+00 3.224354917009420002e+37 1.009060471546450048e+06
-6.440747217042371631e+00 3.228237708067199960e+37 1.009069588692839956e+06
-6.434418221120722592e+00 3.241367860751169876e+37 1.009078889233440044e+06
-6.427926543197827414e+00 3.260631778596359881e+37 1.009088390563120018e+06
-6.421261692827101797e+00 3.283810805963919841e+37 1.009098111617080052e+06
-6.414393570448737592e+00 3.310149561228910077e+37 1.009108092320760014e+06
-6.407316997909219936e+00 3.334546265865189957e+37 1.009118338703620015e+06
-6.400051492964848876e+00 3.353781575092280098e+37 1.009128817835199996e+06
-6.392608242138521746e+00 3.388089739049429952e+37 1.009139508082219982e+06
-6.385102176311193034e+00 3.433499370521160077e+37 1.009150251401180052e+06
-6.377345726679777727e+00 3.413269827291809849e+37 1.009161315424790024e+06
-6.368939587351633236e+00 3.614063499815569779e+37 1.009173234549000044e+06
-6.359656535612884909e+00 3.614412665792449787e+37 1.009186324434509967e+06
-6.349732743896311149e+00 3.800696790263790197e+37 1.009200245527129970e+06
-6.339334484306164086e+00 3.746737428741230064e+37 1.009214745334689971e+06
-6.328223265532869846e+00 3.889182909974700036e+37 1.009230085917809978e+06
-6.311330105178058147e+00 4.011674978520979884e+37 1.009253152023660019e+06
-6.294627995317569003e+00 4.131752996693430169e+37 1.009275649508040049e+06
-6.278119184455135837e+00 4.253472477747940195e+37 1.009297623995839967e+06
-6.261728776036761701e+00 4.372967835161810296e+37 1.009319191270889947e+06
-6.245524167345138267e+00 4.491030940194010315e+37 1.009340283567399951e+06
-6.229478392342571169e+00 4.609280052067140335e+37 1.009360921247750055e+06
-6.213527243322459981e+00 4.728405688510709643e+37 1.009381200088110054e+06
-6.197668483539018780e+00 4.847140751143490129e+37 1.009401130744719994e+06
-6.181846691557439044e+00 4.965875335487259882e+37 1.009420782785790041e+06
-6.166070835985010490e+00 5.084917766319339746e+37 1.009440151199099957e+06
-6.150286375108407810e+00 5.204764344188279919e+37 1.009459307964690030e+06
-6.134509931551292539e+00 5.325116674629609920e+37 1.009478230357130058e+06
-6.118762407684698701e+00 5.445590486941270412e+37 1.009496899372830056e+06
-6.103004918928490952e+00 5.566215935306280123e+37 1.009515363113570027e+06
-6.087246218870859593e+00 5.686728000991629835e+37 1.009533610989799956e+06
-6.071444661676650867e+00 5.807230200312549815e+37 1.009551690732680028e+06
-6.055613612261367962e+00 5.927466980556029702e+37 1.009569586344870040e+06
-6.039712232130113989e+00 6.047581285699430094e+37 1.009587341919390019e+06
-6.023756777954986319e+00 6.167286296415340032e+37 1.009604937184370006e+06
-6.007706712756771594e+00 6.286693664152249877e+37 1.009622415186690050e+06
-5.991580215631984174e+00 6.405556084612140259e+37 1.009639752539130044e+06
-5.975336823321413249e+00 6.524013811293550398e+37 1.009656988270270056e+06
-5.958995994937140495e+00 6.641830129524090337e+37 1.009674094910060056e+06
-5.942517163639422506e+00 6.759122936194839592e+37 1.009691112513620057e+06
-5.925920652429340407e+00 6.875591928188500372e+37 1.009708007246550056e+06
-5.909165631717769429e+00 6.991416488852559848e+37 1.009724813889850047e+06
-5.892273030854994431e+00 7.106315594682370171e+37 1.009741503209279967e+06
-5.875201550137717277e+00 7.220472856733010297e+37 1.009758111597559997e+06
-5.857972542289644480e+00 7.333551155634420268e+37 1.009774604879869963e+06
-5.840543949540005997e+00 7.445683851779420420e+37 1.009791015325639979e+06
-5.822937393153551966e+00 7.556655738925080424e+37 1.009807311645049951e+06
-5.805109672015532851e+00 7.666608762577590258e+37 1.009823524902060046e+06
-5.787082482973346487e+00 7.775266766564240181e+37 1.009839625616710051e+06
-5.768811027170158923e+00 7.882795523713570053e+37 1.009855642844980001e+06
-5.750316824152832851e+00 7.988895241485070157e+37 1.009871545497020008e+06
-5.731552871817257255e+00 8.093704275761570179e+37 1.009887360597740044e+06
-5.712540104024810717e+00 8.196950278407179792e+37 1.009903058207090013e+06
-5.693228588730562478e+00 8.298878232915790053e+37 1.009918666730419965e+06
-5.673638105683494359e+00 8.399312960548830064e+37 1.009933735002959962e+06
-5.653714856656733900e+00 8.498310892513519971e+37 1.009948985012919991e+06
-5.633491779357427731e+00 8.595638223450369617e+37 1.009963833554659970e+06
-5.612997936696046963e+00 8.691000980101259159e+37 1.009978499974780018e+06
-5.592190715746255592e+00 8.784504734229269912e+37 1.009993064368990017e+06
-5.571079880552133545e+00 8.875904844084289426e+37 1.010007518978990032e+06
-5.549616939155384898e+00 8.965375333614779465e+37 1.010021882494539954e+06
-5.527810139610664919e+00 9.053241240302549982e+37 1.010035973237409955e+06
-5.505603479890851304e+00 9.139724208906219364e+37 1.010049909237700049e+06
-5.483002167544327676e+00 9.224393205257100442e+37 1.010063686915850034e+06
-5.459940919361542910e+00 9.307342073955340199e+37 1.010077331513189944e+06
-5.436463883437681943e+00 9.388132675843060774e+37 1.010090797139400034e+06
-5.412613264285027981e+00 9.466469256935219615e+37 1.010104044434639974e+06
-5.388325943786185235e+00 9.542505236262460618e+37 1.010117092213290045e+06
-5.363591737026581541e+00 9.616339244708900880e+37 1.010129930593280005e+06
-5.338336044340394437e+00 9.687975301853830481e+37 1.010142580513449968e+06
-5.312541938794311136e+00 9.757396489859149203e+37 1.010155031969589996e+06
-5.286304405541159213e+00 9.824456065390099509e+37 1.010167225338810007e+06
-5.259559666825225577e+00 9.889201015600619404e+37 1.010179179349710001e+06
-5.232276171998819336e+00 9.951718958258289444e+37 1.010190895111800055e+06
-5.204356516565894708e+00 1.001217749909440048e+38 1.010202398909269948e+06
-5.175915847008582205e+00 1.007039025732640025e+38 1.010213631031039986e+06
-5.146926293411524966e+00 1.012633752363760005e+38 1.010224595169430017e+06
-5.117276207834947854e+00 1.018028346676769925e+38 1.010235322852030047e+06
-5.086983109911670908e+00 1.023225626919020065e+38 1.010245797521049972e+06
-5.056112045975169167e+00 1.028218509608799909e+38 1.010255991079529980e+06
-5.024528406618628651e+00 1.033028728630070023e+38 1.010265942364269984e+06
-4.992250430863350630e+00 1.037665345053550073e+38 1.010275639368789969e+06
-4.959326651995070279e+00 1.042126882811990052e+38 1.010285066180530004e+06
-4.925596923334524035e+00 1.046441780299729924e+38 1.010294266647720011e+06
-4.891179845842998475e+00 1.050610142691780093e+38 1.010303208647459978e+06
-4.855995406600413844e+00 1.054650404180900090e+38 1.010311916871109977e+06
-4.820013509830459952e+00 1.058578500154770023e+38 1.010320402981780004e+06
-4.783234713657293469e+00 1.062411303018040035e+38 1.010328673765009968e+06
-4.745587951882043853e+00 1.066168762687139963e+38 1.010336754121050006e+06
-4.707140252488898113e+00 1.069868168927130059e+38 1.010344641140709980e+06
-4.667773879191372544e+00 1.073533047810070063e+38 1.010352374070130056e+06
-4.627524704497773200e+00 1.077183334893760057e+38 1.010359962549500051e+06
-4.586338463152060285e+00 1.080848379949269920e+38 1.010367436046420014e+06
-4.544201853277627379e+00 1.084550878076920075e+38 1.010374819561540033e+06
-4.501122734363889322e+00 1.088314947519490077e+38 1.010382137477290002e+06
-4.456967468548100442e+00 1.092178990172870091e+38 1.010389439586690045e+06
-4.411844876682152972e+00 1.096162959981150046e+38 1.010396738839630038e+06
-4.365673021617112681e+00 1.100297246190539926e+38 1.010404083596750046e+06
-4.318361595767783001e+00 1.104622265837300073e+38 1.010411523764019948e+06
-4.270024282712256536e+00 1.109162765969189924e+38 1.010419079867489985e+06
-4.220578808774007484e+00 1.113951768990589982e+38 1.010426806828140048e+06
-4.169956303609069437e+00 1.119027941930809942e+38 1.010434758801309974e+06
-4.118107774178497493e+00 1.124429038466799987e+38 1.010442988725860021e+06
-4.065100998908746988e+00 1.130182902611299941e+38 1.010451531379090040e+06
-4.010870993486605585e+00 1.136324340441340040e+38 1.010460447171280044e+06
-3.955267202138202265e+00 1.142900294553790087e+38 1.010469810905699967e+06
-3.898489395563956350e+00 1.149926754311360071e+38 1.010479636861909996e+06
-3.840491584182018414e+00 1.157429834205519943e+38 1.010489982055029948e+06
-3.781103972141863778e+00 1.165455409920369926e+38 1.010500924988099956e+06
-3.720297352905618027e+00 1.174037697238799916e+38 1.010512518041149946e+06
-3.658287089550867677e+00 1.183174421280809923e+38 1.010524761732480023e+06
-3.594860361714381725e+00 1.192902490201239943e+38 1.010537740301950020e+06
-3.531604854244505987e+00 1.203031351900899977e+38 1.010551136925369967e+06
-3.476829331426415592e+00 1.212347912515980084e+38 1.010563059734089999e+06
-3.429332485189661384e+00 1.220633820439390022e+38 1.010573675623690011e+06
-3.388012721436098218e+00 1.227994118799529954e+38 1.010583119777219952e+06
-3.352207638032268733e+00 1.234492461351459931e+38 1.010591456091410015e+06
-3.321089997218223289e+00 1.240221092412119922e+38 1.010598816229359945e+06
-3.294118896155850962e+00 1.245272644128990020e+38 1.010604957442939980e+06
-3.270669918099883944e+00 1.249699791352429977e+38 1.010610529181640013e+06
-3.250183698401087895e+00 1.253632477456149998e+38 1.010614761782509973e+06
-3.232105798611883074e+00 1.257112450603510087e+38 1.010618913828670047e+06
-3.215806734166108072e+00 1.260257800891529965e+38 1.010622389505699975e+06
-3.200480374187463894e+00 1.263195703815800053e+38 1.010625943878400023e+06
-3.184574887534836307e+00 1.266202822236520007e+38 1.010629473704730044e+06
-3.159835236816434190e+00 1.270636763807019941e+38 1.010635130474900012e+06
-3.114664125576382503e+00 1.278667453683250072e+38 1.010645907095359988e+06
-3.060763844521716237e+00 1.288911668582020016e+38 1.010659016493219999e+06
-2.998794182814890519e+00 1.301016239443829909e+38 1.010674776290460024e+06
-2.926106674596667290e+00 1.315836880366679946e+38 1.010690912211420015e+06
-2.849829353217501193e+00 1.331326190392479950e+38 1.010708846231759991e+06
-2.772029298474080861e+00 1.347052737731939997e+38 1.010728310946480022e+06
-2.692547961196396500e+00 1.363116959705119965e+38 1.010749016403350048e+06
-2.611568009218899533e+00 1.379484698158200089e+38 1.010770612711229944e+06
-2.528981230949284509e+00 1.396102713696379943e+38 1.010792923073159996e+06
-2.444990068644983694e+00 1.412875052374429958e+38 1.010815740027330001e+06
-2.359447725175414234e+00 1.429753029374729954e+38 1.010838984822559985e+06
-2.272464457462774590e+00 1.446662167295690094e+38 1.010862517764489981e+06
-2.184074929624330252e+00 1.463528286048769931e+38 1.010886225940600038e+06
-2.094164868758525699e+00 1.480298514511939978e+38 1.010910033970820019e+06
-2.002884157962398604e+00 1.496885409020329988e+38 1.010933792883210001e+06
-1.910256797884358093e+00 1.513207311681390060e+38 1.010957385333420010e+06
-1.816197728447150439e+00 1.529199643139919954e+38 1.010980716597100021e+06
-1.720668410474900156e+00 1.544811367896899936e+38 1.011003689675029949e+06
-1.623783749440917745e+00 1.561413520899569934e+38 1.011019378960730042e+06
-1.525559202593285590e+00 1.574802432206610078e+38 1.011038789663220057e+06
-1.425967296963790432e+00 1.588345074979919936e+38 1.011058782891039969e+06
-1.324988615320762619e+00 1.601956237593329962e+38 1.011075772278810036e+06
-1.222591238445602357e+00 1.614294670093439940e+38 1.011092875273720012e+06
-1.118773293681442738e+00 1.625889617941929948e+38 1.011109608901010011e+06
-1.013517149694962427e+00 1.636676848113799997e+38 1.011125438571440056e+06
-9.068586955545470119e-01 1.646518762049940001e+38 1.011140040069040027e+06
-7.987949777452740818e-01 1.655318304354760068e+38 1.011153203748889966e+06
-6.892737347225192934e-01 1.663014243742609972e+38 1.011164779465600033e+06
-5.782880834012757987e-01 1.669561995189270080e+38 1.011174638662480051e+06
-4.657799526175949723e-01 1.674922297587320050e+38 1.011182673133490025e+06
-3.517325589491520077e-01 1.679061919451049907e+38 1.011188781640150002e+06
-2.360838695894926786e-01 1.681948745005329980e+38 1.011192874381190049e+06
-1.188479728007223457e-01 1.683558868582959913e+38 1.011194867470650002e+06
0.000000000000000000e+00 1.683869313265659999e+38 1.011194691443359945e+06
1.205351016251370311e-01 1.682861104277629959e+38 1.011192283740040031e+06
2.428180070710368454e-01 1.680522150692050007e+38 1.011187591638730024e+06
3.669373936427291483e-01 1.676842059795540038e+38 1.011180570286639966e+06
4.930023195629473776e-01 1.671813876047979943e+38 1.011171181751399999e+06
6.209928156749811023e-01 1.665448170219939987e+38 1.011159411928560003e+06
7.509672123123891652e-01 1.657750275572179960e+38 1.011145256822300027e+06
8.830812741070985794e-01 1.648723489864870082e+38 1.011128712382000056e+06
1.017486612021457404e+00 1.638378889584320092e+38 1.011109785247999942e+06
1.154117657919414341e+00 1.626760072846669991e+38 1.011088531300470000e+06
1.293178903375519440e+00 1.613875498472300008e+38 1.011064981221279944e+06
1.434784458804642782e+00 1.599760938118289950e+38 1.011039194462490035e+06
1.578989726142026484e+00 1.584463645498639946e+38 1.011011258298070054e+06
1.726058705302421004e+00 1.568005575990529930e+38 1.010981235453160014e+06
1.875948189524933696e+00 1.550477176539389947e+38 1.010949271781470045e+06
2.028952690016012639e+00 1.531982403009590081e+38 1.010915486952960026e+06
2.185110518796136603e+00 1.512561524732229963e+38 1.010879924045210006e+06
2.344589684362290427e+00 1.492237748579159996e+38 1.010842765352720045e+06
2.507624142832355574e+00 1.471053340341249981e+38 1.010804155345379957e+06
2.674433674837928265e+00 1.449075558778880031e+38 1.010764252809489961e+06
2.845129846624331549e+00 1.426398114490260077e+38 1.010723255697629997e+06
3.020002115081297234e+00 1.403090673660439947e+38 1.010681328326179995e+06
3.199310533120296896e+00 1.379238400358390035e+38 1.010638651113640051e+06
3.383226530568208545e+00 1.354947443451419943e+38 1.010595428830179968e+06
3.572044108877889812e+00 1.330305290298129990e+38 1.010551844822479994e+06
3.765905525797279552e+00 1.305433478644770005e+38 1.010508113747869967e+06
3.965250061475671828e+00 1.280406819386969928e+38 1.010464386801410001e+06
4.170374499488389120e+00 1.255336833854839955e+38 1.010420839608439943e+06
4.381611540797166526e+00 1.230327789071550089e+38 1.010377638512070058e+06
4.599263483425602317e+00 1.205490783250799907e+38 1.010334949949929956e+06
4.823889134189812467e+00 1.180905073460400070e+38 1.010292885098429979e+06
5.055728411243762821e+00 1.156696536730930064e+38 1.010251606731069973e+06
5.295391311956336722e+00 1.132939301516409930e+38 1.010211204025799991e+06
5.543175703322049230e+00 1.109748732840929977e+38 1.010171810160989990e+06
5.799796300765592605e+00 1.087186307399190026e+38 1.010133482239010045e+06
6.065784622565843165e+00 1.065338496961019934e+38 1.010096296588949976e+06
6.341643148683942854e+00 1.044288287660359939e+38 1.010060318741110037e+06
6.628106274147285149e+00 1.024147047782719907e+38 1.010025529633110040e+06
6.925919083907501772e+00 1.004964414494629958e+38 1.009991839932690025e+06
7.235858161962823942e+00 9.866751361105700394e+37 1.009959414970790036e+06
7.558749834133777767e+00 9.692878182191720804e+37 1.009928251040000003e+06
7.895492505456786603e+00 9.528157226230610823e+37 1.009898321189439972e+06
8.247083210997516289e+00 9.372527216952750659e+37 1.009869577527289977e+06
8.614647852838970721e+00 9.225730331704520165e+37 1.009841946753280004e+06
8.999421805579913780e+00 9.087397827045770926e+37 1.009815346779339947e+06
9.385326090385206044e+00 8.964457001214490356e+37 1.009790721423930023e+06
9.725791369477519765e+00 8.872016926753559077e+37 1.009770483027999988e+06
1.002709889263496734e+01 8.796823253869289767e+37 1.009753594527279958e+06
1.029540660636848770e+01 8.733440294104379357e+37 1.009739222552899970e+06
1.053387367143295705e+01 8.679597453005070209e+37 1.009726892703240039e+06
1.074640745273791254e+01 8.633216587082920748e+37 1.009716210056710057e+06
1.093606766709126532e+01 8.592944820154339544e+37 1.009706889760470018e+06
1.110600160993635654e+01 8.557580560588969347e+37 1.009698692599950009e+06
1.125776172056794167e+01 8.526616747542539299e+37 1.009691480280090007e+06
1.139368918491527438e+01 8.499256669935970445e+37 1.009685101871990017e+06
1.151507955370470881e+01 8.475144869479460031e+37 1.009679465005859965e+06
1.162327286018989980e+01 8.453896801478450137e+37 1.009674484382249997e+06
1.171951872744830325e+01 8.435174780701189647e+37 1.009670086494170013e+06
1.180517834008787759e+01 8.418622505803850204e+37 1.009666196882489952e+06
1.188189375423826277e+01 8.403824178691210062e+37 1.009662729297979968e+06
1.195275742025114596e+01 8.389971642687179872e+37 1.009659535795200034e+06
1.202473123083473183e+01 8.375172313443099683e+37 1.009656283324050019e+06
1.215083644379046746e+01 8.342163535824640106e+37 1.009650496655849973e+06
1.229946636228123680e+01 8.303866715583199952e+37 1.009643506227349979e+06
1.248494755875435658e+01 8.255225696188059738e+37 1.009634727818759973e+06
1.269020214787451550e+01 8.204577863336460119e+37 1.009625053656980046e+06
1.289107593751396053e+01 8.159656437141169907e+37 1.009615734239510028e+06
1.307171983248554170e+01 8.122901020398309862e+37 1.009607528284779983e+06
1.323398616636404768e+01 8.091133098703749607e+37 1.009600305508760037e+06
1.337936424952931702e+01 8.063185816940350388e+37 1.009593933234159951e+06
1.350948575677466579e+01 8.038379364219890023e+37 1.009588296705879970e+06
1.362574076827149838e+01 8.016324732288159628e+37 1.009583303830230027e+06
1.372945932010770775e+01 7.996706122190539681e+37 1.009578878419740009e+06
1.382207859912887216e+01 7.979193503582210465e+37 1.009574946509380010e+06
1.390549995901528746e+01 7.963336356876899694e+37 1.009571416332470020e+06
1.398339962147292681e+01 7.948189679763020445e+37 1.009568122428640025e+06
1.406568210537079722e+01 7.930963640668100313e+37 1.009564615617880016e+06
1.422212001934531145e+01 7.888199706398560362e+37 1.009557778278660029e+06
1.436065276351291686e+01 7.856521378590100049e+37 1.009551579093810054e+06
1.448459056782303378e+01 7.829737428152499855e+37 1.009546071514550014e+06
1.459529409784590825e+01 7.806475399656439880e+37 1.009541188222190016e+06
1.469420004377025180e+01 7.785925205090460053e+37 1.009536856230449979e+06
1.478306125462404452e+01 7.767487542484690249e+37 1.009532985178090050e+06
1.486522385198622942e+01 7.750192956168380193e+37 1.009529417999590049e+06
1.494845321751199663e+01 7.731758540401309775e+37 1.009525794179260032e+06
1.509058789024129510e+01 7.692344837129439901e+37 1.009519485464569996e+06
1.524955853435676545e+01 7.650532360602530171e+37 1.009512290445829974e+06
1.544419154780916870e+01 7.598700869730249811e+37 1.009503488340290030e+06
1.566103480153833516e+01 7.544144253976560322e+37 1.009493787369520054e+06
1.590715206135064363e+01 7.484177439296440425e+37 1.009483014657570049e+06
1.619110903705586679e+01 7.417108118379630032e+37 1.009470921954769990e+06
1.644880986519274302e+01 7.365767223133270278e+37 1.009460315396439983e+06
1.668066822818946093e+01 7.322146254644289917e+37 1.009451082937079947e+06
1.688853536217357032e+01 7.283880117292989804e+37 1.009442992869940004e+06
1.707585050427587703e+01 7.249533480116770449e+37 1.009435814974999987e+06
1.724426264819339849e+01 7.218777415277749822e+37 1.009429428817669977e+06
1.739575698363478296e+01 7.191151262152780222e+37 1.009423728289179970e+06
1.753184559120563790e+01 7.166374872357940098e+37 1.009418638066209969e+06
1.765399143868125975e+01 7.144159159791359926e+37 1.009414090406910051e+06
1.776353881470276974e+01 7.124239223898860158e+37 1.009410025184349972e+06
1.786337016557808965e+01 7.105882920167430470e+37 1.009406327572760056e+06
1.795787973178084940e+01 7.087996547679070239e+37 1.009402821344739990e+06
1.806217023509088904e+01 7.066196162480990152e+37 1.009398898497989983e+06
1.826970833670930006e+01 7.009892525820920109e+37 1.009390788036940037e+06
1.846001438383245841e+01 6.969077714439739703e+37 1.009383272111910046e+06
1.867983805251424201e+01 6.919237165904739763e+37 1.009374705154809984e+06
1.889224773430032656e+01 6.875561356743599745e+37 1.009366546183969942e+06
1.908279904280789196e+01 6.839242034514129982e+37 1.009359373480770038e+06
1.925469113164581358e+01 6.807047314056409614e+37 1.009353015294210054e+06
1.940955025295261294e+01 6.778234951873319933e+37 1.009347355427309987e+06
1.954899045743513852e+01 6.752353200893969820e+37 1.009342302037940011e+06
1.967455591214820743e+01 6.729058538973990267e+37 1.009337779961029999e+06
1.978820025431923568e+01 6.707900133087039791e+37 1.009333703003249946e+06
1.989358858665218577e+01 6.687933351104239728e+37 1.009329928035499994e+06
1.999955464532831684e+01 6.666709974745779745e+37 1.009326108320110012e+06
2.016661495453445241e+01 6.625062216552639991e+37 1.009319906018260051e+06
2.034938885993324220e+01 6.583047337731600221e+37 1.009313004754949943e+06
2.051336296563385986e+01 6.549751439539810000e+37 1.009306860826479970e+06
2.066056620329618454e+01 6.520870339699559835e+37 1.009301423952969955e+06
2.079368543584132567e+01 6.494942342499460248e+37 1.009296563527849969e+06
2.091457884514238685e+01 6.471402854479529543e+37 1.009292184442910017e+06
2.102629092600545846e+01 6.449427876666680244e+37 1.009288158375459956e+06
2.113680882140761241e+01 6.426741334246649912e+37 1.009284168574890005e+06
2.128889730316586792e+01 6.389894506961450297e+37 1.009278558698570007e+06
2.149119624571176246e+01 6.339546293945669658e+37 1.009270964241069974e+06
2.170487870366196148e+01 6.291604989112950193e+37 1.009262993657800020e+06
2.192450348008424044e+01 6.244823719756609669e+37 1.009254959923770046e+06
2.212313307193107903e+01 6.206448893918769776e+37 1.009247863698040019e+06
2.230284058570396155e+01 6.172613040589830104e+37 1.009241575918660033e+06
2.246526919450843707e+01 6.142328082343000391e+37 1.009235974503659992e+06
2.261214368615765125e+01 6.115066893932899655e+37 1.009230964619720005e+06
2.274520641469280235e+01 6.090400378363049813e+37 1.009226456832229975e+06
2.286809854718740098e+01 6.067359445374099758e+37 1.009222310512220021e+06
2.298728948712232523e+01 6.044252738062069833e+37 1.009218281604500022e+06
2.313123229669872671e+01 6.012595073660810309e+37 1.009213320819930057e+06
2.329141116639948450e+01 5.977242187226780076e+37 1.009207716009509983e+06
2.343604357045842335e+01 5.948336049464880291e+37 1.009202657358170021e+06
2.356797379543422721e+01 5.922394925159749851e+37 1.009198079386950005e+06
2.369161198037909344e+01 5.897833064934090045e+37 1.009193808734989958e+06
2.381855225167237222e+01 5.871191977185900290e+37 1.009189403765970026e+06
2.400983039499260485e+01 5.823638987379360381e+37 1.009182605833090027e+06
2.418009671161416918e+01 5.788564370653030239e+37 1.009176557573560043e+06
2.433455797174246982e+01 5.757668898329320414e+37 1.009171155705380021e+06
2.447532813245197758e+01 5.729788543296019902e+37 1.009166292484469945e+06
2.460603823515702970e+01 5.703766585335559826e+37 1.009161813822890050e+06
2.473421876909560524e+01 5.677494837931869889e+37 1.009157431986329961e+06
2.489485481102019548e+01 5.640370967913689608e+37 1.009151852817959967e+06
2.511608180173789151e+01 5.586849952342360259e+37 1.009144082017490058e+06
2.531413875910220668e+01 5.547493026372800399e+37 1.009137240195350023e+06
2.549366762101999484e+01 5.513120515561459953e+37 1.009131187286530039e+06
2.565671731578186154e+01 5.482361452134270314e+37 1.009125788938340032e+06
2.580525963858235627e+01 5.454530516280270076e+37 1.009120934503969969e+06
2.594346723030321300e+01 5.428473962070940354e+37 1.009116457165500033e+06
2.607885949217597954e+01 5.402233387055900457e+37 1.009112079461949994e+06
2.624592150383978151e+01 5.365833332480450450e+37 1.009106587934440002e+06
2.644788329527364112e+01 5.321468161853740079e+37 1.009099888269540039e+06
2.662950701013323851e+01 5.287100622845740284e+37 1.009093940622039954e+06
2.679494031838839874e+01 5.256568309769579833e+37 1.009088620553530054e+06
2.694686668616486713e+01 5.228674645399440247e+37 1.009083796492310008e+06
2.708939263099455275e+01 5.202293313095800330e+37 1.009079307598460000e+06
2.723316756219719537e+01 5.174565856357139964e+37 1.009074776079640025e+06
2.741980654446524568e+01 5.133833989954660259e+37 1.009068772888320033e+06
2.758934465507627465e+01 5.101653253092019628e+37 1.009063330950560048e+06
2.774518163362517953e+01 5.072595314052260227e+37 1.009058388232680038e+06
2.789176839750143699e+01 5.045114556001570099e+37 1.009053776013960014e+06
2.804009496868820861e+01 5.016218043034809661e+37 1.009049110194319976e+06
2.823789499365375377e+01 4.972575733506750009e+37 1.009042765461039962e+06
2.841735508519923314e+01 4.938567696027530037e+37 1.009037043149400037e+06
2.858199759537819773e+01 4.908055749208639648e+37 1.009031873308149981e+06
2.873559920710977167e+01 4.879639747883190142e+37 1.009027104874699959e+06
2.888584577612346038e+01 4.851273193499480230e+37 1.009022464949990041e+06
2.906430312889278866e+01 4.814284773127300029e+37 1.009016886627539992e+06
2.926247661196975969e+01 4.773954370563700145e+37 1.009010671802169993e+06
2.944315807489329018e+01 4.740925971483860259e+37 1.009005086825159960e+06
2.960926965071121231e+01 4.711180020460529882e+37 1.009000038700310048e+06
2.976610387023538351e+01 4.683031891210710369e+37 1.008995330134519958e+06
2.992454324886784889e+01 4.653705900936230066e+37 1.008990588358980021e+06
3.012988951287115924e+01 4.611309028473159676e+37 1.008984345874020015e+06
3.031697978716692887e+01 4.577914325129349703e+37 1.008978709230710054e+06
3.048945273278513923e+01 4.547738032845219982e+37 1.008973598276349949e+06
3.048946897295536473e+01 4.568563490236950081e+37 1.009541778926159954e+06
3.048947402162593789e+01 4.569635955605219719e+37 1.009550183914629975e+06
3.048948406847193837e+01 4.568771480909100297e+37 1.009547387189159985e+06
3.048949929466471076e+01 4.568787978007209757e+37 1.009547710764519987e+06
3.048951711665722542e+01 4.568800896824740376e+37 1.009548875283550005e+06
3.048953814560081810e+01 4.568805412079370314e+37 1.009550162276780000e+06
3.048956312637892552e+01 4.568813926468349606e+37 1.009551612450530054e+06
3.048959301799186505e+01 4.568823862062160072e+37 1.009553243952170014e+06
3.048962929248227738e+01 4.568835493825590216e+37 1.009555097042629961e+06
3.048967347911093384e+01 4.568849111833309740e+37 1.009557172330460045e+06
3.048972816567402333e+01 4.568865120497059544e+37 1.009559483269889955e+06
3.048979716113535687e+01 4.568884037448200040e+37 1.009562033753760043e+06
3.048987910241703503e+01 4.568904941843550183e+37 1.009564602003850043e+06
3.048996358839212917e+01 4.568925118857779676e+37 1.009566817284630029e+06
3.049005212687188759e+01 4.568944502312740220e+37 1.009568750287199975e+06
3.049014558782801032e+01 4.568963148293090330e+37 1.009570420173389954e+06
3.049024642232689075e+01 4.568981270543139940e+37 1.009571882090599975e+06
3.049035653681494296e+01 4.568998909977649816e+37 1.009573152486689971e+06
3.049047996796434745e+01 4.569016168317009798e+37 1.009574259283110034e+06
3.049062294542090967e+01 4.569033132712079646e+37 1.009575252553940052e+06
3.049079031377914362e+01 4.569049426881990201e+37 1.009576094249880058e+06
3.049100615846691653e+01 4.569064983572000329e+37 1.009576835433700006e+06
3.049131508264690638e+01 4.569078425178640197e+37 1.009577516169299954e+06
3.049183285591425374e+01 4.569083409068029723e+37 1.009578205847020028e+06
3.049286322470288724e+01 4.569057079614570454e+37 1.009579152819319977e+06
3.049491365856374614e+01 4.568959304834449727e+37 1.009581056815549964e+06
3.049899402193841524e+01 4.568642864126779912e+37 1.009585539623319986e+06
3.050711394505924545e+01 4.566711988151320391e+37 1.009595991342889960e+06
3.052327259210869670e+01 4.555846610478439704e+37 1.009618221528779948e+06
3.055542829970363528e+01 4.519859502796469847e+37 1.009658261019170051e+06
3.061941815784666687e+01 4.449839915469389883e+37 1.009716235593960038e+06
3.072517869836883619e+01 4.373434658177070040e+37 1.009774488858190016e+06
3.090514891326893121e+01 4.307125187267530226e+37 1.009823132479720050e+06
3.110422274714801461e+01 4.270797161342700444e+37 1.009848075019810000e+06
3.128612188095576130e+01 4.251319643254570088e+37 1.009858270548410015e+06
3.145555891146068461e+01 4.236422709295790201e+37 1.009861451597589999e+06
3.161998676729854196e+01 4.221892312848799910e+37 1.009860818450359977e+06
3.180324325943365693e+01 4.202678169313789770e+37 1.009857059115619981e+06
3.202615522136329673e+01 4.175770381945699895e+37 1.009849548278430011e+06
3.222935783417779021e+01 4.154280209219990039e+37 1.009841301341949962e+06
3.241637514778994955e+01 4.134067977731570236e+37 1.009832989606310031e+06
3.259141939110122621e+01 4.114340255260149967e+37 1.009824767399189994e+06
3.276188283547526225e+01 4.093989832460539929e+37 1.009816423662399990e+06
3.295308820696664043e+01 4.068111329889310090e+37 1.009806588682260015e+06
3.316224994655931368e+01 4.038877344599909786e+37 1.009795385845929966e+06
3.335405245708534494e+01 4.014236903733590181e+37 1.009784995100019965e+06
3.353341931389877573e+01 3.991073411169260076e+37 1.009775258297130000e+06
3.370845680654747412e+01 3.967753253671560195e+37 1.009765727635190007e+06
3.390501352748833597e+01 3.939003371359350095e+37 1.009754844370850013e+06
3.411974228595499881e+01 3.907216608824300068e+37 1.009742784352689981e+06
3.431713522819336504e+01 3.880493588567749968e+37 1.009731765904710046e+06
3.450182017817860469e+01 3.855663632229290168e+37 1.009721569268609979e+06
3.468126694249804132e+01 3.831123690257390126e+37 1.009711737224909943e+06
3.487879339687060565e+01 3.802087336736889765e+37 1.009700857459930005e+06
3.510131083132000640e+01 3.768522310256200104e+37 1.009688500866460032e+06
3.530517891771160066e+01 3.740864297742119989e+37 1.009677322080889950e+06
3.549544088327093050e+01 3.715357174089639999e+37 1.009667055285600014e+06
3.567952369089471176e+01 3.690397518795780041e+37 1.009657241256410023e+06
3.587683498320984654e+01 3.662148624551370093e+37 1.009646731673519942e+06
3.610726123812492006e+01 3.627487396091430107e+37 1.009634358014579979e+06
3.631806514822528698e+01 3.599339548247320222e+37 1.009623203474540031e+06
3.651495778089156374e+01 3.573390837376539851e+37 1.009612970984590007e+06
3.670403121827985160e+01 3.548392054341329768e+37 1.009603288041580003e+06
3.690098071520333178e+01 3.521336807907889864e+37 1.009593257303009974e+06
3.714088656834792346e+01 3.485680573954449789e+37 1.009580904059570050e+06
3.736033674108330160e+01 3.457092962802839932e+37 1.009569776291599963e+06
3.756376215672935359e+01 3.431077230307699822e+37 1.009559661244989955e+06
3.775817038980312645e+01 3.406110501998610149e+37 1.009550142715719994e+06
3.795572365459520370e+01 3.380100983160089963e+37 1.009540550761210034e+06
3.820592539102653973e+01 3.343809291118350044e+37 1.009528254714390030e+06
3.843419945918140002e+01 3.314927975061369947e+37 1.009517191401200020e+06
3.864587189871235751e+01 3.288521555890229915e+37 1.009507128405950032e+06
3.884630348181235604e+01 3.263584041252009849e+37 1.009497751750419964e+06
3.904595741708180867e+01 3.238342291727270034e+37 1.009488504570969963e+06
3.927789002365898341e+01 3.206783779142660194e+37 1.009477690882280003e+06
3.951813003653660417e+01 3.175351610416930109e+37 1.009466513109590043e+06
3.973907085665268824e+01 3.148528009966530215e+37 1.009456416427719989e+06
3.994706905871862546e+01 3.123495469850460071e+37 1.009447078702430008e+06
4.014997727543232031e+01 3.098937475946169954e+37 1.009438088773360010e+06
4.036752644323860295e+01 3.071468628357029997e+37 1.009428472378629958e+06
4.062275061471154913e+01 3.037568839262869918e+37 1.009417079742830014e+06
4.085618366082780994e+01 3.010061980645170131e+37 1.009406835316829965e+06
4.107328010682249442e+01 2.984871625788699968e+37 1.009397490955909947e+06
4.128196529857814312e+01 2.960611153156539943e+37 1.009388645289820037e+06
4.149406876630382612e+01 2.935509136602959827e+37 1.009379730578699964e+06
4.175565691947122104e+01 2.901841510399470116e+37 1.009368612628209987e+06
4.200306171120610088e+01 2.873106595033589902e+37 1.009358206869099988e+06
4.223134118845337071e+01 2.847451193507430114e+37 1.009348786309699994e+06
4.244769522629212588e+01 2.823250388955319903e+37 1.009340003753090044e+06
4.266095780499745160e+01 2.799278152789290045e+37 1.009331448128179996e+06
4.289329200587235391e+01 2.772053700065239852e+37 1.009322132935140049e+06
4.316020013325032778e+01 2.739611278460019954e+37 1.009311332997870049e+06
4.340376161391031928e+01 2.713179967757590207e+37 1.009301654106270056e+06
4.363088769820751622e+01 2.688906527367739992e+37 1.009292806039800053e+06
4.384949179276009090e+01 2.665579232762970078e+37 1.009284421545429970e+06
4.407110265456140041e+01 2.641626289344699999e+37 1.009276000456440030e+06
4.433573169066221453e+01 2.610904257963970039e+37 1.009265855336020002e+06
4.460032102800323628e+01 2.581943540302539946e+37 1.009255754601930035e+06
4.484387473241076805e+01 2.556853841311089876e+37 1.009246638003970031e+06
4.507222522736992687e+01 2.533659947840210065e+37 1.009238247003120021e+06
4.529502580864937045e+01 2.510977413182609994e+37 1.009230170669800020e+06
4.552874078182503581e+01 2.486629250129900010e+37 1.009221747727670008e+06
4.582074159785406664e+01 2.453913692658379811e+37 1.009211083872879972e+06
4.608597096049925312e+01 2.427599090173279798e+37 1.009201536603949964e+06
4.633074416455929168e+01 2.403745423785760159e+37 1.009192903457359993e+06
4.656209908128948882e+01 2.381439679090900206e+37 1.009184883470120025e+06
4.679083294852171093e+01 2.359312367251500153e+37 1.009177049623499974e+06
4.703762580352486111e+01 2.334724054770679990e+37 1.009168621702410048e+06
4.735585574485594407e+01 2.300840047233699867e+37 1.009157599620359950e+06
4.764301645444356836e+01 2.274311245309510114e+37 1.009147856514460058e+06
4.790645905717974529e+01 2.250544896693419966e+37 1.009139141132849967e+06
4.815161121168057434e+01 2.228832684206450228e+37 1.009131201178589952e+06
4.838779010946745984e+01 2.207980203061169810e+37 1.009123669547850033e+06
4.862833022381528281e+01 2.186465141773439863e+37 1.009116063822560012e+06
4.891063242781092413e+01 2.159589209099709945e+37 1.009107059670979972e+06
4.921115617806208320e+01 2.131436459001539861e+37 1.009097429140969994e+06
4.948541417377418838e+01 2.107918173553009968e+37 1.009088813606710057e+06
4.974000475669163279e+01 2.086533033858999988e+37 1.009080978015830042e+06
4.998396902947570197e+01 2.066179546648540037e+37 1.009073590763360029e+06
5.023001674603438005e+01 2.045473196997420069e+37 1.009066212402379955e+06
5.051034753915155306e+01 2.020704910650740078e+37 1.009057770037799957e+06
5.083183683632523753e+01 1.991566886852580087e+37 1.009047970703560044e+06
5.112379304773639888e+01 1.967994267541320079e+37 1.009039258722080034e+06
5.139302459085593000e+01 1.946828300214810066e+37 1.009031411498029949e+06
5.164822686673142016e+01 1.927004776428030056e+37 1.009024112010619952e+06
5.189997124456567690e+01 1.907437637522159999e+37 1.009017003128570039e+06
5.217126668905257247e+01 1.885733761687610087e+37 1.009009364409220056e+06
5.252562952219159342e+01 1.855272068009609884e+37 1.008999213316780049e+06
5.284541773289674893e+01 1.831080290537560000e+37 1.008990206020819955e+06
5.313833650542073883e+01 1.809569330523829914e+37 1.008982156925590010e+06
5.341127786625293083e+01 1.789999964152290055e+37 1.008974817685579997e+06
5.367391707914066501e+01 1.771363148860230050e+37 1.008967873916349956e+06
5.394088557851500809e+01 1.752271610150219972e+37 1.008960886180049973e+06
5.425138742377748713e+01 1.728859351940350061e+37 1.008952708507059957e+06
5.466430272345314734e+01 1.696381433940110037e+37 1.008941676011639996e+06
5.503563610627315938e+01 1.671988303285170096e+37 1.008932113421660033e+06
5.537234262292622589e+01 1.650746862188289959e+37 1.008923752823380055e+06
5.568021105296793394e+01 1.631864348655999969e+37 1.008916325132390019e+06
5.596851092510041781e+01 1.614429266846520068e+37 1.008909516090829973e+06
5.624703058018349111e+01 1.597660584297950067e+37 1.008903034385259962e+06
5.653122123354114592e+01 1.580270088853410068e+37 1.008896460780340014e+06
5.686893494351534173e+01 1.558096305418110001e+37 1.008888538129250053e+06
5.749218515725806355e+01 1.514867686767029894e+37 1.008873663861669949e+06
5.800640104222111404e+01 1.488736118061900018e+37 1.008862241220019991e+06
5.862410402012756094e+01 1.455106408618829967e+37 1.008849107224459993e+06
5.917670269648078829e+01 1.429708754539390047e+37 1.008838032264400041e+06
5.967226086673326790e+01 1.407550615909790108e+37 1.008828488689559978e+06
6.011805860314052552e+01 1.388052973633029954e+37 1.008820131791610038e+06
6.052115285160834901e+01 1.370685145699700041e+37 1.008812712423449964e+06
6.088871487163123675e+01 1.354984891279090095e+37 1.008806032938070013e+06
6.122911691060289741e+01 1.340428456122640043e+37 1.008799892567169969e+06
6.155292470860877074e+01 1.326378093685819993e+37 1.008794060380549985e+06
6.187401991663500667e+01 1.312101574513050110e+37 1.008788253472859971e+06
6.222064899612450972e+01 1.295808668230290003e+37 1.008781878607740044e+06
6.273920353216817603e+01 1.268377886866010034e+37 1.008771892541200039e+06
6.331336710759205744e+01 1.240897353848350107e+37 1.008760925063729985e+06
6.383034304875764064e+01 1.219119918446029929e+37 1.008751450346510042e+06
6.429782961160526611e+01 1.200040877588669993e+37 1.008743157033810043e+06
6.472369362885365263e+01 1.182980095067909986e+37 1.008735768581100041e+06
6.511588009263505228e+01 1.167417693296230052e+37 1.008729063058419968e+06
6.548462823947193101e+01 1.152786949694219967e+37 1.008722811658069957e+06
6.584311677236109972e+01 1.138388042455509980e+37 1.008716747476440039e+06
6.621225351857719943e+01 1.123128623443099918e+37 1.008710464911730029e+06
6.665349725633859634e+01 1.103365659509729955e+37 1.008702737866119947e+06
6.735283737306599505e+01 1.070458689066589983e+37 1.008690133331710007e+06
6.801370435205171816e+01 1.044786486801180052e+37 1.008678752606739989e+06
6.861208493131562136e+01 1.022549112351539986e+37 1.008668819547320018e+06
6.915687749921926297e+01 1.002707088506039951e+37 1.008659994699029950e+06
6.965650097784237005e+01 9.846652118495120388e+36 1.008652013426130055e+06
7.011970179787022062e+01 9.680455456041390436e+36 1.008644680268089985e+06
7.055574438447365537e+01 9.523399592658190018e+36 1.008637797151679988e+06
7.098053675633855164e+01 9.368504604789939892e+36 1.008631080181190046e+06
7.141492525138892233e+01 9.206642687438600476e+36 1.008624156934640021e+06
7.191711267293430865e+01 9.008424309821829922e+36 1.008615956945269951e+06
7.264169835479697213e+01 8.704476602324200559e+36 1.008603694664499955e+06
7.330750625071232207e+01 8.461781091587249910e+36 1.008592734553050017e+06
7.392559157978394069e+01 8.242103882845089836e+36 1.008582787804109976e+06
7.450356802489841357e+01 8.039557385184389800e+36 1.008573614938979968e+06
7.505048704857472330e+01 7.850655945320100437e+36 1.008565027058209991e+06
7.557708008651388809e+01 7.669589760876689633e+36 1.008556798564670025e+06
7.610373995837289840e+01 7.488061783556649951e+36 1.008548572926030029e+06
7.666726695100078359e+01 7.290839482649899860e+36 1.008539709275729954e+06
7.742783662743750028e+01 7.012938244649959793e+36 1.008527466400190024e+06
7.818268299353076145e+01 6.752022773389390152e+36 1.008515391167219961e+06
7.903773872129386291e+01 6.470930816106080109e+36 1.008502022130829981e+06
7.985403852706076577e+01 6.218366050960859973e+36 1.008489567062390037e+06
8.063934739460819401e+01 5.982164020229629464e+36 1.008477805814509979e+06
8.140924695212743245e+01 5.756052198342110032e+36 1.008466422796900035e+06
8.218065539270173758e+01 5.533715020462850300e+36 1.008455116035689949e+06
8.297544356048456393e+01 5.309302506697019983e+36 1.008443546320070047e+06
8.385933571853092872e+01 5.065621417700770093e+36 1.008430777679100051e+06
8.526998899155296385e+01 4.697491366554999959e+36 1.008410890970529988e+06
8.635912588020437397e+01 4.429770112697240168e+36 1.008395781255170004e+06
8.796123504280694760e+01 4.077547434878029963e+36 1.008374867624850012e+06
