# time luminosity radius
-2.089519054285483435e+01 4.554381978244200156e+35 1.008285157856079983e+06
-1.858242298924596980e+01 4.723377715914889696e+35 1.008286177461429965e+06
-1.600103756086900830e+01 4.968336129282180021e+35 1.008288981092829956e+06
-1.310864621173823252e+01 5.413732360851779712e+35 1.008297104514100007e+06
-1.295242031244561076e+01 5.440690545076770254e+35 1.008297588663790026e+06
-1.264153077284572646e+01 5.493480754573359714e+35 1.008298658714690013e+06
-1.202286058902973309e+01 5.611919177249639707e+35 1.008301230757480022e+06
-1.192139773897361010e+01 5.632218111364410303e+35 1.008301669717099983e+06
-1.171948666736716405e+01 5.673632532961420269e+35 1.008302604583219974e+06
-1.131768363493029028e+01 5.764075251092450226e+35 1.008304737729980028e+06
-1.057281101541593671e+01 5.974433998600729794e+35 1.008310127671060036e+06
-1.006688632117584348e+01 6.146069505201219984e+35 1.008314913510779967e+06
-9.682037614635191858e+00 6.298515884240950045e+35 1.008319521060260013e+06
-9.373425969039089978e+00 6.439772687870070238e+35 1.008323971330330009e+06
-9.085983633005525917e+00 6.592556582058729678e+35 1.008329102626899956e+06
-8.866947674134280533e+00 6.724843335353409293e+35 1.008333765555800055e+06
-8.711448052315972745e+00 6.829582960817989572e+35 1.008337493729669950e+06
-8.586863276781514287e+00 6.921515959965300375e+35 1.008340881321809953e+06
-8.486057457572314888e+00 7.003417147433330471e+35 1.008343891713910038e+06
-8.396922475018072873e+00 7.078599719257630531e+35 1.008346840109740035e+06
-8.310753517551347613e+00 7.159129896655499683e+35 1.008349978312349995e+06
-8.233047703688498586e+00 7.236781829642810136e+35 1.008353107679530047e+06
-8.169065852183848619e+00 7.305686217220180360e+35 1.008355929213250056e+06
-8.111356419220101088e+00 7.369191455843530327e+35 1.008358742301180027e+06
-8.061562556424178183e+00 7.428695993993079693e+35 1.008361410103159957e+06
-8.016529622371308506e+00 7.484203729928839420e+35 1.008364080294589978e+06
-7.980301467934623361e+00 7.530203455225420480e+35 1.008366437549100025e+06
-7.953846225806046277e+00 7.568725866635110589e+35 1.008368289719599998e+06
-7.932988274726085365e+00 7.594938518847400052e+35 1.008369842447979958e+06
-7.916765412839595228e+00 7.617099023858199622e+35 1.008371110463359975e+06
-7.900748183950781822e+00 7.638679927155990078e+35 1.008372437248890055e+06
-7.885896569583564997e+00 7.661154278560800031e+35 1.008373734907609993e+06
-7.869870399241335690e+00 7.683964500122419940e+35 1.008375233731979970e+06
-7.847349807445425540e+00 7.716884723911019660e+35 1.008377579114919994e+06
-7.823829974746331573e+00 7.752478364635759999e+35 1.008380366418299964e+06
-7.803463399934116751e+00 7.785047087489630596e+35 1.008383125353390002e+06
-7.784877579717431217e+00 7.821136916857489701e+35 1.008386140173339983e+06
-7.767664503597188741e+00 7.851041840957310658e+35 1.008389295234930003e+06
-7.751058348454535007e+00 7.876987815110110561e+35 1.008392484251430025e+06
-7.736163771827705204e+00 7.897163293872040135e+35 1.008395560651800013e+06
-7.728344006987754256e+00 7.911553950529239741e+35 1.008397166971569997e+06
-7.712782674992922693e+00 7.937686656283940679e+35 1.008400571429120027e+06
-7.697189469414297491e+00 7.969494864065769928e+35 1.008404013843390043e+06
-7.680505171651020646e+00 8.001695262370279655e+35 1.008407732831479982e+06
-7.661892734002321959e+00 8.052955862051750088e+35 1.008411922548489994e+06
-7.641353375220205635e+00 8.117659817248090299e+35 1.008416652074230020e+06
-7.620716007309965789e+00 8.244914283331329793e+35 1.008421454391150037e+06
-7.599144640727899969e+00 8.471838243169300134e+35 1.008426581696239999e+06
-7.576464621990453452e+00 9.182356143836999966e+35 1.008432244534460013e+06
-7.552579124341718853e+00 1.038518381230460034e+36 1.008438367523179972e+06
-7.527700305916368961e+00 1.249560132628669974e+36 1.008444974595510052e+06
-7.502712538524065167e+00 1.476868074545040038e+36 1.008451836655420018e+06
-7.477493394166231155e+00 1.741142090034759859e+36 1.008459032054640003e+06
-7.452052388922311366e+00 3.481884980393509969e+36 1.008467020650519989e+06
-7.427614618150983006e+00 3.575619516283219907e+36 1.008474960849200026e+06
-7.401680498209316283e+00 3.808252067560369890e+36 1.008483738492239965e+06
-7.375421192438807338e+00 4.296655989207510042e+36 1.008493087157520000e+06
-7.350104563869535923e+00 4.614340307511579824e+36 1.008502502738320036e+06
-7.325128766591660678e+00 4.942957186773759948e+36 1.008512210828489973e+06
-7.301114975707605481e+00 5.285317827531120090e+36 1.008521964681479963e+06
-7.278064258163794875e+00 5.853683174435179773e+36 1.008531839436550043e+06
-7.255868870997801423e+00 6.213050253825030036e+36 1.008541766342620016e+06
-7.234506114968098700e+00 6.570807859688769973e+36 1.008551735055780038e+06
-7.214058527722954750e+00 6.928894381185250176e+36 1.008561687470259960e+06
-7.194218211923725903e+00 7.533926969188630413e+36 1.008571897027719999e+06
-7.174855042540002614e+00 7.915841019078689916e+36 1.008582301461340045e+06
-7.155765236821025610e+00 8.297845852277069674e+36 1.008593030138680013e+06
-7.136977026355452836e+00 8.685218613289829872e+36 1.008604083448980004e+06
-7.118586247903294861e+00 9.076041601249609413e+36 1.008615387561160023e+06
-7.100750165118370205e+00 9.470695061218170106e+36 1.008626802730869967e+06
-7.084354026766959578e+00 9.846573266929220263e+36 1.008637635705929948e+06
-7.068900872138328850e+00 1.021382063399080030e+37 1.008648235428640037e+06
-7.054274480440653861e+00 1.057158701817510038e+37 1.008658645907009952e+06
-7.040542583330534399e+00 1.091579086757669968e+37 1.008668778729939950e+06
-7.027418158715590835e+00 1.125421805317940075e+37 1.008678810112469946e+06
-7.014936363266315311e+00 1.158406626847060061e+37 1.008688676361080026e+06
-7.002791858918499202e+00 1.193843811681469946e+37 1.008698672825490008e+06
-6.990876342460978776e+00 1.229134473714510053e+37 1.008708805135159986e+06
-6.978948567295446992e+00 1.264857281489780072e+37 1.008719282560009975e+06
-6.966734992805868387e+00 1.302689967110899996e+37 1.008730368369800039e+06
-6.953830972604919225e+00 1.344134783903590079e+37 1.008742484920189949e+06
-6.940840543655212969e+00 1.387295812340510061e+37 1.008755089369529975e+06
-6.928791670768987387e+00 1.428508495307909912e+37 1.008767123879909981e+06
-6.917321987857576460e+00 1.468916647372829995e+37 1.008778898935529985e+06
-6.905470400233753026e+00 1.510542344878520020e+37 1.008791406902819988e+06
-6.894080417638178915e+00 1.552503156540510013e+37 1.008803745625930023e+06
-6.883228696358855814e+00 1.593021550510239928e+37 1.008815791173939942e+06
-6.871979877410922199e+00 1.635680290279490094e+37 1.008828602805320057e+06
-6.861192127049434930e+00 1.677249109944710076e+37 1.008841179405719973e+06
-6.849916441715322435e+00 1.721115684685470089e+37 1.008854643569309963e+06
-6.839010576135478914e+00 1.763833380119379906e+37 1.008867956614010036e+06
-6.827953209751285613e+00 1.807245908798110013e+37 1.008881760908599943e+06
-6.817187673703301698e+00 1.849446709649090043e+37 1.008895484815230011e+06
-6.806736068276222795e+00 1.890189522741000019e+37 1.008909087735380046e+06
-6.796632769692223519e+00 1.929271831393059991e+37 1.008922500974930008e+06
-6.786823952337726951e+00 1.966804123134589999e+37 1.008935757903710008e+06
-6.777300672663841397e+00 2.002867440205490060e+37 1.008948842506660032e+06
-6.767934686096850783e+00 2.037931800200419893e+37 1.008961913653000025e+06
-6.758743088110350072e+00 2.071893238738870032e+37 1.008974925338829984e+06
-6.749674965161830187e+00 2.104939061040170003e+37 1.008987933111050050e+06
-6.740684042219072580e+00 2.137281032531640010e+37 1.009000988198069972e+06
-6.731731264269910753e+00 2.168919715501250013e+37 1.009014142983359983e+06
-6.722797075170092285e+00 2.199864186729290226e+37 1.009027414709319943e+06
-6.713802161219064146e+00 2.230387935083290204e+37 1.009040910633140011e+06
-6.704756867489777505e+00 2.260608990559920177e+37 1.009054608628710033e+06
-6.695581763400696218e+00 2.290985542006179837e+37 1.009068623606409994e+06
-6.686245182820130140e+00 2.321732419010339935e+37 1.009083002879339969e+06
-6.676689738174900413e+00 2.352633645438820063e+37 1.009097829930610023e+06
-6.666848906606901437e+00 2.384873329989980075e+37 1.009113203594899969e+06
-6.656656307226512581e+00 2.419508269502850196e+37 1.009129233079249971e+06
-6.646173929970245808e+00 2.438355309838630183e+37 1.009145797613600036e+06
-6.635062583605758846e+00 2.471777994283379886e+37 1.009163431851170026e+06
-6.623314076045062393e+00 2.512111317393230089e+37 1.009182145171210053e+06
-6.611657556961290538e+00 2.555426137434250083e+37 1.009200763445000048e+06
-6.599967857473529875e+00 2.585903361800530173e+37 1.009219463963189977e+06
-6.588188828376587480e+00 2.637377414784890096e+37 1.009238332337160013e+06
-6.576295882405247539e+00 2.703141837179749886e+37 1.009257406249140040e+06
-6.564210975251626223e+00 2.815775900365259858e+37 1.009276787345750025e+06
-6.551936282194219530e+00 2.924165954547249986e+37 1.009296460309009999e+06
-6.539369991864077747e+00 2.971584761371569868e+37 1.009316554152559955e+06
-6.526534078991971910e+00 3.058726918670570092e+37 1.009337040947259986e+06
-6.513435712317004800e+00 3.099897949648209965e+37 1.009357894500709954e+06
-6.500736559915821999e+00 3.222569242154459842e+37 1.009378048621849972e+06
-6.488683392119128257e+00 3.283984313613579987e+37 1.009397122534799972e+06
-6.475885094434488565e+00 3.361549018127850161e+37 1.009417296359320055e+06
-6.463557457900606096e+00 3.441951890186920046e+37 1.009436665531830047e+06
-6.451502136129420251e+00 3.509036599515780114e+37 1.009455546547260019e+06
-6.439802564971614629e+00 3.573622306480059784e+37 1.009473773420820013e+06
-6.426541637280024588e+00 3.646247131823230151e+37 1.009494327704709955e+06
-6.408711505355313420e+00 3.744287571525249774e+37 1.009521787929030019e+06
-6.389271741674747318e+00 3.853589765054600192e+37 1.009551467622480006e+06
-6.369931028108112514e+00 3.965356995369669808e+37 1.009580736279109959e+06
-6.350689743063412607e+00 4.078279728661860047e+37 1.009609603463290026e+06
-6.331559782382100821e+00 4.191992629783859934e+37 1.009638053582209977e+06
-6.312472482095472515e+00 4.306818878348390029e+37 1.009666193312279996e+06
-6.293422646762337536e+00 4.422583213672550082e+37 1.009694034655970056e+06
-6.274346614954993129e+00 4.539567363070760080e+37 1.009721673764709965e+06
-6.255249098816420883e+00 4.657626372070769562e+37 1.009749108197120018e+06
-6.236068106081802398e+00 4.776980269417490200e+37 1.009776428213760024e+06
-6.216866395028773695e+00 4.896990021768669852e+37 1.009803546390690026e+06
-6.197653084644116461e+00 5.017341122322439780e+37 1.009830447922460036e+06
-6.178375998628325760e+00 5.138042323440430346e+37 1.009857209577189991e+06
-6.159042149607557803e+00 5.258822223300219897e+37 1.009883822528450051e+06
-6.139599656569771469e+00 5.379729611380739993e+37 1.009910354176779976e+06
-6.120060836372431368e+00 5.500473429720829669e+37 1.009936784606829984e+06
-6.100372473418246955e+00 5.621161241800400463e+37 1.009963181731950026e+06
-6.080550073354970664e+00 5.741525320335840212e+37 1.009989515901189996e+06
-6.060537934477906674e+00 5.861677126772460150e+37 1.010015856782329967e+06
-6.040353805059567094e+00 5.981314468287979951e+37 1.010042166965409997e+06
-6.020054464344866574e+00 6.099959589090780206e+37 1.010068368759269943e+06
-5.999592420470435172e+00 6.217720194737810177e+37 1.010094511301800027e+06
-5.978976412618067116e+00 6.334412393474590051e+37 1.010120577606779989e+06
-5.958156763634178787e+00 6.450126364598939595e+37 1.010146617521769949e+06
-5.937144052528310567e+00 6.564677153964100022e+37 1.010172607886770042e+06
-5.915884240530431271e+00 6.678196996446580300e+37 1.010198599513020017e+06
-5.894388269574847072e+00 6.790498140131219737e+37 1.010224573196970043e+06
-5.872596643923316151e+00 6.901701697589250112e+37 1.010250580433820025e+06
-5.850519817555323243e+00 7.011590358740350385e+37 1.010276589616760029e+06
-5.828232408384792507e+00 7.119704031547480349e+37 1.010302496779270004e+06
-5.805679459939710796e+00 7.226142012064869581e+37 1.010328349192120018e+06
-5.782862607098650187e+00 7.330809825436929758e+37 1.010354128095809952e+06
-5.759721911861561239e+00 7.433863767759359570e+37 1.010379885776669951e+06
-5.736258581746369600e+00 7.535101847378769607e+37 1.010405598196430015e+06
-5.712404572928790003e+00 7.634741653228769871e+37 1.010431320961549995e+06
-5.688194091082550585e+00 7.732496566259689898e+37 1.010456992316629970e+06
-5.663689703680574894e+00 7.828043060128320127e+37 1.010482528062580037e+06
-5.638820097141433507e+00 7.921550988900140265e+37 1.010507984102230053e+06
-5.613571031426545233e+00 8.013015904138400107e+37 1.010533354040059960e+06
-5.587864534347318113e+00 8.102501138116059626e+37 1.010558689907109947e+06
-5.561683451465796679e+00 8.189996304370939615e+37 1.010583981668010005e+06
-5.535142367007210851e+00 8.275126631346430131e+37 1.010609097005169955e+06
-5.508157334406860173e+00 8.358003960387039772e+37 1.010634092454949976e+06
-5.480697976716328412e+00 8.438681325537369537e+37 1.010658971235709963e+06
-5.452666996337939054e+00 8.517306266765870830e+37 1.010683794157500030e+06
-5.424188641132786870e+00 8.593562658758399987e+37 1.010708424184130039e+06
-5.395229514571838081e+00 8.667505097258349875e+37 1.010732868690959993e+06
-5.365681076305918396e+00 8.739352257883910338e+37 1.010757190401450032e+06
-5.335544625704642385e+00 8.808995133655120915e+37 1.010781358813529951e+06
-5.304907278565224260e+00 8.876325187991689649e+37 1.010805281018360052e+06
-5.273639922088477761e+00 8.941521098141569401e+37 1.010829032194209984e+06
-5.241710954112932086e+00 9.004661073773299205e+37 1.010852617182529997e+06
-5.209229609754402190e+00 9.065643255259529647e+37 1.010875916481510038e+06
-5.176043613872025162e+00 9.124659793281259366e+37 1.010899019084729953e+06
-5.142182477342430502e+00 9.181729218686809766e+37 1.010921879320980050e+06
-5.107672455371357501e+00 9.236900277360769448e+37 1.010944459080850007e+06
-5.072350550792180002e+00 9.290439362901039692e+37 1.010966841327629983e+06
-5.036370733403600752e+00 9.342268463084890560e+37 1.010988909008280025e+06
-4.999586875899694860e+00 9.392632685688849744e+37 1.011010734253040049e+06
-4.962066321284510195e+00 9.441590432341240620e+37 1.011032261076160008e+06
-4.923690192459616810e+00 9.489360774366749559e+37 1.011053543813440017e+06
-4.884518182137981057e+00 9.536081228624709105e+37 1.011074538034119993e+06
-4.844468169554602355e+00 9.581955973128719097e+37 1.011095280376530020e+06
-4.803583129250910133e+00 9.627144848129669979e+37 1.011115744608600042e+06
-4.761711956991348416e+00 9.671941207949119919e+37 1.011136004155350034e+06
-4.718986564199440181e+00 9.716492827525109929e+37 1.011155998734229943e+06
-4.675255533307790756e+00 9.761081376014750104e+37 1.011175807028190000e+06
-4.630590452055912465e+00 9.805903275953869445e+37 1.011195410223230021e+06
-4.584934972750488669e+00 9.851273190158769453e+37 1.011214851269009989e+06
-4.538176846457645297e+00 9.897489766142389496e+37 1.011234201526939985e+06
-4.490417203924153000e+00 9.944778393398619337e+37 1.011253448412619997e+06
-4.441590104659553617e+00 9.993476229452050826e+37 1.011272655600650003e+06
-4.391615390137303621e+00 1.004390260279129964e+38 1.011291896447220002e+06
-4.340524046681821346e+00 1.009636562853560075e+38 1.011311205899570021e+06
-4.288319435494486243e+00 1.015110108247980058e+38 1.011330639754440053e+06
-4.234940698021091521e+00 1.020850332696170004e+38 1.011350280885969987e+06
-4.180332412128336728e+00 1.026888245269000016e+38 1.011370218660439947e+06
-4.124442069733049721e+00 1.033263969590909977e+38 1.011390544491230045e+06
-4.067370740405749530e+00 1.039995751679739947e+38 1.011411301266329945e+06
-4.008928684110287577e+00 1.047127290639709927e+38 1.011432643195810029e+06
-3.949235587962903082e+00 1.054676644913489925e+38 1.011454618329370045e+06
-3.888267404690850526e+00 1.062672286544710093e+38 1.011477328932809993e+06
-3.825924413511529565e+00 1.071148282201650025e+38 1.011500908797219978e+06
-3.762183756974991411e+00 1.080130752861270015e+38 1.011525466700979974e+06
-3.697156813926994801e+00 1.089624683527860072e+38 1.011551058717609965e+06
-3.630699883098714054e+00 1.099659715961579947e+38 1.011577843095810036e+06
-3.562866039166692644e+00 1.110243700143560072e+38 1.011605897066890029e+06
-3.493664866546168923e+00 1.121380244318220013e+38 1.011635312233170029e+06
-3.422912388574331999e+00 1.133096868984549998e+38 1.011666262894790038e+06
-3.355640766152646393e+00 1.144656086302040066e+38 1.011696501255510026e+06
-3.297028258210048079e+00 1.155086085139820018e+38 1.011723494205030031e+06
-3.245947854476980865e+00 1.164329694034310007e+38 1.011747545447140001e+06
-3.201242315641138703e+00 1.172526627860879939e+38 1.011769006669649971e+06
-3.162335711473133415e+00 1.179748111740340007e+38 1.011787995659890003e+06
-3.128361976589076221e+00 1.186109361251960070e+38 1.011804817600340000e+06
-3.098825206921901554e+00 1.191686324568439914e+38 1.011819622917160043e+06
-3.073079858557321131e+00 1.196575712514380094e+38 1.011832665613739984e+06
-3.050578652939293534e+00 1.200869119592320009e+38 1.011844169497149996e+06
-3.030768028169404715e+00 1.204660702429339971e+38 1.011854378234290052e+06
-3.013027860666625202e+00 1.208058715252639941e+38 1.011863583967900020e+06
-2.996658524847589433e+00 1.211188653549780083e+38 1.011872131381870015e+06
-2.980566804530099034e+00 1.214243702805469992e+38 1.011880581825230038e+06
-2.961348809418268502e+00 1.217803897745420068e+38 1.011890730814800016e+06
-2.923104999179486185e+00 1.224549772823639949e+38 1.011911205909620039e+06
-2.867302874568849802e+00 1.234710132100410015e+38 1.011941468587580021e+06
-2.804030407860409468e+00 1.246577491878939960e+38 1.011976302456669975e+06
-2.730202404549345374e+00 1.260300387292999955e+38 1.012017730333399959e+06
-2.647942250652704388e+00 1.275557296047349982e+38 1.012064772294439957e+06
-2.564178640663158149e+00 1.291140029112600094e+38 1.012113531863590004e+06
-2.478850152867380530e+00 1.306807075999110053e+38 1.012164060791720054e+06
-2.391939747903961688e+00 1.322516830095140091e+38 1.012216316041470040e+06
-2.303658186981920153e+00 1.338188604845390063e+38 1.012270098813069984e+06
-2.213871909829322249e+00 1.353781276792669934e+38 1.012325406215589959e+06
-2.122619380999822170e+00 1.369236687025719964e+38 1.012382115803570021e+06
-2.030046723666600883e+00 1.384476132925250061e+38 1.012440023219409981e+06
-1.936077044694684446e+00 1.399445481461469975e+38 1.012499051362680038e+06
-1.840639684814959764e+00 1.414094042677160001e+38 1.012559104570119991e+06
-1.743880453868769109e+00 1.428345406041280044e+38 1.012619936057570041e+06
-1.645812150032725185e+00 1.442132636612139978e+38 1.012681370298329974e+06
-1.546372567478101701e+00 1.455400805232479961e+38 1.012743262194999959e+06
-1.445544514572247863e+00 1.468092716566670038e+38 1.012805421699609957e+06
-1.343290115881245583e+00 1.480151891258700038e+38 1.012867653541899985e+06
-1.239596742263529450e+00 1.491521471142319927e+38 1.012929728215759969e+06
-1.134471170662436634e+00 1.502144438113580014e+38 1.012991386312269955e+06
-1.027933449367992580e+00 1.511965379775180022e+38 1.013052343809679965e+06
-9.199666936183348298e-01 1.520933628254239965e+38 1.013112319090420031e+06
-8.105230074725113809e-01 1.529003535818309984e+38 1.013171026234450052e+06
-6.995797161362133920e-01 1.536132958859880084e+38 1.013228141112150042e+06
-5.870854888344183564e-01 1.542280078652739978e+38 1.013283339292390039e+06
-4.730091782985255122e-01 1.547408561930720031e+38 1.013336258441000013e+06
-3.572856968967244029e-01 1.551484461129370090e+38 1.013386527656130027e+06
-2.398801417439244688e-01 1.554478058123410048e+38 1.013433740003479994e+06
-1.208067014813423157e-01 1.556364459725409938e+38 1.013477458874510019e+06
0.000000000000000000e+00 1.557120079272820064e+38 1.013517244045450003e+06
1.226029966492205858e-01 1.556726784322090001e+38 1.013552641877099988e+06
2.470995810581371188e-01 1.555167714516280041e+38 1.013583195368089946e+06
3.735768183250911534e-01 1.552430771598260024e+38 1.013608416044370038e+06
5.021661986247636378e-01 1.548503503525250044e+38 1.013627802007250022e+06
6.204413780360482633e-01 1.544384677641559996e+38 1.013640242868760019e+06
7.268203622079454362e-01 1.540048907739910052e+38 1.013647066169400001e+06
8.229119894094765186e-01 1.535551462634580072e+38 1.013649631641180022e+06
9.092315207235515118e-01 1.531085583077730006e+38 1.013648998734739958e+06
9.865349304163828492e-01 1.526747711911090064e+38 1.013646059067570022e+06
1.055495336069725454e+00 1.522617812969309981e+38 1.013641538488260005e+06
1.116775897098705173e+00 1.518747854687800031e+38 1.013636017742209951e+06
1.171033947204705328e+00 1.515168623482580006e+38 1.013629948851980036e+06
1.219022093631792814e+00 1.511881687776850048e+38 1.013623657228969969e+06
1.261581908271182328e+00 1.508867959165930067e+38 1.013617350042840000e+06
1.299713037791661918e+00 1.506079745789729960e+38 1.013611114864240051e+06
1.334738691861275584e+00 1.503427147981480024e+38 1.013604893518249970e+06
1.368579452915582806e+00 1.500752192086269967e+38 1.013598417055560043e+06
1.407130455016158521e+00 1.497448714686029945e+38 1.013590417354090023e+06
1.483846949180588126e+00 1.489738600243480079e+38 1.013571966188229970e+06
1.564854476251639426e+00 1.482382586988060012e+38 1.013549508406040026e+06
1.656679244653787464e+00 1.473460300428040075e+38 1.013520551388079999e+06
1.767448135884478688e+00 1.462019926011330085e+38 1.013480602594090044e+06
1.903254085627850145e+00 1.447306613721350036e+38 1.013424366251509986e+06
2.056002842087764293e+00 1.430426801587349989e+38 1.013352667207579943e+06
2.212455230881460011e+00 1.412981271924319968e+38 1.013271453776980052e+06
2.372937880340032279e+00 1.394665714567630055e+38 1.013181175159089966e+06
2.537502696039155126e+00 1.375576866681939937e+38 1.013082571739870007e+06
2.706223371031228453e+00 1.355793004880840012e+38 1.012976605099639972e+06
2.879407587053719908e+00 1.335365842382699965e+38 1.012864277512799948e+06
3.056200418272055686e+00 1.314518451965710080e+38 1.012747548691940028e+06
3.213104131922591478e+00 1.296576020849610090e+38 1.012643646228060010e+06
3.354842171946074814e+00 1.280380640721880077e+38 1.012550370477230055e+06
3.481453884975053370e+00 1.266028573553660014e+38 1.012467979455839959e+06
3.595034274505451322e+00 1.253219659951310082e+38 1.012395111755389953e+06
3.696196838340256363e+00 1.241895667461240030e+38 1.012331214130250039e+06
3.786297561484389007e+00 1.231869814485609954e+38 1.012275208641709993e+06
3.866090854222420603e+00 1.223051528222089975e+38 1.012226383719290025e+06
3.936568063625600189e+00 1.215309363139769930e+38 1.012183901499859989e+06
3.998748714162502438e+00 1.208515259107579908e+38 1.012146942323850002e+06
4.053765694610774517e+00 1.202529720361110020e+38 1.012114661935789976e+06
4.103053423576056957e+00 1.197179644406909913e+38 1.012086086291610030e+06
4.148774437548127025e+00 1.192208001107859977e+38 1.012059873861890053e+06
4.195081058482173830e+00 1.187123194678230065e+38 1.012033614322119975e+06
4.267242231464479119e+00 1.178819840416909916e+38 1.011993307892760029e+06
4.366377464844845235e+00 1.167590819291839965e+38 1.011939016792180017e+06
4.484475628065411001e+00 1.154498210020780023e+38 1.011876018410300021e+06
4.624377725820522755e+00 1.139189795764300026e+38 1.011803880615559989e+06
4.798029581143055111e+00 1.120507465258759919e+38 1.011718205680890009e+06
5.009917781513649970e+00 1.098537804863430069e+38 1.011619521544479998e+06
5.242733862367458642e+00 1.075798090534660089e+38 1.011518475311500020e+06
5.488311785389669240e+00 1.053217408456619924e+38 1.011420123678839998e+06
5.743496322014834732e+00 1.031160083770130043e+38 1.011326451234770007e+06
6.008728879503905773e+00 1.009653645170289906e+38 1.011237655561259948e+06
6.284635815187357366e+00 9.887655226843540861e+37 1.011153742074799957e+06
6.571948083641473204e+00 9.685668808015440677e+37 1.011074618620319990e+06
6.871410523715894669e+00 9.491299492929410361e+37 1.011000151273550000e+06
7.183683469076640904e+00 9.305262492962120626e+37 1.010930198291579960e+06
7.509692024381365627e+00 9.127960996671919568e+37 1.010864540582090034e+06
7.850440821435768157e+00 8.959683552569829181e+37 1.010802937116060057e+06
8.206939681782387197e+00 8.800610700731609812e+37 1.010745144939130056e+06
8.580279321526177227e+00 8.650735724774799075e+37 1.010690898466599989e+06
8.971784634573850781e+00 8.509786391173990585e+37 1.010639894847680000e+06
9.382972542895004153e+00 8.377285237283189557e+37 1.010591807246539975e+06
9.815148804802447557e+00 8.252706801290920107e+37 1.010546331199230044e+06
1.027001742535503581e+01 8.135189327663529711e+37 1.010503109120070003e+06
1.074950826098211110e+01 8.023676963783570307e+37 1.010461740484760026e+06
1.125537249766057357e+01 7.917072198638979571e+37 1.010421896520380047e+06
1.178989484912017360e+01 7.813989696990429548e+37 1.010383157961020013e+06
1.235540068027330562e+01 7.713174255906190118e+37 1.010345156338130007e+06
1.292224722419632599e+01 7.621821927803509749e+37 1.010309657245149952e+06
1.342748047114582732e+01 7.551237202293609742e+37 1.010280039187520044e+06
1.387629178276984021e+01 7.490491383950469994e+37 1.010254872746019973e+06
1.427429289155406877e+01 7.436777375979180408e+37 1.010233147582340054e+06
1.462778473447542638e+01 7.388792237470410025e+37 1.010214185118280002e+06
1.494207634299527854e+01 7.345723845787250039e+37 1.010197504878869979e+06
1.522215115500148386e+01 7.306927609241079770e+37 1.010182752520460053e+06
1.547244290553499013e+01 7.271802473296460055e+37 1.010169626198610058e+06
1.569665741408243775e+01 7.239952253732849529e+37 1.010157906667970004e+06
1.589801482571056113e+01 7.210997377579880280e+37 1.010147400090890005e+06
1.607902875007130206e+01 7.184668024894039553e+37 1.010137962552199955e+06
1.624182672891765833e+01 7.160735464126180376e+37 1.010129477728159982e+06
1.638808586978120729e+01 7.139040555431110009e+37 1.010121854717559996e+06
1.651931775023695081e+01 7.119420249284160391e+37 1.010115013832460041e+06
1.663692836096743122e+01 7.101706597725170193e+37 1.010108880362719996e+06
1.674212394881760702e+01 7.085761437533660026e+37 1.010103391774490010e+06
1.683743826992576942e+01 7.071093732279869943e+37 1.010098410919809947e+06
1.692675962304929271e+01 7.056921385778640437e+37 1.010093726671930053e+06
1.702110517444089055e+01 7.040640490809839934e+37 1.010088714181020041e+06
1.720592207304434851e+01 6.998001341329249954e+37 1.010078386783670052e+06
1.736948654241859913e+01 6.966951093138209622e+37 1.010069056849210057e+06
1.751738579134689644e+01 6.940149204252550172e+37 1.010060643999080057e+06
1.765015159366885200e+01 6.916611352906070356e+37 1.010053129807139980e+06
1.776925237558316439e+01 6.895600739728769953e+37 1.010046425952919992e+06
1.787620030820835382e+01 6.876700540786949957e+37 1.010040433223690023e+06
1.797401646996149793e+01 6.859184792328189545e+37 1.010034967764909961e+06
1.806789604277582839e+01 6.841818508962880323e+37 1.010029717461140011e+06
1.817878775327699259e+01 6.818866596896080256e+37 1.010023427681630012e+06
1.836842863465426490e+01 6.771916754393219693e+37 1.010012274228370050e+06
1.855832825822290033e+01 6.730585912815449575e+37 1.010000961666789954e+06
1.872855560074094683e+01 6.696915100266150355e+37 1.009990922188690049e+06
1.888188061356777325e+01 6.667552539636260369e+37 1.009982010082929977e+06
1.901970958063611761e+01 6.641521440113750435e+37 1.009974104010879993e+06
1.914358614286174998e+01 6.618254897931229983e+37 1.009967076231520041e+06
1.925523920450359583e+01 6.597301986466959789e+37 1.009960796318899957e+06
1.935807131719775498e+01 6.577800238485530326e+37 1.009955046502240002e+06
1.945889634080231190e+01 6.558000979798820184e+37 1.009949413730349974e+06
1.959142641292419285e+01 6.528144531088390157e+37 1.009941891162020038e+06
1.977998698630835861e+01 6.482207717245690066e+37 1.009930926053200033e+06
1.994786863739136606e+01 6.447306112442270170e+37 1.009921165599899949e+06
2.009900438872864470e+01 6.417266981980310183e+37 1.009912499395960011e+06
2.023504435474751517e+01 6.390779055434110191e+37 1.009904804056970053e+06
2.035740277951117605e+01 6.367176673215039902e+37 1.009897963385839947e+06
2.046918092423584312e+01 6.345548703745999638e+37 1.009891771619069972e+06
2.057485908491071314e+01 6.324754473786690133e+37 1.009885949408430024e+06
2.068946264515398070e+01 6.300586908430199956e+37 1.009879604793790029e+06
2.090508221543859690e+01 6.245138365990229653e+37 1.009867289814430056e+06
2.109713997622020543e+01 6.205047982523399759e+37 1.009856346362660057e+06
2.127038821188034490e+01 6.170773357568680080e+37 1.009846670126189943e+06
2.142663807212375104e+01 6.140592306215360114e+37 1.009838104675229988e+06
2.156755535094998777e+01 6.113683598525949886e+37 1.009830501100610010e+06
2.169476326793665066e+01 6.089556605630490180e+37 1.009823724059249973e+06
2.181163164495956153e+01 6.067313850159270405e+37 1.009817557651640032e+06
2.192354147223522887e+01 6.045603226314229604e+37 1.009811683415999985e+06
2.205169977364130318e+01 6.018495500718950137e+37 1.009804904690259951e+06
2.228108669642824680e+01 5.961515330779439716e+37 1.009792419621209963e+06
2.248557042604079470e+01 5.920756881173150302e+37 1.009781389241180033e+06
2.267033406090922654e+01 5.885871860942600135e+37 1.009771665778159979e+06
2.283726980735082179e+01 5.855101787375730061e+37 1.009763070619740058e+06
2.298815350286895409e+01 5.827630499020380122e+37 1.009755440520599950e+06
2.312451306363800541e+01 5.803018742040360286e+37 1.009748642666670028e+06
2.324975974496919662e+01 5.780376218465679550e+37 1.009742465773069998e+06
2.336914219718892127e+01 5.758439401411469898e+37 1.009736614827829995e+06
2.350082973868120462e+01 5.732371057541900429e+37 1.009730122001309996e+06
2.376288794627180323e+01 5.669375491663130183e+37 1.009716748380630044e+06
2.397376689326483756e+01 5.632308909119419572e+37 1.009706188472940004e+06
2.420260752202011645e+01 5.588675044496509817e+37 1.009695000024029985e+06
2.440874579281080514e+01 5.553013786051679890e+37 1.009685164926470025e+06
2.459563312941463664e+01 5.521450958100099912e+37 1.009676454869169975e+06
2.476493566151475534e+01 5.493237677092980181e+37 1.009668708596160053e+06
2.491851327085169032e+01 5.467831344913669616e+37 1.009661779447790002e+06
2.505866017594235018e+01 5.444702168404459942e+37 1.009655523644519970e+06
2.518971737404353917e+01 5.422840110860280292e+37 1.009649711087809992e+06
2.532195674296235666e+01 5.399790292648349956e+37 1.009643838538849959e+06
2.552328518836293370e+01 5.357847752320800220e+37 1.009634637768410030e+06
2.571557047608075663e+01 5.323250684955690095e+37 1.009625835800579982e+06
2.588977409829385579e+01 5.293762488839200259e+37 1.009617972900960012e+06
2.604809808713616803e+01 5.267398141911360228e+37 1.009610927696419996e+06
2.619305284676374868e+01 5.243331848526419756e+37 1.009604552385619958e+06
2.632941179681802168e+01 5.220413780684729617e+37 1.009598597460979945e+06
2.646942692907759920e+01 5.195681085451870313e+37 1.009592469292780035e+06
2.665505743108224124e+01 5.158617647849239781e+37 1.009584176388910040e+06
2.682277603005059063e+01 5.129332297568610466e+37 1.009576690053700004e+06
2.697575419268105179e+01 5.103265660384449971e+37 1.009569935780339991e+06
2.711839628819143400e+01 5.078936640376090459e+37 1.009563695115610026e+06
2.725881706137442961e+01 5.054354685025149901e+37 1.009557573892259970e+06
2.743533546983962879e+01 5.019763498714699749e+37 1.009549764498459990e+06
2.763572688243584707e+01 4.981245056783669707e+37 1.009540839296340011e+06
2.781676085549406707e+01 4.950257281113089802e+37 1.009532880178999971e+06
2.798154744366183877e+01 4.922833471739150400e+37 1.009525764790609945e+06
2.813400631118565798e+01 4.897616243341319908e+37 1.009519278728440055e+06
2.827939755102852359e+01 4.873363642431050292e+37 1.009513155124649988e+06
2.843486432870849967e+01 4.845898510844579893e+37 1.009506593271229998e+06
2.867037279979558662e+01 4.798559028689790047e+37 1.009496456569729955e+06
2.888155392609769478e+01 4.763905837638880333e+37 1.009487510985309957e+06
2.907366870093392208e+01 4.733560326999360042e+37 1.009479575239759986e+06
2.924904939153930172e+01 4.706287143843759815e+37 1.009472477135790046e+06
2.941053960967110470e+01 4.681317995905550114e+37 1.009466042701749946e+06
2.956354611937422305e+01 4.657464632971760383e+37 1.009460009120339993e+06
2.972178645466919988e+01 4.631668138218199937e+37 1.009453771994880051e+06
2.993168671888997778e+01 4.593395014431699657e+37 1.009445346322990023e+06
3.012229666684288532e+01 4.563492877251170035e+37 1.009437757868260029e+06
3.029710671870270744e+01 4.536818207320229766e+37 1.009430917008160031e+06
3.045988346356898546e+01 4.512114658540959579e+37 1.009424634666190017e+06
3.061756767303450033e+01 4.487831481683620192e+37 1.009418599679389969e+06
3.079444358684122562e+01 4.458453018095869990e+37 1.009411779497870011e+06
3.098924795398488641e+01 4.425850557872019945e+37 1.009404220310330042e+06
3.116733469587052241e+01 4.398692576593300079e+37 1.009397380786850001e+06
3.133342491614166647e+01 4.373707167197240067e+37 1.009391089877799968e+06
3.149551226134644821e+01 4.349005318937910065e+37 1.009385005933890003e+06
3.168189921136945486e+01 4.318278455984030010e+37 1.009377959355960018e+06
3.193047676043352112e+01 4.275147034579519679e+37 1.009368480343859992e+06
3.215329758165171370e+01 4.243217407831739955e+37 1.009360187041259953e+06
3.235739351419033483e+01 4.214909614286179893e+37 1.009352808880580007e+06
3.254495418653823435e+01 4.189388891241229823e+37 1.009346185743359965e+06
3.272009030438493937e+01 4.165726737879490156e+37 1.009340111551180016e+06
3.288973496493417770e+01 4.142602680174889978e+37 1.009334296065549948e+06
3.307680816663196310e+01 4.115328967324129894e+37 1.009327855841440032e+06
3.339878223056439310e+01 4.061549360728629863e+37 1.009316529177290038e+06
3.365677275927737355e+01 4.031558960998450028e+37 1.009307845610809978e+06
3.397847811720566824e+01 3.986919615570539773e+37 1.009297289843569975e+06
3.426914081885479391e+01 3.953635027359949993e+37 1.009288136540989974e+06
3.453353471565060318e+01 3.924292033606620033e+37 1.009280099855180015e+06
3.477439587697153911e+01 3.897939903653449930e+37 1.009272954962890013e+06
3.499500387883745134e+01 3.873983348526119989e+37 1.009266521247679950e+06
3.519831295631593093e+01 3.852008417983329937e+37 1.009260662643090007e+06
3.538835728331468999e+01 3.831393107869710095e+37 1.009255227584689972e+06
3.557326859340537339e+01 3.810825084647430000e+37 1.009249946967749973e+06
3.577734344144118950e+01 3.786024392807610013e+37 1.009244019354859949e+06
3.607307013630634174e+01 3.745457444430809965e+37 1.009235154494369985e+06
3.633875531220110133e+01 3.716877987024340232e+37 1.009227369827750023e+06
3.658122140198247507e+01 3.691316573327369926e+37 1.009220445227880031e+06
3.680396827030926943e+01 3.667866358755820087e+37 1.009214191302150022e+06
3.700980410899501294e+01 3.646198716782889946e+37 1.009208477374300011e+06
3.720543257007375360e+01 3.625278160460379984e+37 1.009203075691909995e+06
3.740149429359007627e+01 3.603517333169659952e+37 1.009197644326810027e+06
3.764608733128989115e+01 3.572631482368949933e+37 1.009190667408669950e+06
3.787077763624256477e+01 3.547837637328509827e+37 1.009184266037610010e+06
3.807967973512131721e+01 3.524931371408719898e+37 1.009178373815950006e+06
3.827887273597298190e+01 3.502850522222640207e+37 1.009172791254610056e+06
3.848098348203347996e+01 3.479631860349180063e+37 1.009167118080070009e+06
3.874706024496117607e+01 3.444938380282600037e+37 1.009159443999149953e+06
3.900976179231656715e+01 3.414753056671419819e+37 1.009151919691579998e+06
3.925101051869569346e+01 3.388821947705690166e+37 1.009145158142299973e+06
3.947397639125119895e+01 3.365221326134839801e+37 1.009139028878620011e+06
3.968326072668423876e+01 3.343107221014699798e+37 1.009133350771500031e+06
3.988770836294861510e+01 3.321124178777229778e+37 1.009127837673999951e+06
4.011092020035721362e+01 3.295459154881689885e+37 1.009121756203940022e+06
4.037595472263637930e+01 3.263377383374929836e+37 1.009114406631050049e+06
4.061864616110688075e+01 3.237779930864240002e+37 1.009107779848139966e+06
4.084367861860664561e+01 3.214409512913950171e+37 1.009101743045140058e+06
4.105638760671718046e+01 3.192299620919460083e+37 1.009096107947209966e+06
4.126718392310431227e+01 3.169916788242500189e+37 1.009090550768440007e+06
4.150747819384559989e+01 3.142275268508500099e+37 1.009084120109690004e+06
4.175889432767871767e+01 3.114056592853899876e+37 1.009077347719909973e+06
4.199024390080012381e+01 3.090065417923220071e+37 1.009071202524630004e+06
4.220863784413086250e+01 3.067495325750650049e+37 1.009065478362050024e+06
4.242323614470660686e+01 3.045050132461650183e+37 1.009059896933409967e+06
4.265729688009014353e+01 3.019196513666119888e+37 1.009053766522389953e+06
4.291709313757019117e+01 2.989817813525049949e+37 1.009046878266150015e+06
4.315622482512844726e+01 2.965415076535880181e+37 1.009040632484729984e+06
4.338045331573812291e+01 2.942845294055129881e+37 1.009034873549949960e+06
4.359909100458025932e+01 2.920723396266930158e+37 1.009029323534770054e+06
4.383094859059201553e+01 2.896431064350379984e+37 1.009023444174239994e+06
4.419419149670284241e+01 2.853170986638450146e+37 1.009013997025029967e+06
4.447228722186991945e+01 2.829907812326600188e+37 1.009007091056679958e+06
4.485632370598614216e+01 2.789411148066950221e+37 1.008997710840160027e+06
4.527554884296841919e+01 2.751613366761029885e+37 1.008987906769630034e+06
4.565014084515860304e+01 2.722791853322479921e+37 1.008979613666870049e+06
4.598762002878356725e+01 2.697184762598330193e+37 1.008972402025109972e+06
4.629326699866214767e+01 2.674157000351480033e+37 1.008966008150879992e+06
4.657242657110327855e+01 2.653229747295110087e+37 1.008960248360409983e+06
4.682913123146863654e+01 2.634042582921600189e+37 1.008954997804459999e+06
4.707103378092870116e+01 2.615744159273699862e+37 1.008950068535250030e+06
4.730710217810701579e+01 2.597475425417910124e+37 1.008945249966550036e+06
4.755598333035595715e+01 2.577161623720640143e+37 1.008940107955890009e+06
4.790585946745704859e+01 2.544232693090190225e+37 1.008932556740329950e+06
4.820307253499049693e+01 2.522107224490950147e+37 1.008926258448139997e+06
4.849751164077315480e+01 2.498507536870059774e+37 1.008920096705700038e+06
4.876806583831785247e+01 2.477986029469080041e+37 1.008914517903869972e+06
4.902145712508354336e+01 2.458785468394939804e+37 1.008909349728749949e+06
4.926602086896309629e+01 2.440002377624750136e+37 1.008904383029200020e+06
4.951707617734791711e+01 2.419993300488599865e+37 1.008899259296130040e+06
4.982629663182888180e+01 2.392624034191039911e+37 1.008892751043449971e+06
5.010804396995808929e+01 2.370440739060040030e+37 1.008886825854360010e+06
5.036973117460729554e+01 2.349812720077400045e+37 1.008881376104249968e+06
5.062044040934415534e+01 2.329929768800290209e+37 1.008876188996209996e+06
5.087304950715042651e+01 2.309542093742389766e+37 1.008870967795850011e+06
5.116253349825274199e+01 2.284596006702749971e+37 1.008864886645060033e+06
5.147864537604618818e+01 2.257395334651569818e+37 1.008858158461599960e+06
5.176716748264152557e+01 2.234991988148690017e+37 1.008852130901989993e+06
5.203515688230982050e+01 2.214510859455840196e+37 1.008846636429529986e+06
5.229203978920122609e+01 2.194895610010899968e+37 1.008841436260810005e+06
5.255125311005394906e+01 2.174793544721150102e+37 1.008836214148810017e+06
5.285101814509835094e+01 2.149975401098099820e+37 1.008830090911039966e+06
5.317319583898643032e+01 2.123519082329469974e+37 1.008823436045840033e+06
5.346738642430864275e+01 2.101531233059959939e+37 1.008817473516630009e+06
5.374134423257783055e+01 2.081390609563199981e+37 1.008812025256540044e+06
5.400416731071891263e+01 2.062118388747220000e+37 1.008806864133480005e+06
5.427207542856922373e+01 2.042109996710320095e+37 1.008801626848399988e+06
5.458795299782650545e+01 2.016885170185500019e+37 1.008795355490410002e+06
5.491337283613393083e+01 1.991676013178980055e+37 1.008788846394099994e+06
5.521144076727796346e+01 1.970231502338279955e+37 1.008782992634080001e+06
5.549030308047076687e+01 1.950478365168270002e+37 1.008777611425159965e+06
5.576062173768877983e+01 1.931385436655369946e+37 1.008772459360589972e+06
5.603994590655202046e+01 1.911290717950609922e+37 1.008767153652559966e+06
5.638772825419437140e+01 1.884238541554849932e+37 1.008760415763890021e+06
5.672345855890307575e+01 1.860109711377890085e+37 1.008753927091769991e+06
5.703132193209603429e+01 1.839061612584050061e+37 1.008748099333000020e+06
5.731936363806016743e+01 1.819707368862679906e+37 1.008742743598410045e+06
5.759868308022851124e+01 1.801023860221870002e+37 1.008737615845239954e+06
5.788730732497060671e+01 1.781401647575019956e+37 1.008732338136450038e+06
5.824623365013394505e+01 1.755082312806350109e+37 1.008725646896520047e+06
5.860333315172465518e+01 1.730526861951449962e+37 1.008718994971549953e+06
5.892953867616597563e+01 1.709531673267829942e+37 1.008713053770410013e+06
5.923305715672904626e+01 1.690414512880180110e+37 1.008707637156639947e+06
5.952443726279307157e+01 1.672238985053040043e+37 1.008702515929520014e+06
5.981971575593343005e+01 1.653646274030720073e+37 1.008697362436869997e+06
6.016106075386051089e+01 1.630948798260499975e+37 1.008691335705250036e+06
6.055438908323412761e+01 1.604232021729410076e+37 1.008684275443000020e+06
6.091126960725523531e+01 1.582755148178110041e+37 1.008678026650959975e+06
6.123955320031382143e+01 1.563539880134440011e+37 1.008672417039019987e+06
6.154925404133973643e+01 1.545685220458839985e+37 1.008667223356429953e+06
6.185352799756219611e+01 1.528164148176409883e+37 1.008662179364820011e+06
6.217603821557713673e+01 1.509141436908960072e+37 1.008656834930690005e+06
6.261789316317299381e+01 1.480785838649320047e+37 1.008649328273609979e+06
6.301984406483825296e+01 1.457955712209650055e+37 1.008642588032769971e+06
6.338724437728524208e+01 1.437801276402050094e+37 1.008636578337089974e+06
6.372805729071842507e+01 1.419612868035020090e+37 1.008631123170559993e+06
6.405304724810412154e+01 1.402516922497810078e+37 1.008626004988539964e+06
6.437730663531692699e+01 1.385396170499749975e+37 1.008620941066339961e+06
6.473408393637510017e+01 1.365856627911689953e+37 1.008615335982620018e+06
6.521060857706470415e+01 1.338056498349890018e+37 1.008607666978630004e+06
6.564117163699120283e+01 1.315840992320080071e+37 1.008600862522910000e+06
6.603520032088272274e+01 1.296217604525160016e+37 1.008594796977499966e+06
6.640042481961427256e+01 1.278566196486199943e+37 1.008589299642689992e+06
6.674931678693974391e+01 1.261916238409160102e+37 1.008584130928889965e+06
6.709711689263349399e+01 1.245284425912280067e+37 1.008579020647239988e+06
6.747703557950444520e+01 1.226527725397729994e+37 1.008573409245769959e+06
6.808756584092043340e+01 1.193872611207769927e+37 1.008564148029129952e+06
6.871720454690512270e+01 1.164513720533010112e+37 1.008554881148139946e+06
6.937060863606166095e+01 1.136194083514649943e+37 1.008545699753409950e+06
6.996047662926139310e+01 1.112830101288050048e+37 1.008537766060539987e+06
7.049546046869363636e+01 1.092172266401679913e+37 1.008530774832469993e+06
7.098388882167637348e+01 1.073597880268839997e+37 1.008524502866149996e+06
7.143439628172200173e+01 1.056649696860920008e+37 1.008518785394949955e+06
7.185627564042806625e+01 1.040773447737369960e+37 1.008513455411270028e+06
7.226497695053694770e+01 1.025247810822669964e+37 1.008508289889059961e+06
7.267965375538915396e+01 1.009171224118699973e+37 1.008503008882859955e+06
7.315222369000548497e+01 9.898104243009790190e+36 1.008496843624950037e+06
7.388911437185015529e+01 9.573763590761469722e+36 1.008486851209410001e+06
7.455738628853578120e+01 9.323928248209089894e+36 1.008478086775789969e+06
7.517153344140388072e+01 9.100632894943119573e+36 1.008470243510580040e+06
7.573905902472324669e+01 8.898444035550770216e+36 1.008463120094530052e+06
7.626926288218237460e+01 8.712255034666390126e+36 1.008456540781680029e+06
7.677078803157201037e+01 8.537798647307839501e+36 1.008450361738299951e+06
7.726140881248284131e+01 8.366668485327830308e+36 1.008444322194269975e+06
7.776566165464464575e+01 8.189162920449669466e+36 1.008438088422360015e+06
7.835195708193350583e+01 7.974133162626910465e+36 1.008430689224930014e+06
7.930737318645697087e+01 7.616520339620089530e+36 1.008418441677839961e+06
8.018647204252192751e+01 7.334529529680230554e+36 1.008407648599199951e+06
8.155248823348665610e+01 6.902785561207329626e+36 1.008391491119310027e+06
8.284175101463915780e+01 6.533243324208759506e+36 1.008376739256180008e+06
8.407071889960207045e+01 6.185574132725370127e+36 1.008362817975049955e+06
8.525433134293416515e+01 5.859358281593540189e+36 1.008349500772070023e+06
8.640044782700715587e+01 5.551994941141040177e+36 1.008336679332399974e+06
8.752693726547295228e+01 5.259324995659969730e+36 1.008324176941790036e+06
8.863546043820679188e+01 4.982128556125839836e+36 1.008312001020940021e+06
8.974743546830723062e+01 4.716750730510890257e+36 1.008299982632600004e+06
9.087840858357958496e+01 4.459692937308030208e+36 1.008287979351419955e+06
9.205183783016400412e+01 4.207969736638139731e+36 1.008275815829209983e+06
9.330474814301123843e+01 3.955434434118270115e+36 1.008263173138840008e+06
9.473891166219254956e+01 3.687268273359439852e+36 1.008249193320809980e+06
