# time luminosity radius
-2.457907351473113522e+01 4.431418060369930049e+35 1.008199979862260050e+06
-1.739648231054889038e+01 5.033023759439810316e+35 1.008209017639779951e+06
-1.701903913216665387e+01 5.070905561584479897e+35 1.008209581822820008e+06
-1.626792720711091533e+01 5.144840742887730174e+35 1.008210872164260014e+06
-1.477321447629947215e+01 5.328552239456259880e+35 1.008214266075749998e+06
-1.452592444547917694e+01 5.361214637073569819e+35 1.008214862791219959e+06
-1.403381728415843099e+01 5.429509787827389930e+35 1.008216173948740005e+06
-1.305452403315575793e+01 5.590208479877050270e+35 1.008219398639529943e+06
-1.129263321001781151e+01 6.042526117762720344e+35 1.008229543765150011e+06
-1.045113781990949064e+01 6.327279559223490025e+35 1.008236592848710017e+06
-9.912378375302068889e+00 6.550470696050890251e+35 1.008242549891329953e+06
-9.573965588060673326e+00 6.712090095794800250e+35 1.008247096742660040e+06
-9.333977199683431536e+00 6.840598034212450299e+35 1.008250808599160053e+06
-9.143699875799939036e+00 6.951623058730800054e+35 1.008254118715289980e+06
-8.981568271701689810e+00 7.056230774421360107e+35 1.008257236545469961e+06
-8.822860821383073926e+00 7.167315713036370159e+35 1.008260623565379996e+06
-8.637812594592105597e+00 7.315552038676590152e+35 1.008265165499610011e+06
-8.466471726947929710e+00 7.472661275315459723e+35 1.008270085962980054e+06
-8.341442709905095398e+00 7.599182989458099484e+35 1.008274207115800004e+06
-8.247067215153947473e+00 7.703372920986640387e+35 1.008277709543669946e+06
-8.171441131038591266e+00 7.793069079587780061e+35 1.008280841569500044e+06
-8.108386612089816481e+00 7.871553678464230365e+35 1.008283725925710052e+06
-8.056898724054917693e+00 7.939932218046860454e+35 1.008286312282860046e+06
-8.021380446618422866e+00 7.992511295634509324e+35 1.008288232573930058e+06
-7.994622464000713080e+00 8.026895987861960497e+35 1.008289765469479957e+06
-7.973326824081595987e+00 8.057197960095819716e+35 1.008291050230899942e+06
-7.955361754575278610e+00 8.087016243433700256e+35 1.008292184814629960e+06
-7.938743996957782656e+00 8.109155628793810041e+35 1.008293283185170032e+06
-7.921156166587024927e+00 8.134980335777449980e+35 1.008294509268659982e+06
-7.896072803239803761e+00 8.172079888481250321e+35 1.008296415210210020e+06
-7.865732372447382659e+00 8.221571239864609595e+35 1.008298965871360037e+06
-7.845204743265639991e+00 8.256172748957650605e+35 1.008300856446409947e+06
-7.821902165014762431e+00 8.294736310652079327e+35 1.008303259555289987e+06
-7.798880974296480417e+00 8.334724209740439480e+35 1.008306043000650010e+06
-7.778728478529956192e+00 8.376887498614839499e+35 1.008309009359259973e+06
-7.759635472495574504e+00 8.408357736588880617e+35 1.008312114098769962e+06
-7.741761128942016512e+00 8.440276167854169265e+35 1.008315260028189979e+06
-7.729484477313235402e+00 8.461840375604920092e+35 1.008317504489140003e+06
-7.715086458541918546e+00 8.490627939663310034e+35 1.008320264833120047e+06
-7.699864603928290308e+00 8.518332003844819490e+35 1.008323263834450045e+06
-7.685140171495731920e+00 8.550713887187130348e+35 1.008326227081210003e+06
-7.670178935804869980e+00 8.578808685551990155e+35 1.008329280362510006e+06
-7.654164891224354506e+00 8.616674463515990025e+35 1.008332604126709979e+06
-7.636659965151920915e+00 8.655882169558269826e+35 1.008336320467700018e+06
-7.618610439589247108e+00 8.708134956766250295e+35 1.008340218149970053e+06
-7.599502876400947571e+00 8.766312189347039753e+35 1.008344422358189942e+06
-7.579801436571869999e+00 8.873014285986359582e+35 1.008349016919699963e+06
-7.559268633543979377e+00 8.930623136625160412e+35 1.008354146037130035e+06
-7.538539125933311880e+00 9.656393072223579300e+35 1.008359939018049976e+06
-7.515976848604623228e+00 1.107958070550010007e+36 1.008366352268659975e+06
-7.492898472642991692e+00 1.432345376519259923e+36 1.008373084290929954e+06
-7.469098103407304734e+00 1.778992097838139886e+36 1.008380210537340026e+06
-7.444601483002770692e+00 2.540739960387590114e+36 1.008387848888579989e+06
-7.419544894946739078e+00 3.358942160179380094e+36 1.008396076832760009e+06
-7.394291844044346362e+00 3.625164764256540037e+36 1.008404794883750030e+06
-7.369313870731275529e+00 4.318382193480970279e+36 1.008413915838939953e+06
-7.345068401074968278e+00 5.279113409279789999e+36 1.008423343055170029e+06
-7.322253275837283581e+00 5.520232880253740480e+36 1.008432552684030030e+06
-7.299543978238943964e+00 5.842769028378950241e+36 1.008442085887879948e+06
-7.276273798721376806e+00 6.214547378667200173e+36 1.008452207435789984e+06
-7.252913697098847479e+00 6.715190876247460399e+36 1.008462916537669953e+06
-7.230112127785105258e+00 7.918882222527890129e+36 1.008474289792619995e+06
-7.208008826710283756e+00 8.239727388312719943e+36 1.008485881760139950e+06
-7.186556029773782939e+00 8.615523274424890240e+36 1.008497709087649942e+06
-7.166095129097811878e+00 8.999709372879920402e+36 1.008509470571639948e+06
-7.147445777722168714e+00 9.371788619735600410e+36 1.008520665411010035e+06
-7.130216267658397555e+00 9.810636036344889580e+36 1.008531558299659984e+06
-7.114409026689827442e+00 1.017593850563160017e+37 1.008541965333170025e+06
-7.099655464233364910e+00 1.052617812605649959e+37 1.008552037075330038e+06
-7.085847015667241067e+00 1.086665306214560086e+37 1.008561781033550040e+06
-7.072572697186842561e+00 1.120583964549440032e+37 1.008571465240119956e+06
-7.059825929522048682e+00 1.154474164447850018e+37 1.008581080467229942e+06
-7.047324358660262078e+00 1.188742778727840097e+37 1.008590821324459976e+06
-7.035003782890271395e+00 1.223644764955890106e+37 1.008600725068200030e+06
-7.022613891400396824e+00 1.259905946377650043e+37 1.008610990765430033e+06
-7.009878757526166737e+00 1.298315274797080102e+37 1.008621865242830012e+06
-6.996519662556238472e+00 1.339819541630999905e+37 1.008633626914690016e+06
-6.984148000890854746e+00 1.379741227890170060e+37 1.008644818237380008e+06
-6.972240756847895682e+00 1.418833815645390096e+37 1.008655866615650011e+06
-6.960726071498356760e+00 1.458145804331679943e+37 1.008666811310700024e+06
-6.949532253551296890e+00 1.496921711355109899e+37 1.008677697253459948e+06
-6.938396903977263719e+00 1.536067414544530032e+37 1.008688771305160015e+06
-6.927367600146681070e+00 1.575222422051699961e+37 1.008699978369629942e+06
-6.916321316093672067e+00 1.614611535440420051e+37 1.008711444251660025e+06
-6.905145600147079676e+00 1.654593738408789961e+37 1.008723291700090049e+06
-6.893713218451011926e+00 1.695598923665749945e+37 1.008735668398709968e+06
-6.881922890257555991e+00 1.737820204501689983e+37 1.008748702326540020e+06
-6.869706985133234411e+00 1.781398323118620086e+37 1.008762487740130047e+06
-6.856829604890663177e+00 1.826857627689069910e+37 1.008777325274109957e+06
-6.844331871252506971e+00 1.869997729669180086e+37 1.008791995598340058e+06
-6.832027793687302619e+00 1.911819360848060009e+37 1.008806704828409944e+06
-6.819972862838767469e+00 1.951991419948830066e+37 1.008821354241920053e+06
-6.808194262557663023e+00 1.990399266784800039e+37 1.008835899834010052e+06
-6.796793237270321697e+00 2.026604504384609950e+37 1.008850175770340022e+06
-6.785671753925271332e+00 2.061208248125740077e+37 1.008864274766030023e+06
-6.774751686491072178e+00 2.094386636836920073e+37 1.008878271567550022e+06
-6.763952032371889800e+00 2.126427527240659930e+37 1.008892255952119944e+06
-6.753268416156060994e+00 2.155704523917600113e+37 1.008906203383030021e+06
-6.742503056651912630e+00 2.184913241636469923e+37 1.008920355547919986e+06
-6.731828684394713491e+00 2.213690625604749851e+37 1.008934468561640009e+06
-6.720931673655286431e+00 2.240271068656280153e+37 1.008948951389780035e+06
-6.710086097242310643e+00 2.269130714487450144e+37 1.008963430904729990e+06
-6.699347750691231340e+00 2.299380549656769782e+37 1.008977826403539977e+06
-6.688660040847025812e+00 2.334628629799079997e+37 1.008992209314609994e+06
-6.677971255965530872e+00 2.372764158487240131e+37 1.009006624502509949e+06
-6.667228618869557977e+00 2.409129264754219780e+37 1.009021124726949958e+06
-6.656368600146379322e+00 2.445112052581520157e+37 1.009035785109280027e+06
-6.645314492692705244e+00 2.482494058618759866e+37 1.009050700318319956e+06
-6.633989142836071551e+00 2.526261714473889986e+37 1.009065968541590031e+06
-6.622698050923645496e+00 2.576066169199600095e+37 1.009081162070360035e+06
-6.611561702506151050e+00 2.622542336453129957e+37 1.009096121181039955e+06
-6.600517076789401472e+00 2.670620265521720209e+37 1.009110923677109997e+06
-6.589525247109122574e+00 2.729861888326810027e+37 1.009125619454829954e+06
-6.578563385410234332e+00 2.782387867063380029e+37 1.009140237719179946e+06
-6.567602325812913477e+00 2.854977243939409973e+37 1.009154813202230027e+06
-6.556756480771582574e+00 2.915380016067679919e+37 1.009169188126079971e+06
-6.546660402556881309e+00 2.983220303408920014e+37 1.009182538782629999e+06
-6.536281416018027812e+00 3.068067346820290136e+37 1.009196224827509956e+06
-6.524575144692789763e+00 3.127435982008919860e+37 1.009211624561329954e+06
-6.513145353295840323e+00 3.201574893046189878e+37 1.009226596181079978e+06
-6.501474844175390899e+00 3.237378784957240013e+37 1.009241811299980036e+06
-6.490245005115866661e+00 3.292610025213570062e+37 1.009256371478089946e+06
-6.479001120605971664e+00 3.350605102687109981e+37 1.009270864473149995e+06
-6.467054615786764771e+00 3.414530975320810060e+37 1.009286178474950022e+06
-6.453558427921961993e+00 3.488659748685010057e+37 1.009303371390440036e+06
-6.438667630602139980e+00 3.574460408770020024e+37 1.009322205643079942e+06
-6.420341202756389976e+00 3.677866914291839933e+37 1.009345186573390034e+06
-6.399340604490134865e+00 3.797732316987190091e+37 1.009371231946059968e+06
-6.378535290830768645e+00 3.916797857688539920e+37 1.009396738186649978e+06
-6.357778602861799300e+00 4.037727795102429767e+37 1.009421912513289950e+06
-6.337062065606005490e+00 4.160564033556670087e+37 1.009446772388949990e+06
-6.316315188712906092e+00 4.285319379230789979e+37 1.009471406342640053e+06
-6.295536852558143437e+00 4.411590887859360377e+37 1.009495824555339990e+06
-6.274819549056701362e+00 4.538489579956929540e+37 1.009519917106979992e+06
-6.254097649594768882e+00 4.666042505976959841e+37 1.009543765588139999e+06
-6.233367868408095092e+00 4.793947239918509559e+37 1.009567370618600049e+06
-6.212566611007787287e+00 4.922280154178780118e+37 1.009590802966490039e+06
-6.191698492912109941e+00 5.050737153763320412e+37 1.009614050454630051e+06
-6.170714925508946180e+00 5.179311358461820217e+37 1.009637160347089986e+06
-6.149697651620954275e+00 5.307283031761429848e+37 1.009660036231379956e+06
-6.128640259616076946e+00 5.434485217908289660e+37 1.009682676953859976e+06
-6.107485602842643857e+00 5.561047341408279571e+37 1.009705137865709956e+06
-6.086237690411508083e+00 5.686759323154709797e+37 1.009727405156509951e+06
-6.064836859528440982e+00 5.811787162391909832e+37 1.009749528232129989e+06
-6.043290703208185732e+00 5.935944526614640049e+37 1.009771488521069987e+06
-6.021573296689894050e+00 6.059228202691979836e+37 1.009793299121659948e+06
-5.999742271029390395e+00 6.181149762721259908e+37 1.009814892508359975e+06
-5.977793540514539927e+00 6.301578006231790387e+37 1.009836262902479968e+06
-5.955669297138229012e+00 6.420706410156839605e+37 1.009857454839800019e+06
-5.933371727296616882e+00 6.538405360073200199e+37 1.009878455461740028e+06
-5.910837961651850492e+00 6.654818448747690345e+37 1.009899308381370036e+06
-5.888070814718957990e+00 6.769814754865119801e+37 1.009919997966640047e+06
-5.865088930062483996e+00 6.883181371621299925e+37 1.009940496351239970e+06
-5.841905963316094130e+00 6.994780431732930177e+37 1.009960778218189953e+06
-5.818514150916598737e+00 7.104500149923519803e+37 1.009980836060959962e+06
-5.794847624492831528e+00 7.212547067597110169e+37 1.010000714064539992e+06
-5.770901581097859889e+00 7.318772605970700269e+37 1.010020401907159947e+06
-5.746602268423885107e+00 7.423378585160869674e+37 1.010039942384899943e+06
-5.722043236426543444e+00 7.525880127667849657e+37 1.010059245910650003e+06
-5.697228432167321444e+00 7.626156637522880419e+37 1.010078301659869961e+06
-5.672081114433240145e+00 7.724388591109729953e+37 1.010097152601159993e+06
-5.646582626330200583e+00 7.820601206278559624e+37 1.010115796377180028e+06
-5.620647570991422981e+00 7.914847290356210017e+37 1.010134276679240051e+06
-5.594380306545644999e+00 8.006814190174000441e+37 1.010152504584379960e+06
-5.567770210735034198e+00 8.096410108115309668e+37 1.010170473568910034e+06
-5.540727698709815741e+00 8.183814826377620368e+37 1.010188254236120032e+06
-5.513219276617746800e+00 8.269109377097289560e+37 1.010205835980630014e+06
-5.485277927597053349e+00 8.352066719660879733e+37 1.010223180478679948e+06
-5.456903857586439699e+00 8.432549153682469793e+37 1.010240267001110013e+06
-5.428045955661218613e+00 8.510765418713290108e+37 1.010257107630109997e+06
-5.398603116278536618e+00 8.586897765541150062e+37 1.010273739208039944e+06
-5.368714008887764066e+00 8.660585464972030869e+37 1.010290072507019970e+06
-5.338306128571275622e+00 8.731941567226179100e+37 1.010306132390229963e+06
-5.307250781857874244e+00 8.801211408605000290e+37 1.010321968473469955e+06
-5.275683164189103991e+00 8.868160825465630082e+37 1.010337496291990043e+06
-5.243535550369415432e+00 8.932876447472519969e+37 1.010352738626949955e+06
-5.210686210542917252e+00 8.995620915041710829e+37 1.010367737846559961e+06
-5.177271093474701047e+00 9.056195934468110251e+37 1.010382420749680023e+06
-5.143174654745962471e+00 9.114828530358359265e+37 1.010396829311560025e+06
-5.108397925039753318e+00 9.171565819860379649e+37 1.010410953027039999e+06
-5.072924608655739576e+00 9.226487254121479602e+37 1.010424791299090022e+06
-5.036665770690888166e+00 9.279787037711039840e+37 1.010438372354079969e+06
-4.999731666699517518e+00 9.331425605492559081e+37 1.010451650809579995e+06
-4.961933293496258557e+00 9.381700325264909945e+37 1.010464691676720046e+06
-4.923408319300506264e+00 9.430607149763330049e+37 1.010477446485219989e+06
-4.883973956282716244e+00 9.478444013345680252e+37 1.010489977472039987e+06
-4.843782453972380608e+00 9.525205307616249148e+37 1.010502241014669999e+06
-4.802655261766631156e+00 9.571220233892029998e+37 1.010514299790029996e+06
-4.760659900435712188e+00 9.616651095292079549e+37 1.010526142413779977e+06
-4.717724994930904359e+00 9.661695976559489648e+37 1.010537802901030052e+06
-4.673819596588145941e+00 9.706619367847030635e+37 1.010549305018750019e+06
-4.628976708918344229e+00 9.751600531273779458e+37 1.010560658622349962e+06
-4.583074492285959423e+00 9.796967954126760700e+37 1.010571918397319969e+06
-4.536134965601377189e+00 9.842927898659159120e+37 1.010583104979729978e+06
-4.488160770095419139e+00 9.889814427746739393e+37 1.010594246395369992e+06
-4.439061744196806103e+00 9.937931054755509484e+37 1.010605397771960008e+06
-4.388814958336297423e+00 9.987549347359859444e+37 1.010616600748140016e+06
-4.337469066551420838e+00 1.003900804394750049e+38 1.010627884242339991e+06
-4.284956930961925536e+00 1.009256408906540058e+38 1.010639307655400014e+06
-4.231220687157474458e+00 1.014856377683919961e+38 1.010650930885619950e+06
-4.176206169067882001e+00 1.020740564269989994e+38 1.010662814026930020e+06
-4.119884913903661072e+00 1.026942289543929993e+38 1.010675015106379986e+06
-4.062367016391362995e+00 1.033481225964620068e+38 1.010687564071889967e+06
-4.003455121419392526e+00 1.040402462567409932e+38 1.010700560926420032e+06
-3.943181956128682941e+00 1.047735484505989908e+38 1.010714054031320033e+06
-3.881602426117751747e+00 1.055500390842930048e+38 1.010728089613149990e+06
-3.818602010142058134e+00 1.063732676237449946e+38 1.010742751897390001e+06
-3.754118044744245708e+00 1.072464902787250059e+38 1.010758112708820030e+06
-3.688287786906585097e+00 1.081702447700300070e+38 1.010774192116259946e+06
-3.620949545176699758e+00 1.091477801724069967e+38 1.010791082560710027e+06
-3.552167565678246319e+00 1.101799509337739906e+38 1.010808814658079995e+06
-3.481919318030122668e+00 1.112676970362760009e+38 1.010827436586000025e+06
-3.410066607932094485e+00 1.124132808662829978e+38 1.010847023362340056e+06
-3.339767806173767895e+00 1.135720077148470022e+38 1.010866692246870021e+06
-3.278577318007592112e+00 1.146226084257089941e+38 1.010884185332629946e+06
-3.225226511189248413e+00 1.155551242236399911e+38 1.010899748071430018e+06
-3.178549259842839092e+00 1.163824740937350025e+38 1.010913597962190048e+06
-3.137906070158351213e+00 1.171119572214309977e+38 1.010925827728520031e+06
-3.102392936067190021e+00 1.177551265500899948e+38 1.010936642838270054e+06
-3.071510831592604518e+00 1.183192258974739937e+38 1.010946140944810002e+06
-3.044594174076337367e+00 1.188138478597150085e+38 1.010954489563770010e+06
-3.021098207798786461e+00 1.192477586842620025e+38 1.010961828803490032e+06
-3.000440134608652443e+00 1.196304640492209950e+38 1.010968320486059994e+06
-2.982052079285494983e+00 1.199716673451620015e+38 1.010974128128429991e+06
-2.965232187591027468e+00 1.202833865898849930e+38 1.010979463891759980e+06
-2.949049620539881289e+00 1.205817836718920020e+38 1.010984615956709953e+06
-2.931106786185409874e+00 1.209068960030639934e+38 1.010990340708749951e+06
-2.895400545792654157e+00 1.215164104340349911e+38 1.011001830232369946e+06
-2.842711647565010935e+00 1.224396618433749974e+38 1.011018828323889989e+06
-2.779809250438120216e+00 1.235680252249199951e+38 1.011039213614420034e+06
-2.707106246962212026e+00 1.248716049751340080e+38 1.011062941697990056e+06
-2.622830671316478401e+00 1.263670936671339908e+38 1.011090615172090009e+06
-2.536852475779596716e+00 1.279036633903790085e+38 1.011118927844449994e+06
-2.449278981075622141e+00 1.294474486635779917e+38 1.011147832240590011e+06
-2.359975032799411565e+00 1.309947304987009952e+38 1.011177295368539984e+06
-2.269087208202108741e+00 1.325383366069989909e+38 1.011207148568729986e+06
-2.176651616231538355e+00 1.340705057308879969e+38 1.011237280597900040e+06
-2.082608430529944599e+00 1.355880674267230038e+38 1.011267600926900050e+06
-1.986966414668131620e+00 1.370837830759230048e+38 1.011297987000560039e+06
-1.889869967417325824e+00 1.385494024372160059e+38 1.011328268059890019e+06
-1.791272662754636258e+00 1.399785173452100058e+38 1.011358330052479985e+06
-1.691142723138909787e+00 1.413652186076740094e+38 1.011388044888000004e+06
-1.589435504400171340e+00 1.427023014939430028e+38 1.011417279442440020e+06
-1.486207303940318525e+00 1.439830408960009910e+38 1.011445867846630048e+06
-1.381520602852106094e+00 1.452003304429620053e+38 1.011473642100450001e+06
-1.275321200257167220e+00 1.463483434740689947e+38 1.011500459572519991e+06
-1.167605755850672722e+00 1.474204836501900003e+38 1.011526163506060024e+06
-1.058330453466624022e+00 1.484113912963540070e+38 1.011550602184989955e+06
-9.474896966130472720e-01 1.493155891075470091e+38 1.011573613102969946e+06
-8.350408201222307980e-01 1.501278812546739966e+38 1.011595040783370030e+06
-7.209718789090402424e-01 1.508435501491840058e+38 1.011614722622880014e+06
-6.052324133925139904e-01 1.514580779775739980e+38 1.011632503311490058e+06
-4.877995977876707911e-01 1.519674134328029949e+38 1.011648225836529979e+06
-3.686061854241415858e-01 1.523678847685500045e+38 1.011661746632830007e+06
-2.476134531898424029e-01 1.526563744812559980e+38 1.011672908712569973e+06
-1.247280423413030803e-01 1.528297458918740074e+38 1.011681565095319995e+06
0.000000000000000000e+00 1.528859426787789932e+38 1.011687575719780056e+06
1.266254375223070383e-01 1.528227086191350021e+38 1.011690810433540028e+06
2.552557298913598061e-01 1.526382660940299943e+38 1.011691155393810011e+06
3.743877538945525885e-01 1.524071092422980005e+38 1.011688995578009984e+06
4.822161407209932804e-01 1.521291721541099911e+38 1.011685096737090033e+06
5.791450816905125976e-01 1.518204816467870028e+38 1.011680049587909947e+06
6.665192054933868349e-01 1.514925513546619962e+38 1.011674263466889970e+06
7.448532376438379288e-01 1.511616024288649934e+38 1.011668091005039983e+06
8.148316674050875008e-01 1.508367279752160018e+38 1.011661801754710032e+06
8.771050344221293926e-01 1.505250650074519958e+38 1.011655598947469960e+06
9.323118664906360209e-01 1.502314389190510085e+38 1.011649629645279958e+06
9.811404781066812575e-01 1.499582423955749907e+38 1.011643986500600004e+06
1.024367628269828856e+00 1.497055343743819966e+38 1.011638708915350027e+06
1.062875772302504629e+00 1.494712055061030038e+38 1.011633785447439994e+06
1.097809211001731455e+00 1.492496726484320021e+38 1.011629137154569966e+06
1.130694406630937010e+00 1.490311750723340041e+38 1.011624599230300053e+06
1.164631640247534961e+00 1.487898383821810011e+38 1.011619735613830038e+06
1.218658289231825620e+00 1.483342386347750046e+38 1.011611529349550023e+06
1.294987384637352079e+00 1.476774300085940004e+38 1.011598909180180053e+06
1.379910067771561444e+00 1.469567966539269986e+38 1.011583696286229999e+06
1.480166004330385476e+00 1.460407793984240052e+38 1.011564317706819973e+06
1.602025345899164677e+00 1.448538527338810023e+38 1.011538781400089967e+06
1.752870982221793383e+00 1.432959872477060067e+38 1.011504434310829965e+06
1.907067037594970316e+00 1.417072696066019936e+38 1.011466927540909965e+06
2.065176762058399618e+00 1.400181216447290051e+38 1.011426462511510006e+06
2.227187724201940000e+00 1.382386282959169922e+38 1.011383269780550036e+06
2.393333745887503028e+00 1.363735202443180047e+38 1.011337549967529951e+06
2.563622896966990083e+00 1.344318285325140020e+38 1.011289599297920009e+06
2.738364197371993214e+00 1.324186357140749946e+38 1.011239654395860038e+06
2.917767300328705460e+00 1.303418113137230035e+38 1.011188001416180050e+06
3.101986480178311467e+00 1.282103250840059978e+38 1.011134961199500016e+06
3.291244583204388618e+00 1.260325704005339979e+38 1.011080845227680053e+06
3.485774677305016667e+00 1.238173760693029940e+38 1.011025968188490020e+06
3.685999339737463742e+00 1.215715795826250075e+38 1.010970593165479950e+06
3.892204051197040826e+00 1.193047341743469982e+38 1.010915019363899948e+06
4.104778174485545605e+00 1.170252345123949980e+38 1.010859497686789953e+06
4.323958649300038815e+00 1.147440481795120038e+38 1.010804350156159955e+06
4.550389727635774761e+00 1.124673785947119947e+38 1.010749748731010011e+06
4.784268105460796505e+00 1.102077578919519996e+38 1.010695970859489986e+06
5.026167347037699074e+00 1.079729107565309997e+38 1.010643190088449977e+06
5.276533011230640113e+00 1.057727108275709938e+38 1.010591595066449954e+06
5.536106912069953978e+00 1.036140184552479940e+38 1.010541300222789985e+06
5.805219942063558847e+00 1.015080802601249993e+38 1.010492484131990001e+06
6.084590314771048725e+00 9.946160214177250044e+37 1.010445233893829980e+06
6.374970695644151419e+00 9.748125780618490521e+37 1.010399618706059991e+06
6.677132942830212414e+00 9.557321813639280105e+37 1.010355691890210030e+06
6.991892052290495485e+00 9.374271628615080478e+37 1.010313487054920057e+06
7.320102079829666764e+00 9.199390755562979313e+37 1.010273016946239979e+06
7.662690790777560323e+00 9.032959945890070818e+37 1.010234268127350020e+06
8.020686604198999703e+00 8.875089453800670805e+37 1.010197198699999950e+06
8.395248533401172608e+00 8.725705654710779147e+37 1.010161737583299982e+06
8.787701060180552304e+00 8.584538726445660314e+37 1.010127783181590028e+06
9.199307951843366027e+00 8.451219116913929575e+37 1.010095223011289956e+06
9.631524767086375505e+00 8.325157825174119871e+37 1.010063915137990029e+06
1.008600050327368081e+01 8.205645299048809749e+37 1.010033698820400052e+06
1.051601866225246340e+01 8.108057130253710335e+37 1.010007348674990004e+06
1.089601237472379580e+01 8.032108041264960384e+37 1.009985632222700049e+06
1.123336255404865369e+01 7.968733011180949604e+37 1.009967347489640000e+06
1.153223671828163788e+01 7.914936889395920116e+37 1.009951771977890050e+06
1.179759661993011832e+01 7.868517564346580388e+37 1.009938345491610002e+06
1.203384485095739365e+01 7.827996507946489871e+37 1.009926657584010041e+06
1.224475297814933583e+01 7.792314120839759822e+37 1.009916403185899951e+06
1.243333148228703067e+01 7.760724523192900456e+37 1.009907357509930036e+06
1.260254979861201718e+01 7.732533818766310194e+37 1.009899327547480003e+06
1.275390283117303625e+01 7.707496033047929534e+37 1.009892206400249968e+06
1.288963190204231068e+01 7.685103758570679906e+37 1.009885865003549960e+06
1.301100035192212090e+01 7.665156538638849538e+37 1.009880226521590026e+06
1.311932146159233525e+01 7.647406960095059699e+37 1.009875217794599943e+06
1.321590952365659177e+01 7.631608487945109618e+37 1.009870769081010018e+06
1.330200239107944071e+01 7.617534625308189767e+37 1.009866814938029973e+06
1.338004774891305715e+01 7.604658422384939868e+37 1.009863236256700009e+06
1.345393785747000948e+01 7.592136242766830154e+37 1.009859843498570030e+06
1.353613580425735563e+01 7.576903867615229821e+37 1.009856023049850017e+06
1.369970971840666607e+01 7.537394418852769895e+37 1.009848141309950035e+06
1.387529213406378403e+01 7.498547277733719707e+37 1.009839460104219965e+06
1.407242901553399861e+01 7.455539946302730139e+37 1.009829679414659971e+06
1.426687803922686726e+01 7.416250387171329962e+37 1.009820104972689995e+06
1.443965395196573809e+01 7.384333200399169790e+37 1.009811733650219976e+06
1.459527673950651661e+01 7.356335289007440040e+37 1.009804320455800043e+06
1.473500771960243583e+01 7.331522052340929610e+37 1.009797752101790044e+06
1.486013672512490302e+01 7.309446251898659781e+37 1.009791931380930007e+06
1.497201354923890904e+01 7.289774297484769650e+37 1.009786768937870045e+06
1.507205180876189843e+01 7.272202466325100394e+37 1.009782181207370013e+06
1.516190766077488661e+01 7.256380121694200019e+37 1.009778078177729971e+06
1.524478016939247027e+01 7.241565116063260212e+37 1.009774301703440025e+06
1.532757268083514646e+01 7.226066336594989711e+37 1.009770514351660036e+06
1.545155009988229722e+01 7.198090631119440401e+37 1.009764714346820023e+06
1.560529117099940777e+01 7.162369376968069979e+37 1.009757340081640054e+06
1.579639025399228558e+01 7.117277999703160297e+37 1.009748037672579987e+06
1.597538501332746819e+01 7.079916241135290454e+37 1.009739356648160028e+06
1.613564072997542098e+01 7.048717396816259588e+37 1.009731703846629942e+06
1.627971255069132894e+01 7.021388822226170196e+37 1.009724928839180036e+06
1.640889402513857931e+01 6.997189182413149767e+37 1.009718929676880012e+06
1.652463083184557036e+01 6.975634714555739857e+37 1.009713608723059995e+06
1.662816351791843772e+01 6.956419507811410033e+37 1.009708884624439990e+06
1.672215736634097993e+01 6.938870401709949665e+37 1.009704618868599995e+06
1.681035480886930600e+01 6.922090801444809870e+37 1.009700624145490001e+06
1.690427533892216161e+01 6.902978836988189718e+37 1.009696337495769956e+06
1.709117719373898581e+01 6.854544590956400408e+37 1.009687509356359951e+06
1.727497138548642397e+01 6.813411776409609572e+37 1.009678713235500036e+06
1.745174802327528596e+01 6.776041477966569764e+37 1.009670337913480005e+06
1.761112355918157846e+01 6.744223771906859732e+37 1.009662892554549966e+06
1.775450313411420211e+01 6.716234922528369586e+37 1.009656290766019956e+06
1.788323181035229936e+01 6.691390560049050266e+37 1.009650434470050037e+06
1.799882276169955730e+01 6.669212424150439828e+37 1.009645226464989944e+06
1.810303147294325754e+01 6.649248831038990232e+37 1.009640565291960025e+06
1.819928711053216830e+01 6.630616269195440440e+37 1.009636279606109951e+06
1.829485351964831352e+01 6.611406144930400182e+37 1.009632019420710043e+06
1.842975128925172612e+01 6.579771876460619637e+37 1.009625888317540055e+06
1.861811844987096265e+01 6.533157151779259799e+37 1.009617133846540004e+06
1.878656303155003116e+01 6.497539933051459676e+37 1.009609319158809958e+06
1.893809362250613049e+01 6.467023465652010039e+37 1.009602400929030031e+06
1.907436364528257400e+01 6.440200052632279654e+37 1.009596270337880007e+06
1.919693090172950178e+01 6.416344405571709883e+37 1.009590824504510034e+06
1.930757677671499550e+01 6.394916432960600035e+37 1.009585956380050047e+06
1.940978336497209966e+01 6.374982806124250219e+37 1.009581490322920028e+06
1.951067400298779830e+01 6.354662495011479610e+37 1.009577087061590049e+06
1.964664989849552512e+01 6.323296385617580452e+37 1.009571057094109943e+06
1.984648949134862050e+01 6.273894429934209536e+37 1.009562016419840045e+06
2.005106014409102499e+01 6.229100390450360201e+37 1.009552804339380004e+06
2.027830195013666525e+01 6.180102407718719662e+37 1.009542754722520011e+06
2.048352978378534317e+01 6.140956815234330430e+37 1.009533915037870058e+06
2.066889560612617061e+01 6.107010803922910311e+37 1.009526146702909959e+06
2.083611464500427246e+01 6.077010812408560171e+37 1.009519288143840036e+06
2.098693627765169367e+01 6.050285860422479947e+37 1.009513204553970019e+06
2.112298987549729645e+01 6.026393963153099843e+37 1.009507787431810051e+06
2.124598419433459640e+01 6.004921606694409727e+37 1.009502938517270028e+06
2.135937997937435284e+01 5.985011298495659576e+37 1.009498498520959984e+06
2.146932244382333010e+01 5.965182919862990360e+37 1.009494200403569965e+06
2.160185150784673169e+01 5.938454270080180323e+37 1.009488940814620000e+06
2.182977261458290741e+01 5.885307398701510407e+37 1.009479628632390057e+06
2.203816253971308470e+01 5.846194469842090291e+37 1.009471180124490056e+06
2.225477139896247536e+01 5.805343258230519858e+37 1.009462581769929966e+06
2.245036385906860232e+01 5.771602919465789588e+37 1.009454988274230040e+06
2.262713730364339426e+01 5.741896493264280279e+37 1.009448270277400035e+06
2.278695302113192156e+01 5.715370998439339830e+37 1.009442295138329966e+06
2.293153880251338705e+01 5.691548952942939977e+37 1.009436956007119967e+06
2.306281603826209903e+01 5.669988728508190064e+37 1.009432151636229944e+06
2.318466514471219853e+01 5.649783062069659791e+37 1.009427716927009984e+06
2.330466460116440430e+01 5.629169387094019988e+37 1.009423345604459988e+06
2.345993875362910330e+01 5.598507877587429841e+37 1.009417567167900037e+06
2.365661627746885642e+01 5.558590112400369533e+37 1.009410117000060040e+06
2.383229493297403678e+01 5.528092180398020201e+37 1.009403506679109996e+06
2.399199368251720443e+01 5.501212557437770341e+37 1.009397597270849976e+06
2.413642632449045777e+01 5.477307589814569542e+37 1.009392325190220028e+06
2.426900213456247002e+01 5.455344543219570458e+37 1.009387535311089945e+06
2.439431569958105683e+01 5.434285441587900086e+37 1.009383033276819973e+06
2.452614589023869485e+01 5.410729158582019762e+37 1.009378268822400016e+06
2.474788530555088073e+01 5.363041287109719927e+37 1.009370015864409972e+06
2.494608505250653252e+01 5.328838824318820364e+37 1.009362689576099976e+06
2.512557638547150418e+01 5.299204251331159804e+37 1.009356200297320029e+06
2.528840422257781029e+01 5.272807455323119652e+37 1.009350420436440036e+06
2.543628790153888986e+01 5.249067199206690164e+37 1.009345245185200009e+06
2.557296148961177096e+01 5.227077995774050444e+37 1.009340511036969954e+06
2.570457620662637055e+01 5.205486974725210184e+37 1.009335974206620012e+06
2.585239122342318296e+01 5.179114221808800428e+37 1.009330823897750000e+06
2.609533896215725690e+01 5.129074475350450119e+37 1.009322149049089989e+06
2.631266615242930129e+01 5.093870517500389746e+37 1.009314515736290021e+06
2.650962082162732258e+01 5.063462826898590152e+37 1.009307792532120016e+06
2.668850657832808793e+01 5.036389145009449712e+37 1.009301821516679949e+06
2.685133024537935853e+01 5.012030940072240227e+37 1.009296479110060027e+06
2.700065427873050794e+01 4.989818193599299912e+37 1.009291642071090057e+06
2.714125840924680233e+01 4.968725196818399908e+37 1.009287124374249950e+06
2.728491022688103840e+01 4.946153370336450349e+37 1.009282501336080022e+06
2.751525122456951067e+01 4.902415080391800371e+37 1.009274862977009965e+06
2.773494039149954915e+01 4.868145898896109938e+37 1.009267647225140012e+06
2.799105237965704873e+01 4.826333291383139796e+37 1.009259384084310033e+06
2.825066898862132803e+01 4.787773107842030229e+37 1.009251221856710035e+06
2.848679603647906333e+01 4.756039038676379680e+37 1.009244035653840052e+06
2.870143163029570132e+01 4.727929903907749910e+37 1.009237670003850013e+06
2.889667255873791873e+01 4.702621021985670033e+37 1.009231981601680047e+06
2.907488532486604527e+01 4.679623006308860242e+37 1.009226854060400045e+06
2.923851110751274973e+01 4.658521232966819732e+37 1.009222185320319957e+06
2.939272304001497105e+01 4.638324983988440279e+37 1.009217801868119976e+06
2.954817799269221723e+01 4.616970064923290106e+37 1.009213359978829976e+06
2.976678053580690175e+01 4.581256119321990217e+37 1.009206904076750041e+06
2.997463764122221619e+01 4.552252528719649719e+37 1.009200764269339968e+06
3.016424580779857934e+01 4.527149860360230185e+37 1.009195245546150021e+06
3.033894010254880413e+01 4.504165933517819911e+37 1.009190225670150016e+06
3.050175927311647683e+01 4.482672648571949853e+37 1.009185586259359960e+06
3.066059278632747009e+01 4.461111966888030052e+37 1.009181069185620057e+06
3.084378780663246289e+01 4.433549574780059694e+37 1.009175764789190027e+06
3.107969011575914919e+01 4.395889980839509998e+37 1.009168813552899985e+06
3.129176748840836808e+01 4.367729903747809711e+37 1.009162657287299982e+06
3.148638038116041571e+01 4.342469808380810074e+37 1.009157125865119975e+06
3.166517686139559373e+01 4.319513283544049801e+37 1.009152122486099950e+06
3.183313339948654175e+01 4.297801558643670098e+37 1.009147469754640013e+06
3.199967041274067014e+01 4.275590481465850101e+37 1.009142865910460008e+06
3.220529611886013299e+01 4.244623631802889919e+37 1.009137059742470039e+06
3.247027238993905485e+01 4.203989318591779985e+37 1.009129500463020056e+06
3.270755800826009363e+01 4.174309116997519786e+37 1.009122897614059970e+06
3.292515844595618546e+01 4.147682950117150070e+37 1.009117002738490002e+06
3.312398322205990553e+01 4.123706726792289912e+37 1.009111717781719984e+06
3.330830206983955577e+01 4.101469425907559809e+37 1.009106881452789996e+06
3.348323568567866459e+01 4.080158679455400056e+37 1.009102324453209992e+06
3.366154137195553631e+01 4.057451699521699782e+37 1.009097667007299955e+06
3.391086240799631923e+01 4.020423539759109902e+37 1.009090958986819955e+06
3.413486398820532486e+01 3.993263481258250209e+37 1.009084998413749970e+06
3.434085683681769297e+01 3.968664797880880065e+37 1.009079621481150039e+06
3.453186684160027653e+01 3.945957083227719802e+37 1.009074704423399991e+06
3.471319305902579799e+01 3.924236890811190167e+37 1.009070077369390056e+06
3.489701744576450437e+01 3.901371250113509892e+37 1.009065384073490044e+06
3.514771110884612426e+01 3.865376519713779965e+37 1.009058809837250039e+06
3.539929568185470998e+01 3.833878551409979787e+37 1.009052269219030044e+06
3.562854015169432387e+01 3.807609796218890099e+37 1.009046455979209975e+06
3.583939256478333846e+01 3.783853869033669924e+37 1.009041223374470021e+06
3.603518084745155647e+01 3.761947515821440026e+37 1.009036439188229968e+06
3.622295619035139680e+01 3.740708438743619941e+37 1.009031893044929951e+06
3.641777970874682069e+01 3.717629088401090096e+37 1.009027164203239954e+06
3.672602579277008772e+01 3.674180732914549773e+37 1.009019433593060006e+06
3.698719755519414321e+01 3.647198824826450230e+37 1.009013087445309968e+06
3.731066284544067457e+01 3.608066316177889964e+37 1.009005372162349988e+06
3.765501152753131464e+01 3.570869130334599806e+37 1.008997414297559997e+06
3.796478147589368746e+01 3.541916161202370230e+37 1.008990548003560049e+06
3.824628991476492956e+01 3.515886939380029995e+37 1.008984479846240021e+06
3.850317414506571367e+01 3.492202512442300213e+37 1.008979032878409955e+06
3.873913567163981497e+01 3.470480438967790054e+37 1.008974083290150040e+06
3.895778364449506626e+01 3.450302846242160184e+37 1.008969523973289994e+06
3.916424544691108167e+01 3.430992137102009960e+37 1.008965225624180050e+06
3.936872986459638923e+01 3.411115713099510068e+37 1.008960943980069947e+06
3.960480469290632755e+01 3.385424361530410029e+37 1.008955855349530000e+06
3.986868336051702499e+01 3.356592281429789820e+37 1.008950063367870054e+06
4.011073432024568319e+01 3.333183959938719820e+37 1.008944814756239997e+06
4.033520478132413700e+01 3.311650167951760015e+37 1.008940012476489996e+06
4.054742757120402530e+01 3.291120493509909884e+37 1.008935507529370021e+06
4.075786917319055647e+01 3.270166840658629851e+37 1.008931043491429999e+06
4.099955369933741167e+01 3.243661874136750061e+37 1.008925801199930022e+06
4.129093684523832053e+01 3.210753650426170091e+37 1.008919377774139983e+06
4.155643763835541904e+01 3.185346766410030137e+37 1.008913648746559978e+06
4.180095639964565635e+01 3.162355560755579805e+37 1.008908485886430019e+06
4.202790692058624700e+01 3.141131240889579777e+37 1.008903763368939981e+06
4.224523990147281438e+01 3.120548152367479924e+37 1.008899276304760017e+06
4.246560867631342262e+01 3.098988932883640078e+37 1.008894722309650038e+06
4.273831933824112639e+01 3.069141517571459793e+37 1.008888935329889995e+06
4.302338503248756751e+01 3.040214014625970087e+37 1.008882890442530042e+06
4.331388045276980847e+01 3.011984320330250113e+37 1.008876840179000050e+06
4.357916658784961328e+01 2.988439284970389796e+37 1.008871456295990036e+06
4.382447369367582723e+01 2.966874239853949949e+37 1.008866572958710021e+06
4.405462746648117900e+01 2.946615412323310136e+37 1.008862044232649961e+06
4.427930007234681398e+01 2.926415049724730083e+37 1.008857640230369987e+06
4.451812357676681131e+01 2.903719400080059899e+37 1.008852912832350004e+06
4.478841311513679102e+01 2.876384029625959952e+37 1.008847420055689989e+06
4.503730164142325521e+01 2.853794359085939932e+37 1.008842406793070026e+06
4.527121234516380355e+01 2.832637252523059869e+37 1.008837748779400019e+06
4.550010162236867473e+01 2.811637569817049882e+37 1.008833218713019975e+06
4.574426716158632189e+01 2.788218040633550004e+37 1.008828360294339946e+06
4.613218221557326615e+01 2.745468326730699973e+37 1.008820396116549964e+06
4.642290226550539955e+01 2.723832478855660000e+37 1.008814709309909958e+06
4.679831496952101588e+01 2.687676375559089777e+37 1.008807461361019989e+06
4.713516267086379230e+01 2.661588422556620058e+37 1.008801211926270043e+06
4.744078776077367365e+01 2.638409375777400075e+37 1.008795713550269953e+06
4.772042308334494010e+01 2.617343135153619890e+37 1.008790777601470007e+06
4.797882496425881982e+01 2.597924040650460124e+37 1.008786268666540040e+06
4.822388114809291437e+01 2.579318298951009850e+37 1.008782016766170040e+06
4.846674970822641626e+01 2.560377266105279838e+37 1.008777794320050045e+06
4.873313347739167511e+01 2.538103750820700196e+37 1.008773079069389962e+06
4.906813010078622028e+01 2.507590456001119986e+37 1.008766946713860030e+06
4.935898759798146784e+01 2.485825494954650133e+37 1.008761731615329976e+06
4.963869591621914878e+01 2.463982072967760159e+37 1.008756790684879990e+06
4.989843060506973416e+01 2.444310992629680184e+37 1.008752258974130033e+06
5.014867042342666537e+01 2.425114416212749965e+37 1.008747920889860019e+06
5.040267110103741288e+01 2.405070629180560226e+37 1.008743507847939967e+06
5.070473758137086406e+01 2.378909257910659961e+37 1.008738120822189958e+06
5.100850136531516910e+01 2.353996738994530081e+37 1.008732662249639980e+06
5.128776928060688078e+01 2.332451030591460230e+37 1.008727717603479978e+06
5.155000669707078487e+01 2.312337836031760054e+37 1.008723135911630001e+06
5.180470532161416486e+01 2.292658023041350111e+37 1.008718716059289989e+06
5.207233328098664060e+01 2.271237094770940045e+37 1.008714058422810049e+06
5.241581878735451028e+01 2.241074187601329838e+37 1.008707914542159997e+06
5.272689069481566548e+01 2.217453961230680093e+37 1.008702419649170013e+06
5.301257850439287722e+01 2.196049302752180096e+37 1.008697469395529944e+06
5.328170111932558939e+01 2.176006974187390008e+37 1.008692873087250046e+06
5.354403060680488124e+01 2.156417640281350075e+37 1.008688430253359955e+06
5.381972818879876286e+01 2.135211965699370220e+37 1.008683754745960003e+06
5.416553362063132226e+01 2.106311473168719939e+37 1.008677742286680033e+06
5.447913003480061889e+01 2.083271858718940079e+37 1.008672347753309994e+06
5.476829248917056248e+01 2.062302972679840109e+37 1.008667464074559975e+06
5.504215313500026241e+01 2.042606429169800041e+37 1.008662905377730029e+06
5.531223201780812815e+01 2.023114358874430102e+37 1.008658446005800040e+06
5.560437896696384996e+01 2.001236479390060001e+37 1.008653603446169989e+06
5.597064139205031097e+01 1.971920814243370002e+37 1.008647390162250027e+06
5.630213170620845631e+01 1.948732050612669945e+37 1.008641862492999993e+06
5.660620299295987934e+01 1.927907498963550079e+37 1.008636904183430015e+06
5.689220283558825031e+01 1.908563919742859953e+37 1.008632320729139959e+06
5.717081912845605984e+01 1.889744194229560011e+37 1.008627903665850055e+06
5.746268485934706405e+01 1.869513854118689899e+37 1.008623276904130005e+06
5.784312818705802783e+01 1.840695469175439899e+37 1.008617090949679958e+06
5.819383070705225691e+01 1.817200801352940076e+37 1.008611447198710055e+06
5.851514117780607194e+01 1.796304589166890026e+37 1.008606388502379996e+06
5.881499991280725226e+01 1.777129122392829971e+37 1.008601751171689946e+06
5.910450471856165677e+01 1.758691214491979883e+37 1.008597326957660029e+06
5.940078183263540268e+01 1.739518165775419997e+37 1.008592812670100015e+06
5.975903682975331321e+01 1.714584859932159981e+37 1.008587245077479980e+06
6.013156733225332573e+01 1.689531154132650114e+37 1.008581414549430017e+06
6.047145101113710552e+01 1.668509008440040047e+37 1.008576213335150038e+06
6.078729885077336803e+01 1.649372080319230039e+37 1.008571477047219989e+06
6.108987229794729501e+01 1.631197443899229975e+37 1.008567005339269992e+06
6.139515790925361216e+01 1.612691092043769944e+37 1.008562521854949999e+06
6.174431445973459631e+01 1.590404017946260028e+37 1.008557334082029993e+06
6.215270398429129273e+01 1.563485891634550087e+37 1.008551140243789996e+06
6.252295677998336032e+01 1.541952151736110030e+37 1.008545662158529973e+06
6.286455925682093948e+01 1.522572840251549991e+37 1.008540727707289974e+06
6.318683175602927804e+01 1.504581155807500014e+37 1.008536156306470046e+06
6.350305352028226480e+01 1.486951610831430033e+37 1.008531718973929994e+06
6.383824563573580235e+01 1.467788255698090040e+37 1.008527010164909996e+06
6.429727014101808891e+01 1.439197658483849917e+37 1.008520384214419988e+06
6.471386578824603930e+01 1.416223870168300065e+37 1.008514444271310000e+06
6.509493549930630252e+01 1.395882429923050000e+37 1.008509141773979994e+06
6.544827846228145063e+01 1.377505416388780100e+37 1.008504324401360005e+06
6.578645656636217609e+01 1.360101131501540071e+37 1.008499779525610036e+06
6.612525196111528203e+01 1.342580800277679927e+37 1.008495255292949965e+06
6.650124005047837272e+01 1.322354389476270078e+37 1.008490187868769979e+06
6.699341724405530840e+01 1.294407778770440039e+37 1.008483394542749971e+06
6.743901985231786966e+01 1.271840275945919948e+37 1.008477351123100030e+06
6.784776388946920633e+01 1.251831647029470021e+37 1.008471943474019994e+06
6.822740135749336332e+01 1.233725973688420017e+37 1.008467020579879987e+06
6.859158443170599639e+01 1.216491964733429998e+37 1.008462356895360048e+06
6.895696207467699423e+01 1.199123137312989998e+37 1.008457702838729951e+06
6.936232228681910783e+01 1.179094306408090072e+37 1.008452483237870038e+06
6.991225761006353423e+01 1.150383837528799928e+37 1.008445221042399993e+06
7.041015076427720487e+01 1.127076651335540110e+37 1.008438750803560019e+06
7.086757107375888154e+01 1.106395415735250108e+37 1.008432948601659969e+06
7.129307910415809602e+01 1.087610536470870090e+37 1.008427647123900009e+06
7.169858684763312340e+01 1.069933316993699886e+37 1.008422658320109942e+06
7.210008233296684921e+01 1.052410796912380054e+37 1.008417743749120040e+06
7.252881191205233335e+01 1.033315427873850031e+37 1.008412471169659984e+06
7.311689497361658141e+01 1.005311254200129959e+37 1.008405027075989987e+06
7.370783282798947766e+01 9.789497044254949840e+36 1.008397578668260016e+06
7.425169488013489172e+01 9.562094057892769594e+36 1.008390888311619987e+06
7.475746864324901253e+01 9.356632367276010123e+36 1.008384790502510034e+06
7.523560043639736250e+01 9.165479426374719842e+36 1.008379100621249992e+06
7.570015083299949765e+01 8.981076615195219994e+36 1.008373613683879958e+06
7.617115869134431705e+01 8.793549049666599917e+36 1.008368053350199945e+06
7.670339968812186271e+01 8.575474429557519850e+36 1.008361688293959945e+06
7.756898372835712507e+01 8.206341176206049818e+36 1.008351120322440052e+06
7.835057194752153009e+01 7.920665231177039618e+36 1.008341950934050023e+06
7.909820193180348724e+01 7.649054301167179861e+36 1.008333326923829969e+06
7.980273168184794486e+01 7.404539094528990261e+36 1.008325379574580002e+06
8.047173679579282179e+01 7.175512307916049442e+36 1.008317900639340049e+06
8.111530996876535937e+01 6.957158356267499794e+36 1.008310727881059982e+06
8.174551002227235585e+01 6.746666214761059931e+36 1.008303729558579973e+06
8.238857722358079627e+01 6.532276964020450025e+36 1.008296571542170015e+06
8.309786983113735914e+01 6.295383333155289748e+36 1.008288616784129990e+06
8.420476571307517588e+01 5.928960938160949981e+36 1.008276167535479995e+06
8.512064939935225993e+01 5.643614216485229578e+36 1.008265919065080001e+06
8.625677501084282994e+01 5.309257809268010019e+36 1.008253617248140043e+06
8.738410576368914917e+01 5.004294697673870013e+36 1.008241802243200014e+06
8.851036759797716513e+01 4.713910935320189913e+36 1.008230266377710039e+06
8.966081862046848983e+01 4.434494747857620209e+36 1.008218782665470033e+06
9.085397547588218004e+01 4.163621473094089866e+36 1.008207217942469986e+06
9.213007984124124050e+01 3.895815490697950147e+36 1.008195292556419969e+06
9.355454242299310863e+01 3.622984999265240135e+36 1.008182563370569958e+06
