# time luminosity radius
-2.071924659103387967e+01 4.882222221254079782e+35 1.008135713870809996e+06
-1.958063941221917048e+01 4.976202589661659872e+35 1.008137294479210046e+06
-1.861010166339110583e+01 5.063763411834959883e+35 1.008138797176019987e+06
-1.770745567441917956e+01 5.152766109104780143e+35 1.008140320572299999e+06
-1.729250694287475199e+01 5.195854754115030013e+35 1.008141059209340019e+06
-1.679650737572228536e+01 5.249330395962250127e+35 1.008142001516390010e+06
-1.623093400109792128e+01 5.314076910832760163e+35 1.008143162532659946e+06
-1.559525457693962380e+01 5.391950852821369881e+35 1.008144594518690021e+06
-1.488948870648164302e+01 5.485642455537560263e+35 1.008146372416769969e+06
-1.411687707062810659e+01 5.599365417754549990e+35 1.008148598057509982e+06
-1.328314813860924914e+01 5.739075112159579760e+35 1.008151414065690013e+06
-1.239831167442025617e+01 5.811450488066490075e+35 1.008346537149460055e+06
-1.201622666983166710e+01 5.857041700306629790e+35 1.008352370271489955e+06
-1.162078323226887733e+01 5.909308576328030160e+35 1.008357645226479974e+06
-1.120958727435208857e+01 5.975978016997759875e+35 1.008362546382779954e+06
-1.076732362550683320e+01 6.067510196235339857e+35 1.008367533529330045e+06
-1.028151358518516645e+01 6.196695192417260171e+35 1.008373136185989948e+06
-9.748510528646875173e+00 6.381940943889369901e+35 1.008380125150999986e+06
-9.331206894654314965e+00 6.561927794702789952e+35 1.008386661728019943e+06
-8.988299565506167710e+00 6.740753947428319734e+35 1.008393160698120017e+06
-8.747845880279783159e+00 6.885817350206950466e+35 1.008398541072390042e+06
-8.643307952443137765e+00 6.953749737481050231e+35 1.008401079236009973e+06
-8.547443378018215299e+00 7.019778474614549679e+35 1.008403601608330035e+06
-8.530250619573052973e+00 7.031323697007040093e+35 1.008404060196249979e+06
-8.496037030301522464e+00 7.055964358933749505e+35 1.008405003931259969e+06
-8.427951987599954009e+00 7.106389367158930625e+35 1.008407009637510055e+06
-8.303408208943437785e+00 7.209347932869170467e+35 1.008411195171630010e+06
-8.215310527302790433e+00 7.286162830208769992e+35 1.008414458840020001e+06
-8.136323198501486331e+00 7.361059333302469952e+35 1.008417748250570032e+06
-8.073628500802442431e+00 7.427031358657489338e+35 1.008420723118679947e+06
-8.068589270347729325e+00 7.428699004803930696e+35 1.008420984484520042e+06
-8.058561201731208712e+00 7.439055976149609612e+35 1.008421559855769970e+06
-8.051333310490008444e+00 7.446596216426579635e+35 1.008422009058160009e+06
-8.047157215070910752e+00 7.452547911097219739e+35 1.008422273372509982e+06
-8.047121919051278383e+00 7.450232421438909943e+35 1.008422281624760013e+06
-8.047091220098081976e+00 7.450263604361660314e+35 1.008422292678019963e+06
-8.047067211882676929e+00 7.450287891759270331e+35 1.008422302786629996e+06
-8.047041916695889086e+00 7.450313433663189335e+35 1.008422313684690045e+06
-8.047011269372887909e+00 7.450344542435429736e+35 1.008422327057090006e+06
-8.046971662843134254e+00 7.450384765303159309e+35 1.008422344927050057e+06
-8.046934865531511605e+00 7.450422180319229794e+35 1.008422364008510020e+06
-8.046904140966944396e+00 7.450453297107560387e+35 1.008422381622620043e+06
-8.046877187851350754e+00 7.450480520845690643e+35 1.008422397726990050e+06
-8.046851238061208278e+00 7.450506739519680230e+35 1.008422413390679983e+06
-8.046824540826492012e+00 7.450533764127910290e+35 1.008422429785400047e+06
-8.046797318675089628e+00 7.450561312721969576e+35 1.008422446877710056e+06
-8.046769120555836707e+00 7.450589809897760665e+35 1.008422464685749961e+06
-8.046737861470319331e+00 7.450621389694550694e+35 1.008422483824089984e+06
-8.046698118792846799e+00 7.450661610545559719e+35 1.008422506457800046e+06
-8.046659982297569513e+00 7.450700275381909842e+35 1.008422526309540030e+06
-8.046628503769170493e+00 7.450732208422479785e+35 1.008422540973310010e+06
-8.046599605586379766e+00 7.450761568090789457e+35 1.008422552715369966e+06
-8.046570885286200792e+00 7.450790807289260463e+35 1.008422562675780035e+06
-8.046540295530576259e+00 7.450822003099639686e+35 1.008422571567489998e+06
-8.046505555685143918e+00 7.450857482011550568e+35 1.008422580033920007e+06
-8.046464244253002107e+00 7.450899692655420323e+35 1.008422588375229971e+06
-8.046410216658841819e+00 7.450954934478650668e+35 1.008422597336639999e+06
-8.046327207062859088e+00 7.451039843042010728e+35 1.008422608772150008e+06
-8.046162017970345914e+00 7.451208839699570229e+35 1.008422629022430046e+06
-8.045833291660528630e+00 7.451545193468539342e+35 1.008422670400899951e+06
-8.045179126260336488e+00 7.452214678325069368e+35 1.008422762810220011e+06
-8.044057032675482333e+00 7.454113880279969278e+35 1.008422903020419995e+06
-8.042575868952553719e+00 7.456798863979469586e+35 1.008423060121290036e+06
-8.040956921409815550e+00 7.457210930602319277e+35 1.008423204613959999e+06
-8.038994921429548413e+00 7.458853948463299459e+35 1.008423363917490002e+06
-8.036442484997678548e+00 7.461573563539669565e+35 1.008423556137450039e+06
-8.033081720233894885e+00 7.469237759888090640e+35 1.008423799944920000e+06
-8.028630693501327187e+00 7.470308215654860575e+35 1.008424115806370042e+06
-8.022417651896830648e+00 7.476376812826109988e+35 1.008424552828300046e+06
-8.013723798620048910e+00 7.487250435105019800e+35 1.008425165612980025e+06
-8.001292971312068403e+00 7.499468247047949756e+35 1.008426059059550054e+06
-7.983333513024263084e+00 7.519660240926949564e+35 1.008427404104140005e+06
-7.957766282197553664e+00 7.548898849547159307e+35 1.008429483506090008e+06
-7.933696712541859597e+00 7.575146917957460597e+35 1.008431616081960034e+06
-7.912731297896243632e+00 7.600771977345939778e+35 1.008433655660980032e+06
-7.896206662117037922e+00 7.620352341632160048e+35 1.008435398860180052e+06
-7.882239283178932965e+00 7.642466630746310444e+35 1.008437072997760028e+06
-7.869839691149536520e+00 7.657763566914349470e+35 1.008438730239670025e+06
-7.857439352897927165e+00 7.670838841607439364e+35 1.008440518174370052e+06
-7.842851861380040646e+00 7.682077998463699323e+35 1.008442821117360028e+06
-7.827924242941662669e+00 7.703030838818890295e+35 1.008445417099660030e+06
-7.814062194724101573e+00 7.719253762567199940e+35 1.008448056361719966e+06
-7.800860294373705983e+00 7.735319949084270112e+35 1.008450773557540029e+06
-7.789065033080987632e+00 7.756392341904100452e+35 1.008453380864029983e+06
-7.778434079489670694e+00 7.773127914609369304e+35 1.008455864453269984e+06
-7.767820631503127515e+00 7.793758976420319751e+35 1.008458398265830008e+06
-7.756697792152408510e+00 7.813534299018680118e+35 1.008461139831049950e+06
-7.744690496649127454e+00 7.815807000410000143e+35 1.008464088540629949e+06
-7.732038766669575125e+00 7.847503041927719803e+35 1.008467173508520005e+06
-7.718402857077307999e+00 7.856631771946089809e+35 1.008470518400370027e+06
-7.703498481248971075e+00 7.874769953673609382e+35 1.008474175708599971e+06
-7.687091983680147678e+00 7.898710261125960136e+35 1.008478243220990058e+06
-7.669172728841658682e+00 7.936876817190730285e+35 1.008482849727640045e+06
-7.649658938287757337e+00 8.000263204521810477e+35 1.008487962677299976e+06
-7.628707350115291774e+00 8.120914530746309543e+35 1.008493605871989974e+06
-7.606445415003690869e+00 8.369827620386519922e+35 1.008499812486159964e+06
-7.583167788397986442e+00 9.019760204329030275e+35 1.008506713230379974e+06
-7.558928086597006768e+00 1.046571646001750036e+36 1.008514181526139961e+06
-7.534153464541304857e+00 1.328397887530659969e+36 1.008522149700980051e+06
-7.509894324466586113e+00 1.669810486190420143e+36 1.008530294521369971e+06
-7.485801919188816100e+00 3.431612003870080161e+36 1.008539170091900043e+06
-7.465749789960682392e+00 3.771178329525490196e+36 1.008546800426759990e+06
-7.442463463288731873e+00 4.045924281141920072e+36 1.008556012710229959e+06
-7.420141668873839080e+00 4.381869433589599930e+36 1.008565193441860029e+06
-7.398452714143786579e+00 4.941620225917680037e+36 1.008574519390729954e+06
-7.377530112164095044e+00 5.318872539059969895e+36 1.008583855589029961e+06
-7.357146187103353441e+00 5.703162513973129830e+36 1.008593300173370051e+06
-7.337076768744736910e+00 6.334457590231270292e+36 1.008603056718169944e+06
-7.317247454659081995e+00 6.766698256136609689e+36 1.008613069380949950e+06
-7.297506123082712293e+00 7.200160306038930021e+36 1.008623425069069955e+06
-7.277956379519309849e+00 7.635121301605069754e+36 1.008634078667280031e+06
-7.258384755230508745e+00 8.367905908182650291e+36 1.008645350504689966e+06
-7.238817655830644071e+00 8.855626621668709597e+36 1.008657090557100018e+06
-7.219306615879759192e+00 9.339410328099529978e+36 1.008669293255980010e+06
-7.200781543971970677e+00 9.804431728402179481e+36 1.008681402241750038e+06
-7.183622520358767360e+00 1.024019784001170053e+37 1.008693077139960020e+06
-7.167549124453216791e+00 1.064981057466639909e+37 1.008704453327159979e+06
-7.152394589444156736e+00 1.103960729593309919e+37 1.008715608633639989e+06
-7.138024993240833282e+00 1.141183509974909921e+37 1.008726603637770051e+06
-7.124290505074895918e+00 1.177318607012159917e+37 1.008737514301339979e+06
-7.111011648317798972e+00 1.212724064009479975e+37 1.008748448955349973e+06
-7.097955375968012959e+00 1.248348278431079977e+37 1.008759585393780028e+06
-7.084823456476442516e+00 1.285136294246660047e+37 1.008771186525280005e+06
-7.071176869561895728e+00 1.324266724439850063e+37 1.008783738900569966e+06
-7.057138650037813932e+00 1.365811180709860101e+37 1.008797186409489950e+06
-7.044655901845544577e+00 1.408783186056650000e+37 1.008809666202640045e+06
-7.033068642660509795e+00 1.449328232924640107e+37 1.008821621631340007e+06
-7.022112556383945048e+00 1.488311852234749956e+37 1.008833260677749990e+06
-7.010692266980186105e+00 1.529441254744640022e+37 1.008845763715030043e+06
-6.999719894025474787e+00 1.570096026054090017e+37 1.008858123467940022e+06
-6.988704593677539378e+00 1.611517930826679926e+37 1.008870888700839947e+06
-6.978110060445033014e+00 1.652213914394159973e+37 1.008883500808069948e+06
-6.967021081363782287e+00 1.695463115098179947e+37 1.008897076198630035e+06
-6.956356763490475714e+00 1.737683692478450012e+37 1.008910474991720053e+06
-6.945387435087468475e+00 1.781394915477460015e+37 1.008924633041479974e+06
-6.934800090617500246e+00 1.824134118626709895e+37 1.008938641021199990e+06
-6.924453168234322220e+00 1.865561089164079922e+37 1.008952666965920012e+06
-6.914366820827126503e+00 1.905877152672580036e+37 1.008966663161440054e+06
-6.904327211086638272e+00 1.945933420805510026e+37 1.008980925703039975e+06
-6.894387553737033159e+00 1.985337750805560031e+37 1.008995369006120018e+06
-6.884495669684838504e+00 2.024172605797480060e+37 1.009010065944629954e+06
-6.874569180887192488e+00 2.062680641597300009e+37 1.009025139452400035e+06
-6.864701826998498291e+00 2.100358916365010080e+37 1.009040429280710057e+06
-6.854667165898717940e+00 2.138114954086550121e+37 1.009056291446310002e+06
-6.844469259900506586e+00 2.175926935270040024e+37 1.009072724373450037e+06
-6.834391590498853475e+00 2.211617683785899857e+37 1.009089248205109965e+06
-6.824262193462345749e+00 2.246916570917750091e+37 1.009106128127190052e+06
-6.814061447395943105e+00 2.281810296619100069e+37 1.009123371584139997e+06
-6.803645481588318944e+00 2.317045578748229877e+37 1.009141199963969993e+06
-6.793066473910585046e+00 2.352317161710419923e+37 1.009159512254780042e+06
-6.782668199855834246e+00 2.386089177786199990e+37 1.009177651730559999e+06
-6.772362314164638519e+00 2.419450604351210073e+37 1.009195722458699951e+06
-6.762083663430530578e+00 2.454283769929540185e+37 1.009213788896669983e+06
-6.751820694771595299e+00 2.472328353176639847e+37 1.009231846775689977e+06
-6.741519551782403141e+00 2.499816896212729864e+37 1.009249986927759950e+06
-6.731169524893630296e+00 2.532773325366979951e+37 1.009268230552959954e+06
-6.720663008803967386e+00 2.569960053029759995e+37 1.009286798973769997e+06
-6.710010114882607013e+00 2.611892842582669886e+37 1.009305700736089959e+06
-6.699117430427577347e+00 2.642592258565260145e+37 1.009325111304090009e+06
-6.687922300887294114e+00 2.686229174569559937e+37 1.009345150364279980e+06
-6.676417399372439831e+00 2.739323840615390157e+37 1.009365840639560018e+06
-6.664489691320341080e+00 2.785394140448600196e+37 1.009387375962320017e+06
-6.651914062036667019e+00 2.917724344080510141e+37 1.009410147407060023e+06
-6.638719521346502006e+00 2.926337195718939914e+37 1.009434075117770000e+06
-6.624912488972768188e+00 3.111162637181120047e+37 1.009459099160710000e+06
-6.610649126057978719e+00 3.129049567878179872e+37 1.009484960438339971e+06
-6.595546058786567301e+00 3.284522301483230103e+37 1.009512309091040050e+06
-6.580077968828845769e+00 3.375042980776650032e+37 1.009540266245560022e+06
-6.564928196021355689e+00 3.466171088129440043e+37 1.009567554073569947e+06
-6.550987565249670297e+00 3.551130847650130215e+37 1.009592577172750025e+06
-6.534551946795545518e+00 3.645479832475429840e+37 1.009621959619699977e+06
-6.516291930864099413e+00 3.748631399494070169e+37 1.009654446123130037e+06
-6.497200583689846098e+00 3.856799696549970127e+37 1.009688192471959977e+06
-6.478204762330278754e+00 3.966812514334989891e+37 1.009721552867150051e+06
-6.459265938785392791e+00 4.078280296262820032e+37 1.009754587927479995e+06
-6.440451734117232263e+00 4.190163342250060128e+37 1.009787175390120014e+06
-6.421693139942362905e+00 4.302706144547189578e+37 1.009819442637469969e+06
-6.402984021289739758e+00 4.415909486731099635e+37 1.009851403367090039e+06
-6.384262510342523456e+00 4.530221410148699634e+37 1.009883171779279946e+06
-6.365533235075417906e+00 4.645469308079860062e+37 1.009914742655919981e+06
-6.346736725128721446e+00 4.761859776478219854e+37 1.009946225406280020e+06
-6.327884782862383872e+00 4.879168112825139840e+37 1.009977602771169972e+06
-6.308984970673918724e+00 4.997142267293830103e+37 1.010008865015650052e+06
-6.290037301485426724e+00 5.115532311856360410e+37 1.010040017576589948e+06
-6.271045953733846545e+00 5.234097255815269832e+37 1.010071060257120058e+06
-6.251962330425158143e+00 5.352852045217499562e+37 1.010102070671080030e+06
-6.232797582983039320e+00 5.471558642058810001e+37 1.010133037965720054e+06
-6.213502087339293212e+00 5.590298455499280133e+37 1.010164040214290028e+06
-6.194090674980543554e+00 5.708784606872840023e+37 1.010195054475120036e+06
-6.174511724791955203e+00 5.827103549591159872e+37 1.010226159544300055e+06
-6.154782155237626284e+00 5.944973105823479761e+37 1.010257327591590001e+06
-6.134847416600678116e+00 6.062565829588510037e+37 1.010288640828919946e+06
-6.114725173625629395e+00 6.179585065866450437e+37 1.010320063470829977e+06
-6.094470836105756462e+00 6.295532942532339817e+37 1.010351505062900018e+06
-6.074038176971953362e+00 6.410527109076169599e+37 1.010383030611639959e+06
-6.053436502465046942e+00 6.524381773674850339e+37 1.010414616776459967e+06
-6.032616892945952713e+00 6.637193344699700190e+37 1.010446334191319998e+06
-6.011590000591240823e+00 6.748778211412100139e+37 1.010478152864199947e+06
-5.990302199847064912e+00 6.859258407556139916e+37 1.010510145710509969e+06
-5.968764118151739240e+00 6.968453011910360125e+37 1.010542281218369957e+06
-5.946916355984285474e+00 7.076510706845390428e+37 1.010574634827079950e+06
-5.924767820688430220e+00 7.183243530539730392e+37 1.010607202676070039e+06
-5.902391739888116717e+00 7.288191492087360366e+37 1.010639849452450057e+06
-5.879736462957225740e+00 7.391420302713530352e+37 1.010672631468189997e+06
-5.856802534195594490e+00 7.492907067113560097e+37 1.010705534057080047e+06
-5.833529259194619954e+00 7.592783648805269606e+37 1.010738623812929960e+06
-5.809916073339991271e+00 7.690869376386260108e+37 1.010771898137759999e+06
-5.785892868996597826e+00 7.787386716741459783e+37 1.010805437437199987e+06
-5.761507525050546974e+00 7.882030152618730024e+37 1.010839132128739962e+06
-5.736804720363579690e+00 7.974563436750709786e+37 1.010872905184900039e+06
-5.711714318138547242e+00 8.065140544168019978e+37 1.010906831038899953e+06
-5.686221565818414092e+00 8.153729699542400176e+37 1.010940907527370029e+06
-5.660246112791355699e+00 8.240459475401749587e+37 1.010975216899089981e+06
-5.633825697645079345e+00 8.325152775351940149e+37 1.011009685593639966e+06
-5.607022303564008325e+00 8.407631152410599853e+37 1.011044208197160042e+06
-5.579748822667170316e+00 8.488022302005700199e+37 1.011078871888739988e+06
-5.551972331013530493e+00 8.566358258418690047e+37 1.011113690230480046e+06
-5.523673869436606765e+00 8.642646262831930344e+37 1.011148658632320003e+06
-5.494913356553297490e+00 8.716667187192579156e+37 1.011183674954160000e+06
-5.465637058368884027e+00 8.788593266410830360e+37 1.011218778103230055e+06
-5.435731242818292230e+00 8.858607285127950476e+37 1.011254070244819974e+06
-5.409245340561028570e+00 8.918845323086690523e+37 1.011284873563020024e+06
-5.386369629530236125e+00 8.969122648363399103e+37 1.011311153093850007e+06
-5.366350715747103095e+00 9.011658778141420415e+37 1.011333905903419945e+06
-5.348185834882315248e+00 9.049031399915359664e+37 1.011354349028869998e+06
-5.329438457440119237e+00 9.085949615936480369e+37 1.011375218809140031e+06
-5.297161468130070716e+00 9.143893469110449597e+37 1.011410492020730046e+06
-5.264552118489518762e+00 9.202380701446530471e+37 1.011445407232959988e+06
-5.231229190598241985e+00 9.259030438393020644e+37 1.011480396382680046e+06
-5.197108808322809637e+00 9.314138877556629595e+37 1.011515508805940044e+06
-5.162319736555218697e+00 9.367596836165100138e+37 1.011550578266639961e+06
-5.126747231057379395e+00 9.419555972354399247e+37 1.011585688175859977e+06
-5.090439512277953327e+00 9.470056475970619626e+37 1.011620758167059976e+06
-5.053326532710343599e+00 9.519223730627570710e+37 1.011655824555219966e+06
-5.015409842191729695e+00 9.567155708943529748e+37 1.011690854550560005e+06
-4.976688693510368466e+00 9.613943526265720690e+37 1.011725820588830044e+06
-4.937109552265610546e+00 9.659777169015440660e+37 1.011760744050379959e+06
-4.896643637737724930e+00 9.704814081189840764e+37 1.011795625132050016e+06
-4.855295962363015860e+00 9.749235337543379582e+37 1.011830437192320009e+06
-4.812994330364745110e+00 9.793283837117620644e+37 1.011865222513410030e+06
-4.769798510125838220e+00 9.837103904714599893e+37 1.011899918578860001e+06
-4.725569032889325172e+00 9.881027458285290250e+37 1.011934627656560042e+06
-4.680364978790748864e+00 9.925225838429840090e+37 1.011969299255670048e+06
-4.634146582742687315e+00 9.969998729593519274e+37 1.012003968881560024e+06
-4.586810321838129312e+00 1.001568276249750044e+38 1.012038721500579966e+06
-4.538443479163106531e+00 1.006246918146220005e+38 1.012073512680129963e+06
-4.488987637392710894e+00 1.011067947775359957e+38 1.012108416283720057e+06
-4.438367651018779725e+00 1.016070247237490033e+38 1.012143521369319991e+06
-4.386516738333739340e+00 1.021286642900380002e+38 1.012178923131490010e+06
-4.333509676042012870e+00 1.026742329584879911e+38 1.012214632129200036e+06
-4.279284635675139725e+00 1.032471168721010036e+38 1.012250766159889987e+06
-4.223807025467976928e+00 1.038509937918550045e+38 1.012287435282950057e+06
-4.167081703955773264e+00 1.044885414134629931e+38 1.012324740147380042e+06
-4.108943450613878667e+00 1.051646037571460058e+38 1.012362905147530022e+06
-4.049404207500629127e+00 1.058823872715120077e+38 1.012402053806880023e+06
-3.988631982065271586e+00 1.066428645501700082e+38 1.012442222552650026e+06
-3.926424226432573050e+00 1.074502570014839945e+38 1.012483708070300054e+06
-3.862677857221569866e+00 1.083086790322450045e+38 1.012526757077959948e+06
-3.797658345953095704e+00 1.092174729075320084e+38 1.012571378950739978e+06
-3.731129877734929323e+00 1.101804784660320078e+38 1.012617941400769982e+06
-3.663078906538430601e+00 1.111999925794290080e+38 1.012666672969670035e+06
-3.593655509699601680e+00 1.122751627807270029e+38 1.012717688363209949e+06
-3.522567670326679945e+00 1.134099990009929930e+38 1.012771453648490016e+06
-3.450111218146048486e+00 1.146013454597159973e+38 1.012827986802920001e+06
-3.376068058481905609e+00 1.158509352471620019e+38 1.012887714118349948e+06
-3.300586452300194651e+00 1.171561800095180001e+38 1.012950771345430054e+06
-3.223490076663438231e+00 1.185175847281989918e+38 1.013017572973589995e+06
-3.144935948948841542e+00 1.199309971511240055e+38 1.013088243914530030e+06
-3.064783313777297735e+00 1.213951606219679971e+38 1.013163179232369992e+06
-2.983200351125560701e+00 1.229042922432760066e+38 1.013242477040539961e+06
-2.899987037410028279e+00 1.244567892068990090e+38 1.013326595445530023e+06
-2.815353844023775309e+00 1.260451204332590042e+38 1.013415567894399981e+06
-2.729214801453053951e+00 1.276645860768290002e+38 1.013509724762159982e+06
-2.641543948673643172e+00 1.293099180034489922e+38 1.013609328496980015e+06
-2.552489661495201290e+00 1.309724979584929999e+38 1.013714423775259987e+06
-2.461962225497700274e+00 1.326464393106800054e+38 1.013825318314020056e+06
-2.369900614314246923e+00 1.343257485469130076e+38 1.013942282969900058e+06
-2.276514450029935688e+00 1.360000915915000064e+38 1.014065213846710045e+06
-2.181742916116490960e+00 1.376612069487249973e+38 1.014194330446169944e+06
-2.085547994880471379e+00 1.393040624789770045e+38 1.014329812080399948e+06
-1.987941420637071133e+00 1.409204649778950027e+38 1.014471743854549946e+06
-1.889045567950233817e+00 1.425000780284790006e+38 1.014620010114109959e+06
-1.788854507089126855e+00 1.440355121977840047e+38 1.014774649925090023e+06
-1.687331530731171370e+00 1.455204088242959913e+38 1.014935719070540043e+06
-1.584481023834086955e+00 1.469475381829969918e+38 1.015103173952940037e+06
-1.480286147445440292e+00 1.483098816406630034e+38 1.015276958939359989e+06
-1.374752424191683531e+00 1.496009563884009934e+38 1.015456950731729972e+06
-1.267865011817775667e+00 1.508144368341489951e+38 1.015643004040700034e+06
-1.159633299103006721e+00 1.519448811443850073e+38 1.015834877644750057e+06
-1.050084781076293439e+00 1.529859700883950054e+38 1.016032237588759977e+06
-9.391748933121562004e-01 1.539330249064579959e+38 1.016234821008380037e+06
-8.268938225228339434e-01 1.547816402370639975e+38 1.016442235856589978e+06
-7.131884134723804891e-01 1.555280335821059961e+38 1.016654100656089955e+06
-5.980690832366235554e-01 1.561684444115189957e+38 1.016869841444130056e+06
-4.815164437168277800e-01 1.566995123987840025e+38 1.017088859914220055e+06
-3.634862446342594922e-01 1.571184415080849967e+38 1.017310520447100047e+06
-2.439363828161731362e-01 1.574229040582389980e+38 1.017534094851940055e+06
-1.227951581240631640e-01 1.576108770813719912e+38 1.017758814651199966e+06
0.000000000000000000e+00 1.576807913654460023e+38 1.017983789546329994e+06
1.245556990616023540e-01 1.576311993148050008e+38 1.018208096845970023e+06
2.509513446129858494e-01 1.574612608626169957e+38 1.018430650409610011e+06
3.791213171789422631e-01 1.571713644552690071e+38 1.018649978575789952e+06
5.092077075969427824e-01 1.567606492411969918e+38 1.018864853595010005e+06
6.413556565530598164e-01 1.562290927407970032e+38 1.019073904530080035e+06
7.755918337497860193e-01 1.555779179604840031e+38 1.019275413101959974e+06
9.119721212191507220e-01 1.548082197449030011e+38 1.019467576074989978e+06
1.044756239454727620e+00 1.539808664618189940e+38 1.019641570645419997e+06
1.164084781485144049e+00 1.531960364007210076e+38 1.019786583215559949e+06
1.271857982152141631e+00 1.524284745664209957e+38 1.019907754979129997e+06
1.368734642339404672e+00 1.516967081450039932e+38 1.020008330623390037e+06
1.455611693963874131e+00 1.510077045201299939e+38 1.020091512162250001e+06
1.533212622976861894e+00 1.503676027361189997e+38 1.020160005042999983e+06
1.602256097248755395e+00 1.497793452340239957e+38 1.020216201464970014e+06
1.663448799052275717e+00 1.492438330771309969e+38 1.020262181610260042e+06
1.717555649636778980e+00 1.487594413214240079e+38 1.020299777909260010e+06
1.765452301478944719e+00 1.483219030728020002e+38 1.020330614573679981e+06
1.808163491135928780e+00 1.479240774805319975e+38 1.020356135436789948e+06
1.847041301080025733e+00 1.475541642780519965e+38 1.020377701546060038e+06
1.883990443893708289e+00 1.471932002457150032e+38 1.020396669552640058e+06
1.923765270272269845e+00 1.467859776677109918e+38 1.020415273869580007e+06
2.002917174831964076e+00 1.458655278497920091e+38 1.020444796776670031e+06
2.086784012499265373e+00 1.449697110430489941e+38 1.020467226249950007e+06
2.180479475355241448e+00 1.439264620658830027e+38 1.020481161359910038e+06
2.293559884827118367e+00 1.426130777790349989e+38 1.020481202309570042e+06
2.432461296324618161e+00 1.409541150309879986e+38 1.020455025486420025e+06
2.596854070434346795e+00 1.389634383415009977e+38 1.020386281886019977e+06
2.765170463302638382e+00 1.369525726353350011e+38 1.020275897120640031e+06
2.938100143685005605e+00 1.348727091149489942e+38 1.020120205404049950e+06
3.115779448882676661e+00 1.327355371826929937e+38 1.019915914159470005e+06
3.298304501106031239e+00 1.305507356641049946e+38 1.019660204893979942e+06
3.486032627872191370e+00 1.283248401255320021e+38 1.019350396432240028e+06
3.678974813898093998e+00 1.260705811439270030e+38 1.018985166674160049e+06
3.877506959019228816e+00 1.237958062301209973e+38 1.018563583304379950e+06
4.081887629115954041e+00 1.215113649159350052e+38 1.018086343914230005e+06
4.292645602603442967e+00 1.192255464290709994e+38 1.017555350798200001e+06
4.509802156535442919e+00 1.169540194007940062e+38 1.016976474624839961e+06
4.733992938185110688e+00 1.147051356831710079e+38 1.016357496697620023e+06
4.952716408006381243e+00 1.126301728190250017e+38 1.015747548822170007e+06
5.147125530405901372e+00 1.109001661836449936e+38 1.015212817567239981e+06
5.325090981670655310e+00 1.093822082944840012e+38 1.014739258655379992e+06
5.491944123932626098e+00 1.080164280548409999e+38 1.014317286102809943e+06
5.651867395557928830e+00 1.067590687955870087e+38 1.013939605033020023e+06
5.808548513916321099e+00 1.055753284656919941e+38 1.013600339954309980e+06
5.965618827554862946e+00 1.044344834864020035e+38 1.013294566572629963e+06
6.127040131716057658e+00 1.033063638150729982e+38 1.013018018312299973e+06
6.297536470519844443e+00 1.021583185525040043e+38 1.012766869092150009e+06
6.483152139582671225e+00 1.009524073779940092e+38 1.012537544107630034e+06
6.692010369210038334e+00 9.964294540724329723e+37 1.012326537546479958e+06
6.935308795713353902e+00 9.817584095822550142e+37 1.012130266058870009e+06
7.228467909793835133e+00 9.649309200375460482e+37 1.011945037619199953e+06
7.549239669344387949e+00 9.480604976850339848e+37 1.011785272337940056e+06
7.884188993135467172e+00 9.320093298196159439e+37 1.011651028524860041e+06
8.234449157258495688e+00 9.166331359298820318e+37 1.011535497613089974e+06
8.600975662760902196e+00 9.019356807117560335e+37 1.011433958007459994e+06
8.984901709307450801e+00 8.879288365840370030e+37 1.011343124544369988e+06
9.366660438769031316e+00 8.754736062022730801e+37 1.011264716462539975e+06
9.705082657863385975e+00 8.658309986359459090e+37 1.011203195647559944e+06
1.000466923980275169e+01 8.579650609202470068e+37 1.011153893789299997e+06
1.027034374943468720e+01 8.513780352588150706e+37 1.011113519173469977e+06
1.050652402627747506e+01 8.457705936713329892e+37 1.011079846191679942e+06
1.071701171842869371e+01 8.409415193781150127e+37 1.011051344804720022e+06
1.090492598892888054e+01 8.367491105118839934e+37 1.011026948401979986e+06
1.107318605598993599e+01 8.330777791493170316e+37 1.011005849542369950e+06
1.122347036853898317e+01 8.298650117679330437e+37 1.010987542436740012e+06
1.135797701257979497e+01 8.270343632344700294e+37 1.010971551590680028e+06
1.147802208177745342e+01 8.245447051511660288e+37 1.010957571174459998e+06
1.158493121032370254e+01 8.223553257573370423e+37 1.010945337536660023e+06
1.167996146512450650e+01 8.204300801145500099e+37 1.010934625296100043e+06
1.176448440318927169e+01 8.187316096730079545e+37 1.010925218800690025e+06
1.184016116271959618e+01 8.172168371022590237e+37 1.010916886746210046e+06
1.191009037400363013e+01 8.158061611688839969e+37 1.010909253700089990e+06
1.198121318238554522e+01 8.143177077015480141e+37 1.010901526644350030e+06
1.210654922109097242e+01 8.111283923753920457e+37 1.010887795868710033e+06
1.225434542103903368e+01 8.073682790715190124e+37 1.010871467008010019e+06
1.243952935305424035e+01 8.025603703663470197e+37 1.010850905415729969e+06
1.264432939549442381e+01 7.975054475567989615e+37 1.010828270134820021e+06
1.286767816450446844e+01 7.922245549721999976e+37 1.010803963847139967e+06
1.306541914830449969e+01 7.881120647764739601e+37 1.010783047796680010e+06
1.324363485071808100e+01 7.845778979060069720e+37 1.010764762221649988e+06
1.340308212343370542e+01 7.815024366809909997e+37 1.010748834922589944e+06
1.354608939436729997e+01 7.787775783556090148e+37 1.010734871121510048e+06
1.367400357680162415e+01 7.763601831994849926e+37 1.010722613653269946e+06
1.378819461225066334e+01 7.742143073640220032e+37 1.010711839394290000e+06
1.389001505845226347e+01 7.723084377818409730e+37 1.010702354218560038e+06
1.398072857211809605e+01 7.706149318347740274e+37 1.010693990931620006e+06
1.406282534083584324e+01 7.690737390381420044e+37 1.010686483928289963e+06
1.414020792779047042e+01 7.675915105240330381e+37 1.010679446516030002e+06
1.422486215428216383e+01 7.658510447194149812e+37 1.010671735876359977e+06
1.439332406502217054e+01 7.614570343996470045e+37 1.010655999846299994e+06
1.457082185021135956e+01 7.572006182130849581e+37 1.010639192902539973e+06
1.477101435489021242e+01 7.524482861889620283e+37 1.010620206293880008e+06
1.495619703351985663e+01 7.484686444260809727e+37 1.010602851415960002e+06
1.512181026086909696e+01 7.451093510727309635e+37 1.010587621668669977e+06
1.527059862157329917e+01 7.421575720497119669e+37 1.010574191581379971e+06
1.540389769052853808e+01 7.395412500285019602e+37 1.010562354157150025e+06
1.552312304574297741e+01 7.372127628323090299e+37 1.010551911432479974e+06
1.562969372444786131e+01 7.351358183642490026e+37 1.010542682654449949e+06
1.572514221811434254e+01 7.332747307816149769e+37 1.010534492150499951e+06
1.581239963858388364e+01 7.315564181636410358e+37 1.010527055750909960e+06
1.589689934090711176e+01 7.298420103029459718e+37 1.010519878448480042e+06
1.600194600393297151e+01 7.274577038565050047e+37 1.010510890289259958e+06
1.613628553121816367e+01 7.241702769080609718e+37 1.010499239806059981e+06
1.625537875882582739e+01 7.214991089929459992e+37 1.010488863294200040e+06
1.636207649210700765e+01 7.191724449879090280e+37 1.010479597119039972e+06
1.645812633517198265e+01 7.171069250566439959e+37 1.010471288487939979e+06
1.654668059234973043e+01 7.151969899191739976e+37 1.010463655761210015e+06
1.663544551568338647e+01 7.132160884796830304e+37 1.010456007839699974e+06
1.677228437486337498e+01 7.096339187625109627e+37 1.010444039280400029e+06
1.693434101750608534e+01 7.054031180966460185e+37 1.010429665218409966e+06
1.713172487681731582e+01 7.002315342409600077e+37 1.010412037465680041e+06
1.734506626083748415e+01 6.949587497119850219e+37 1.010393120690449956e+06
1.753441156190820038e+01 6.907940417625519837e+37 1.010376711654369952e+06
1.770481752033811063e+01 6.871928321703409605e+37 1.010362325537670054e+06
1.785869271843694150e+01 6.840020167131519799e+37 1.010349633094409946e+06
1.799686047842260450e+01 6.811762764500530366e+37 1.010338459466009983e+06
1.812082701362669468e+01 6.786638086813089731e+37 1.010328598839669954e+06
1.823194446286652237e+01 6.764270142310289861e+37 1.010319879062430002e+06
1.833312660461524501e+01 6.743856034938169558e+37 1.010312024486909970e+06
1.842861242487560958e+01 6.724296857326330459e+37 1.010304666953420034e+06
1.853237429686123505e+01 6.701615327157539894e+37 1.010296650579010020e+06
1.873886042204685509e+01 6.645972173788709807e+37 1.010280282269280055e+06
1.892451400874415413e+01 6.604502720013010213e+37 1.010265580244840006e+06
1.909152369858929887e+01 6.569408490157769971e+37 1.010252583688920015e+06
1.924176534329308197e+01 6.538713970482250462e+37 1.010241103371729958e+06
1.937683454039506614e+01 6.511491157275820100e+37 1.010230952670520055e+06
1.949832037760643288e+01 6.487191295911059589e+37 1.010221951820529997e+06
1.960829003941034898e+01 6.465246554601700055e+37 1.010213898648470058e+06
1.971062606660416350e+01 6.444626167406310088e+37 1.010206468904330046e+06
1.981518004683312029e+01 6.422620533475900106e+37 1.010198896381529979e+06
2.000254154315916821e+01 6.374482632053689531e+37 1.010185016494530020e+06
2.019369043066399172e+01 6.330779638637419604e+37 1.010170795116010006e+06
2.040889907936798409e+01 6.281834501654399703e+37 1.010154917335510021e+06
2.060259605187457055e+01 6.242557440660910119e+37 1.010140928131190012e+06
2.077799888857407495e+01 6.208255856771530318e+37 1.010128572876650025e+06
2.093616862158523872e+01 6.177937930298289908e+37 1.010117672178189969e+06
2.107872463873354718e+01 6.150916285389579661e+37 1.010108025434609968e+06
2.120695734641049057e+01 6.126810221059989634e+37 1.010099475105489953e+06
2.132403113128384575e+01 6.104763679969830177e+37 1.010091758792930050e+06
2.143406639253953472e+01 6.083775864086359955e+37 1.010084562406189973e+06
2.155000202171504498e+01 6.060355660236119600e+37 1.010076974848469952e+06
2.173576614382909611e+01 6.016063234657020112e+37 1.010064554127729964e+06
2.190126876841532066e+01 5.982508469346640028e+37 1.010053485350420000e+06
2.205056951218284667e+01 5.953419152347040275e+37 1.010043629077329999e+06
2.218501100526191294e+01 5.927737503232370420e+37 1.010034870380230015e+06
2.230762857006629929e+01 5.904383202811439812e+37 1.010026974604979972e+06
2.242260505154263228e+01 5.882260624501320052e+37 1.010019633729559951e+06
2.254164304368896410e+01 5.858219973400209985e+37 1.010012041276879958e+06
2.277501774748088792e+01 5.800095351834400115e+37 1.009996701729289955e+06
2.297658534348011017e+01 5.760382056269630430e+37 1.009983577737540007e+06
2.316650217783171684e+01 5.723697638232960199e+37 1.009971489911239943e+06
2.333796527003869414e+01 5.691818685934020201e+37 1.009960807556429994e+06
2.349301248975098133e+01 5.663412515119380211e+37 1.009951330466039944e+06
2.363311398000223562e+01 5.638000700994529921e+37 1.009942900663490058e+06
2.376179318403592333e+01 5.614644756310970197e+37 1.009935253461259999e+06
2.388366683304775506e+01 5.592260822228549956e+37 1.009928070327540045e+06
2.401410616468638182e+01 5.566810209782680243e+37 1.009920369685449987e+06
2.420823004847625270e+01 5.523547335528589822e+37 1.009908696510780021e+06
2.438060729764401913e+01 5.491017960553759984e+37 1.009898377303099958e+06
2.453719951235689223e+01 5.462424553300720171e+37 1.009889150176609983e+06
2.467981796321691945e+01 5.436792353050919826e+37 1.009880871657090029e+06
2.481125522218644619e+01 5.413238570859589947e+37 1.009873336994420039e+06
2.493798666849033907e+01 5.390112359439800397e+37 1.009866130556029966e+06
2.508344299282180145e+01 5.361271289183650247e+37 1.009857817042420036e+06
2.529466535936808214e+01 5.315186793936139766e+37 1.009845549819580046e+06
2.548356928920838982e+01 5.280614806899070319e+37 1.009834696141449967e+06
2.565470623504370451e+01 5.250566840407830172e+37 1.009825072316579986e+06
2.581011396442772821e+01 5.223811456465309578e+37 1.009816503294249997e+06
2.595232881564879790e+01 5.199523779646969671e+37 1.009808788668610039e+06
2.608608381834346801e+01 5.176536308309009687e+37 1.009801619738479960e+06
2.622343668795656413e+01 5.151911359738579796e+37 1.009794284477490000e+06
2.645927696448052302e+01 5.101245464993169798e+37 1.009781377770600026e+06
2.667430507706012577e+01 5.063771034902949659e+37 1.009769760427269968e+06
2.689775117376120761e+01 5.024498823685919558e+37 1.009757952766460017e+06
2.710016267525497824e+01 4.991904270274329543e+37 1.009747537484640023e+06
2.728391821734840050e+01 4.963085687153819799e+37 1.009738315600409987e+06
2.745114503003424034e+01 4.937197081800939566e+37 1.009730088957929984e+06
2.760424357675947249e+01 4.913636532232979792e+37 1.009722673265079968e+06
2.774798744276631624e+01 4.891340526184380459e+37 1.009715784717569943e+06
2.789283995598088950e+01 4.868003887360089856e+37 1.009708862723300001e+06
2.810029039485380054e+01 4.829053622719020428e+37 1.009698731468820013e+06
2.830479780759196728e+01 4.795129669297670070e+37 1.009688758500840049e+06
2.849033428472466767e+01 4.766500351594510224e+37 1.009679862847300014e+06
2.865965484903426841e+01 4.740855354106870268e+37 1.009671886892140028e+06
2.881571652472484857e+01 4.717342063587850395e+37 1.009664642346390057e+06
2.896426427282858640e+01 4.694689647315849723e+37 1.009657811596910004e+06
2.912106555537320673e+01 4.669373338353130173e+37 1.009650588487189962e+06
2.931430703017394990e+01 4.635480028226910348e+37 1.009641558401430026e+06
2.948988287826068699e+01 4.608246637473049933e+37 1.009633401236700010e+06
2.965178940584883094e+01 4.583631303705199799e+37 1.009625976072130026e+06
2.980521774338558316e+01 4.560230176501740162e+37 1.009619013617770048e+06
2.996289592777611688e+01 4.535206293338910112e+37 1.009611876003619982e+06
3.022006985300686210e+01 4.486985276814200384e+37 1.009599935413029976e+06
3.045072310033719987e+01 4.452613345874590303e+37 1.009589433746970026e+06
3.072434154443908483e+01 4.408792625547689989e+37 1.009577230341290007e+06
3.097162362682865933e+01 4.374912187406100447e+37 1.009566577696330030e+06
3.119730947760399431e+01 4.344956438702170229e+37 1.009557171514929971e+06
3.140301885950611904e+01 4.318148890717529637e+37 1.009548812664150028e+06
3.159134645230369642e+01 4.293853765418789939e+37 1.009541305233129999e+06
3.176521739212330431e+01 4.271519175569360262e+37 1.009534469980850001e+06
3.193055318074766546e+01 4.250026368138070140e+37 1.009528025701410021e+06
3.210106891102623194e+01 4.226735546610790002e+37 1.009521367131039966e+06
3.237632635689806193e+01 4.181575627743550216e+37 1.009510237180280033e+06
3.261703832575585693e+01 4.151046279338580113e+37 1.009500681029109983e+06
3.284253314428497106e+01 4.122386529560229855e+37 1.009491941876180004e+06
3.304870076460065320e+01 4.096778545943599791e+37 1.009484104914820055e+06
3.323779643117450178e+01 4.073440856135889846e+37 1.009477022112600040e+06
3.341519729461288080e+01 4.051356457386540218e+37 1.009470440522150020e+06
3.358847473777132109e+01 4.029269222936650031e+37 1.009464032320310012e+06
3.378570721391588449e+01 4.001697984434800085e+37 1.009456628467060043e+06
3.401380238309502602e+01 3.968997466855420204e+37 1.009447939988409984e+06
3.422220192459644750e+01 3.942501221497159782e+37 1.009440079425600008e+06
3.441474959568586200e+01 3.918410485471470196e+37 1.009432923375369981e+06
3.459628173033706844e+01 3.895595822076159998e+37 1.009426247337469948e+06
3.477620374446269125e+01 3.872338340613130184e+37 1.009419651880790014e+06
3.499363628181163222e+01 3.841055256016500083e+37 1.009411534671830013e+06
3.520776924787787721e+01 3.812421147678269957e+37 1.009403527340090019e+06
3.540460869338130578e+01 3.787360350329460064e+37 1.009396248165859957e+06
3.559036870574345812e+01 3.763675832616880202e+37 1.009389451645800029e+06
3.577492488228017464e+01 3.739598009460120042e+37 1.009382729357920005e+06
3.599524705507792532e+01 3.708045820656930232e+37 1.009374580078240018e+06
3.621569659205852076e+01 3.678406510158679787e+37 1.009366423982479959e+06
3.641846391523722559e+01 3.652668416024500147e+37 1.009359020822499995e+06
3.660996748943580315e+01 3.628428078746859783e+37 1.009352119300590013e+06
3.679830627585761249e+01 3.604294643149559860e+37 1.009345385689310031e+06
3.701517726125894114e+01 3.574254966946170218e+37 1.009337554123410024e+06
3.724687953479588032e+01 3.542864566699770109e+37 1.009329164069719962e+06
3.745930065488209948e+01 3.516502469556439851e+37 1.009321589195079985e+06
3.765844947856385261e+01 3.492051221119300086e+37 1.009314603582539945e+06
3.785128583980258554e+01 3.468271900562240207e+37 1.009307918345749960e+06
3.805670091981301084e+01 3.441787454505369888e+37 1.009300795707419980e+06
3.833404206903651357e+01 3.402631263285999802e+37 1.009291018837179989e+06
3.858368205017177388e+01 3.373338756278060115e+37 1.009282417142170016e+06
3.881356136495014653e+01 3.346932376575909935e+37 1.009274698925959994e+06
3.902587205852614716e+01 3.322883332580699770e+37 1.009267712154099951e+06
3.922729783761315048e+01 3.300034525901350212e+37 1.009261178316149977e+06
3.942862660478567705e+01 3.276729610182059836e+37 1.009254689534330042e+06
3.966545307927299291e+01 3.246947835466089921e+37 1.009246952455529943e+06
3.990510934888152406e+01 3.218370571622330143e+37 1.009239121428239974e+06
4.012566135288216174e+01 3.193672473735050128e+37 1.009232021933850017e+06
4.033423822280019522e+01 3.170386944031310184e+37 1.009225399841969949e+06
4.053899648028891534e+01 3.147323683515129808e+37 1.009218956346860039e+06
4.076383944111876190e+01 3.120543623808250163e+37 1.009211838594289962e+06
4.101629621180472896e+01 3.089808754817779935e+37 1.009203769412030000e+06
4.124785401060944423e+01 3.064424331415850172e+37 1.009196481726550031e+06
4.146414654870750383e+01 3.041051494645599864e+37 1.009189790117800003e+06
4.167334644228685647e+01 3.018378171211159992e+37 1.009183399247989990e+06
4.189086954999947920e+01 2.994142305258979963e+37 1.009176778908189968e+06
4.215733892127173021e+01 2.962154316426190153e+37 1.009168546584630036e+06
4.240029847383266315e+01 2.936480158232029787e+37 1.009161144209419959e+06
4.262584336375584826e+01 2.913039633239479920e+37 1.009154403488529962e+06
4.284134829172398895e+01 2.890762892402100170e+37 1.009148063148719957e+06
4.305703213677043095e+01 2.868305939729830163e+37 1.009141780441849958e+06
4.330877532943850383e+01 2.840255794346259814e+37 1.009134387035659980e+06
4.363524684181902558e+01 2.803119297415209768e+37 1.009124758393210010e+06
4.394388190790778026e+01 2.773678815087829797e+37 1.009115981900279992e+06
4.435240289062494412e+01 2.732165540032840041e+37 1.009104711578889983e+06
4.480030422081472352e+01 2.692934206749849977e+37 1.009093011439190013e+06
4.519855262932833284e+01 2.663244143430989953e+37 1.009083228548399988e+06
4.555625772516941652e+01 2.636955750608720133e+37 1.009074783231360023e+06
4.587765104637946934e+01 2.613631540948990043e+37 1.009067377496290021e+06
4.617005278926808387e+01 2.592499820589790136e+37 1.009060744924120023e+06
4.643781362380832434e+01 2.573274527384869971e+37 1.009054738522059983e+06
4.668518840899923816e+01 2.555529253989360161e+37 1.009049228923690040e+06
4.692066155985230580e+01 2.538360606505719827e+37 1.009043997267890023e+06
4.715421394689474255e+01 2.520846276697080045e+37 1.009038789625399979e+06
4.741201356245437637e+01 2.499979701065660099e+37 1.009032927830490051e+06
4.780664113879902288e+01 2.463460665901629819e+37 1.009023552118359949e+06
4.810170321678742766e+01 2.444698706230120102e+37 1.009016823566569947e+06
4.842537145252572373e+01 2.419194517837540048e+37 1.009009518577230047e+06
4.871871464501600713e+01 2.398658330367090164e+37 1.009003032233349979e+06
4.898829209315590560e+01 2.379962661519169795e+37 1.008997173297169968e+06
4.923976169602246955e+01 2.362486462133929829e+37 1.008991766205559950e+06
4.948245724901789799e+01 2.345310154404319803e+37 1.008986566711760010e+06
4.973177205532556400e+01 2.326938480467700102e+37 1.008981194022109965e+06
5.003567435237346217e+01 2.302046585577969935e+37 1.008974437820889987e+06
5.032256301183952019e+01 2.280542306730700191e+37 1.008968028145969962e+06
5.058695205952972174e+01 2.261179848894010020e+37 1.008962179843829945e+06
5.083787027589278296e+01 2.242760196100840127e+37 1.008956675371709978e+06
5.108673030079808086e+01 2.224260293029960089e+37 1.008951236438889988e+06
5.135869662195909768e+01 2.203115998224149898e+37 1.008945249645160045e+06
5.173329607915366068e+01 2.170990369189039837e+37 1.008936747890040046e+06
5.205384483694797382e+01 2.149048151740939926e+37 1.008929692571060034e+06
5.236103759158868343e+01 2.127403481152209978e+37 1.008923094683059957e+06
5.264357058960013092e+01 2.108402660762689894e+37 1.008917162270909990e+06
5.290828305139439180e+01 2.090763513165010014e+37 1.008911695021259948e+06
5.316540508647449315e+01 2.073496614892850098e+37 1.008906434283450013e+06
5.343245637806830928e+01 2.054977558113889884e+37 1.008900965168699971e+06
5.377089967997744679e+01 2.029034245182699963e+37 1.008893842582950019e+06
5.408152243221411481e+01 2.007819500358440036e+37 1.008887331922439975e+06
5.436716306424932554e+01 1.988668391238590102e+37 1.008881439686740050e+06
5.463623552210628986e+01 1.970779897570620005e+37 1.008875962436010013e+06
5.490026924182893708e+01 1.953163676464649981e+37 1.008870633010710008e+06
5.518072750978171825e+01 1.933888475353460017e+37 1.008864966567769996e+06
5.556517749972408637e+01 1.904746481905829956e+37 1.008856990798859973e+06
5.594060628232546151e+01 1.879824838367379948e+37 1.008849327485510032e+06
5.628045010956702754e+01 1.858921637513310090e+37 1.008842613968690042e+06
5.659030825411900878e+01 1.840396919982760056e+37 1.008836657127870014e+06
5.687900990969501436e+01 1.823352844573549928e+37 1.008831215834200033e+06
5.715572881250409409e+01 1.807055879588210017e+37 1.008826067288959981e+06
5.743582377512939274e+01 1.790253048535029940e+37 1.008820878215829958e+06
5.775886333844391629e+01 1.769505441075749992e+37 1.008814800729930052e+06
5.828867502685170621e+01 1.732469004462830116e+37 1.008804554479359998e+06
5.872201370977563784e+01 1.710236402590050022e+37 1.008796643272620044e+06
5.914910557755501941e+01 1.687054507269249902e+37 1.008789112339160056e+06
5.953357652184786275e+01 1.667804137194300002e+37 1.008782556046340032e+06
5.988253178092418239e+01 1.650711783435500100e+37 1.008776751513840049e+06
6.020343220257200301e+01 1.635151007031639992e+37 1.008771502030720003e+06
6.050561962334904820e+01 1.620462360122619967e+37 1.008766605793250026e+06
6.080127170821651816e+01 1.605844818627280053e+37 1.008761825738109997e+06
6.111344527744222432e+01 1.589685883866220071e+37 1.008756728458330035e+06
6.153480695589678362e+01 1.565166387410860013e+37 1.008749567845489946e+06
6.199099991208640859e+01 1.540569788970440108e+37 1.008741811744829989e+06
6.240230531303677708e+01 1.520978943518320001e+37 1.008735053399330005e+06
6.277554943511495367e+01 1.503740300894270092e+37 1.008729097367219976e+06
6.311800997180398554e+01 1.488203250303570079e+37 1.008723746042030049e+06
6.344024470477597788e+01 1.473636356029970077e+37 1.008718777765610022e+06
6.375445480534108356e+01 1.459310675486149892e+37 1.008713962517700042e+06
6.408299346733838320e+01 1.443777263507169990e+37 1.008708900695070042e+06
6.450861204299144447e+01 1.421414798054090020e+37 1.008702110786090023e+06
6.509000573935918510e+01 1.391258487959430101e+37 1.008692758939809981e+06
6.568773101421538740e+01 1.365238209378789914e+37 1.008683630263220053e+06
6.637397851928835735e+01 1.336519456541659942e+37 1.008673657751030056e+06
6.698822953371563926e+01 1.314462409741159884e+37 1.008665230445430032e+06
6.753940437280107290e+01 1.295009652558900057e+37 1.008657919454519986e+06
6.803556093131192029e+01 1.277723782891529966e+37 1.008651468617439969e+06
6.848456240689847618e+01 1.262192455624440109e+37 1.008645700112189981e+06
6.889448685641400516e+01 1.248047395166560061e+37 1.008640470892439946e+06
6.927497857424896210e+01 1.234800437793529925e+37 1.008635624151019962e+06
6.963859400531509891e+01 1.221871403747949946e+37 1.008630972187620006e+06
7.000247832102468237e+01 1.208493189426259912e+37 1.008626265196959954e+06
7.040472899086307734e+01 1.192605112476620010e+37 1.008620915363569977e+06
7.111444661719724536e+01 1.160995752132699965e+37 1.008610957205109997e+06
7.177899371343664825e+01 1.136585628104920090e+37 1.008601924094169983e+06
7.237833434768253937e+01 1.115708347079410111e+37 1.008594063758659991e+06
7.292085301043698564e+01 1.097226066894959918e+37 1.008587113478539977e+06
7.341506742313504219e+01 1.080623285688080008e+37 1.008580877026890055e+06
7.386980884004151449e+01 1.065419829934619976e+37 1.008575186994369957e+06
7.429505727224750444e+01 1.051127575865539975e+37 1.008569878955160035e+06
7.470622497465228662e+01 1.037061362676849976e+37 1.008564726138680009e+06
7.512444064236478880e+01 1.022331891712079947e+37 1.008559426575090038e+06
7.560456653189612553e+01 1.004209907717349960e+37 1.008553155394759960e+06
7.622385286266217008e+01 9.791581920683419883e+36 1.008544714587579947e+06
7.678899916238151491e+01 9.589476247302349549e+36 1.008537144172610017e+06
7.731153359881136566e+01 9.406266902276840404e+36 1.008530259639909957e+06
7.780003191996365786e+01 9.237250523383089914e+36 1.008523898455769988e+06
7.826706869114423171e+01 9.075714652623169671e+36 1.008517846323580015e+06
7.873051845841109753e+01 8.914274732500760579e+36 1.008511837101610028e+06
7.922909033601172268e+01 8.735469296692409765e+36 1.008505297552459990e+06
7.992832239245763049e+01 8.466311551255659837e+36 1.008495796217969968e+06
8.062836323882220313e+01 8.212693474921149985e+36 1.008486291190510034e+06
8.127868720208061859e+01 7.990746568129070000e+36 1.008477643769919989e+06
8.188887450424954295e+01 7.786879375138179760e+36 1.008469648154919967e+06
8.246905882237479091e+01 7.595770926046399560e+36 1.008462117813610006e+06
8.303238042513839900e+01 7.411102942247549916e+36 1.008454831372529967e+06
8.360341636615339667e+01 7.222883255561249543e+36 1.008447424615810043e+06
8.423480946419294924e+01 7.011384603975059447e+36 1.008439146634810022e+06
8.519786402839235961e+01 6.682942635244219635e+36 1.008426327990259975e+06
8.604389568860642612e+01 6.416826638275799926e+36 1.008415217884929967e+06
8.692297849850729108e+01 6.144138536017470271e+36 1.008403803349549999e+06
8.777202488068724051e+01 5.896085146299739564e+36 1.008393015484569944e+06
8.860300297202775255e+01 5.657994140813229986e+36 1.008382563836429967e+06
8.942540034290868789e+01 5.428709369969950374e+36 1.008372319305939949e+06
9.027034590218681842e+01 5.197366774374749755e+36 1.008361843993289978e+06
9.118244004575535655e+01 4.957267671550650025e+36 1.008350678438010043e+06
9.238525192131055519e+01 4.650502402681850063e+36 1.008336119606110035e+06
9.354117514053359628e+01 4.366188936058960258e+36 1.008322217584030004e+06
9.516838794189970940e+01 4.012789979664449992e+36 1.008303760106900008e+06
9.696564672439126298e+01 3.672815698039940261e+36 1.008284712579870014e+06
