# time luminosity radius
-2.042013223849062342e+01 4.744478504805849668e+35 1.008199857817530050e+06
-1.772656489189103013e+01 4.967975572979559970e+35 1.008203261720860028e+06
-1.727818556792044546e+01 5.008756637550519908e+35 1.008203886565999943e+06
-1.638591071321570780e+01 5.094853882671490027e+35 1.008205334774289979e+06
-1.461028375235036947e+01 5.311253669058110311e+35 1.008209376323799952e+06
-1.437678089988185093e+01 5.341960720723809788e+35 1.008209942884349963e+06
-1.391211022346396931e+01 5.405021923455690227e+35 1.008211182230159990e+06
-1.298741557739413111e+01 5.551111741653240145e+35 1.008214205295540043e+06
-1.283973942965531023e+01 5.575741229034309766e+35 1.008214709386729985e+06
-1.254586389566247817e+01 5.626223413399310167e+35 1.008215787372180028e+06
-1.196105158301361371e+01 5.738694391038550352e+35 1.008218281499429955e+06
-1.185220353874319699e+01 5.760547118657100081e+35 1.008218761371769942e+06
-1.163559593065292574e+01 5.805333391672539923e+35 1.008219777271370054e+06
-1.120454679054819280e+01 5.903432572968219907e+35 1.008222076144319959e+06
-1.037452389438112732e+01 6.144665548144489818e+35 1.008228128963559982e+06
-9.795722834656771738e+00 6.351962139011620258e+35 1.008233763342109974e+06
-9.352990592749847565e+00 6.555208293210340209e+35 1.008239370240370044e+06
-9.000827367090096232e+00 6.721628935728770102e+35 1.008245078957380028e+06
-8.712118242459837347e+00 6.894393664561670059e+35 1.008250847202019999e+06
-8.448912664956878871e+00 7.092912420566829458e+35 1.008257635992350057e+06
-8.432231756676628720e+00 7.094732011041860328e+35 1.008258079114570050e+06
-8.399036749200604390e+00 7.119941538898449664e+35 1.008258999432409997e+06
-8.334023604431422427e+00 7.170387135328899574e+35 1.008260919263190008e+06
-8.210407449303602334e+00 7.276082519213999946e+35 1.008265117635100032e+06
-8.121037650853395462e+00 7.357757808848890555e+35 1.008268532110780012e+06
-8.048850394829059951e+00 7.429052584760419784e+35 1.008271599206599989e+06
-7.987445049257075880e+00 7.484205685204670624e+35 1.008274485745940008e+06
-7.945331952825654298e+00 7.538475025861159914e+35 1.008276621568480041e+06
-7.914834886098105926e+00 7.572772097187609738e+35 1.008278264480310027e+06
-7.890998692222638056e+00 7.601032665285490443e+35 1.008279612790270010e+06
-7.871525457216193900e+00 7.622551858165029828e+35 1.008280762533699977e+06
-7.854360726414597593e+00 7.645860570383310384e+35 1.008281817083440023e+06
-7.837639243662124500e+00 7.662912727920179349e+35 1.008282888464960037e+06
-7.817547669357736595e+00 7.688609813968160399e+35 1.008284247857469949e+06
-7.782747111858043354e+00 7.732601505636889724e+35 1.008286875732699991e+06
-7.753239719400880858e+00 7.774169701897759839e+35 1.008289329142119968e+06
-7.730393161196843721e+00 7.805447042805660097e+35 1.008291384749989957e+06
-7.711031571794592310e+00 7.831478287190210284e+35 1.008293265215569991e+06
-7.697622600724571384e+00 7.850537084229900100e+35 1.008294630790960044e+06
-7.679288146217004396e+00 7.876638455390780295e+35 1.008296726535929949e+06
-7.658183503044710960e+00 7.908140817300520376e+35 1.008299559268909972e+06
-7.636693615393596701e+00 7.948737364493740163e+35 1.008302852508540032e+06
-7.617400660936255008e+00 7.979731501189180217e+35 1.008306037871790002e+06
-7.598217635168111883e+00 8.008628675415040275e+35 1.008309372436580015e+06
-7.579770933894906193e+00 8.031062589137479336e+35 1.008312745261700009e+06
-7.563638998442911543e+00 8.063047287753259722e+35 1.008315841159829986e+06
-7.547681401083536912e+00 8.090694669724309558e+35 1.008319017778850044e+06
-7.531263510951248463e+00 8.121025424924940058e+35 1.008322389792870032e+06
-7.514755292366317008e+00 8.149740082300170354e+35 1.008325874833869981e+06
-7.496916655021777842e+00 8.196976031704589309e+35 1.008329800873639993e+06
-7.479348538669000845e+00 8.233212782821280207e+35 1.008333795790159958e+06
-7.461823952602571808e+00 8.292265763931140514e+35 1.008338160111190053e+06
-7.444089093150978442e+00 8.387188012202909912e+35 1.008342787231210037e+06
-7.426000267718336545e+00 8.567761320179659896e+35 1.008347676141540054e+06
-7.407320498554327060e+00 8.961444017873869371e+35 1.008352976983129978e+06
-7.388111800682963803e+00 9.954038999646609387e+35 1.008358894466169993e+06
-7.371086914048646577e+00 1.172081147283599987e+36 1.008364365936320042e+06
-7.355057357475743629e+00 1.362087686299410133e+36 1.008369678857599967e+06
-7.339799388995743357e+00 1.803944495441549871e+36 1.008374907690039952e+06
-7.325329598708776757e+00 1.961485279437930032e+36 1.008379996901790029e+06
-7.311387738598568831e+00 2.192349765949200098e+36 1.008384921086749993e+06
-7.292115755590202753e+00 2.842370774691590182e+36 1.008392044282380026e+06
-7.272938863956369460e+00 4.470901529953669825e+36 1.008399774104909971e+06
-7.253071143524721265e+00 4.736246120049270062e+36 1.008408105056739994e+06
-7.233344329579267651e+00 5.010294454922510141e+36 1.008416702742010006e+06
-7.213763882558851037e+00 5.347790628904880166e+36 1.008425680443090037e+06
-7.194359294597234111e+00 5.884630187509719794e+36 1.008435090097739943e+06
-7.175042531918734312e+00 6.302387487547949802e+36 1.008444861406720011e+06
-7.155812783545115963e+00 6.735106131034120479e+36 1.008454976147020003e+06
-7.138346042622288223e+00 7.353986786635370001e+36 1.008464596803950029e+06
-7.121968297447892837e+00 7.791102174792049825e+36 1.008474014117829967e+06
-7.106972638772276696e+00 8.211986306611470094e+36 1.008482972644350026e+06
-7.092927825957303867e+00 8.621577325152530298e+36 1.008491672541129985e+06
-7.079906846825906541e+00 9.228290279996609923e+36 1.008500141515339958e+06
-7.067517779243644327e+00 9.634798136230570459e+36 1.008508470112400013e+06
-7.055569629425008316e+00 1.003338993030850019e+37 1.008516747336670058e+06
-7.044256428423977923e+00 1.042008037688580020e+37 1.008524800138200051e+06
-7.032924287312198430e+00 1.081342749606219948e+37 1.008533088998459978e+06
-7.021720098280638922e+00 1.121155143351299966e+37 1.008541503743389971e+06
-7.010073987199575640e+00 1.164021762648440015e+37 1.008550524076599977e+06
-6.998062791230040602e+00 1.235901641144450068e+37 1.008560279152799980e+06
-6.985483476462832186e+00 1.286298819860809941e+37 1.008570813843440032e+06
-6.973667459227726795e+00 1.334279782433080019e+37 1.008580989776880015e+06
-6.962305175824440084e+00 1.380857817343009904e+37 1.008591036615579971e+06
-6.951241079957981128e+00 1.426616284282509964e+37 1.008601066289920011e+06
-6.940430649097834248e+00 1.471589131924060074e+37 1.008611103156100027e+06
-6.929845381382619962e+00 1.515870085912670081e+37 1.008621156932680053e+06
-6.919244438999157865e+00 1.559954650227379884e+37 1.008631454278149991e+06
-6.908685188878735062e+00 1.603796125083730068e+37 1.008641936503850040e+06
-6.898092910843843129e+00 1.647704244786970077e+37 1.008652679991399986e+06
-6.887106216723623220e+00 1.693115369173590112e+37 1.008664068180060014e+06
-6.875930125373997726e+00 1.738958168355229927e+37 1.008675903682789998e+06
-6.864666562105412595e+00 1.784783313152799945e+37 1.008688081554759992e+06
-6.853349908655218314e+00 1.829859740331889885e+37 1.008700565775959985e+06
-6.841960036319505889e+00 1.873983387514780094e+37 1.008713382837009965e+06
-6.830197785464406479e+00 1.918108908230300107e+37 1.008726878586539999e+06
-6.818231663033657242e+00 1.961590349231850020e+37 1.008740884336180054e+06
-6.806395243795122951e+00 2.003118434575509969e+37 1.008754997677810024e+06
-6.794625774266023654e+00 2.042792119761499987e+37 1.008769284272899968e+06
-6.783108096329669934e+00 2.079933311102240104e+37 1.008783508735110052e+06
-6.771606976864859462e+00 2.115352207001449988e+37 1.008797954924670048e+06
-6.759967842604964972e+00 2.149621842522179998e+37 1.008812786703879945e+06
-6.748242255373043008e+00 2.182568664258950070e+37 1.008827933890899993e+06
-6.736574035465309862e+00 2.213854264155139776e+37 1.008843187421779963e+06
-6.724819972747354768e+00 2.243996726111229852e+37 1.008858714629880036e+06
-6.713250808410521131e+00 2.272205003764589923e+37 1.008874132918230025e+06
-6.701423498569056392e+00 2.300181684176860027e+37 1.008890003495680052e+06
-6.689599245641147718e+00 2.326944057639139906e+37 1.008905955140550039e+06
-6.677560567790351342e+00 2.353527460256759964e+37 1.008922266708050040e+06
-6.665071335359243676e+00 2.381813519877900115e+37 1.008939258108790033e+06
-6.652089074421382975e+00 2.401882082926390078e+37 1.008956966055209981e+06
-6.638482978618412744e+00 2.428444776927280102e+37 1.008975569929210003e+06
-6.624767815119412262e+00 2.457058231829750134e+37 1.008994352233799989e+06
-6.610940398408274632e+00 2.489951172832199847e+37 1.009013320322260028e+06
-6.596906031205435283e+00 2.516523987912029940e+37 1.009032578063120018e+06
-6.582937764629605226e+00 2.549184217442670018e+37 1.009051731091229944e+06
-6.569272056374757085e+00 2.587764777400160020e+37 1.009070455688470043e+06
-6.555757582333171740e+00 2.616581212643120139e+37 1.009088933318629977e+06
-6.542385433109302539e+00 2.658786462421240034e+37 1.009107173120439984e+06
-6.528983452102693263e+00 2.700344608830739910e+37 1.009125405990759959e+06
-6.515500380148296244e+00 2.834732420803800191e+37 1.009143691047479981e+06
-6.501879673240182456e+00 2.971366910811170120e+37 1.009162109283940052e+06
-6.488004310216638260e+00 3.002411646402740105e+37 1.009180745677510044e+06
-6.473979798429354560e+00 3.097924154906660127e+37 1.009199493826790014e+06
-6.460039942787261680e+00 3.140056459660269836e+37 1.009218031580719980e+06
-6.446352994193148334e+00 3.300169814208000220e+37 1.009236131443819962e+06
-6.432940176775446162e+00 3.291816518247770052e+37 1.009253754391190014e+06
-6.420293449475138914e+00 3.404207310124650118e+37 1.009270263117589988e+06
-6.405965826394094620e+00 3.492332408703690111e+37 1.009288867009939975e+06
-6.390146768644626718e+00 3.580519586912310101e+37 1.009309225195970037e+06
-6.373974325470044278e+00 3.669507611036609855e+37 1.009329820251489989e+06
-6.359104703653429169e+00 3.751635363817620019e+37 1.009348585224270006e+06
-6.342923754229559563e+00 3.842915507693639789e+37 1.009368829632760026e+06
-6.326663447871396784e+00 3.936424095066210002e+37 1.009388984281830024e+06
-6.310872106594615616e+00 4.028222202407139811e+37 1.009408365060999990e+06
-6.292073255695868284e+00 4.137497526711810156e+37 1.009431199385980028e+06
-6.272737431558198296e+00 4.251046676878349797e+37 1.009454410503239953e+06
-6.253350243045133539e+00 4.366080671945399787e+37 1.009477414943750016e+06
-6.233915700009674765e+00 4.482433196989179830e+37 1.009500227883470012e+06
-6.214390367626037914e+00 4.600248187362809780e+37 1.009522894490409992e+06
-6.194794753173482604e+00 4.719229844908140333e+37 1.009545389116580016e+06
-6.175081433822924737e+00 4.839429634864619974e+37 1.009567762977899984e+06
-6.155272246447566431e+00 4.960471474997339887e+37 1.009589988895780058e+06
-6.135316716914530843e+00 5.082386490513660022e+37 1.009612120852709981e+06
-6.115237795558641665e+00 5.204777062407920041e+37 1.009634128192920005e+06
-6.095077065750956535e+00 5.327144402548839900e+37 1.009655959751029965e+06
-6.074810994781728368e+00 5.449387410124189814e+37 1.009677636887729983e+06
-6.054452359618153423e+00 5.571228804770720006e+37 1.009699146430509980e+06
-6.033957200808799826e+00 5.692733266504060084e+37 1.009720521300869994e+06
-6.013341270598175470e+00 5.813625874940739665e+37 1.009741736784409964e+06
-5.992557387457054574e+00 5.933969189947669914e+37 1.009762831487230025e+06
-5.971622849545383360e+00 6.053522907761550239e+37 1.009783777329270029e+06
-5.950486941532290075e+00 6.172427132709960203e+37 1.009804619307760033e+06
-5.929168433780432679e+00 6.290453559904810086e+37 1.009825325279450044e+06
-5.907648144951963332e+00 6.407490471989180133e+37 1.009845897457079962e+06
-5.885985245120537002e+00 6.523115798327660377e+37 1.009866271345139947e+06
-5.864203450895729475e+00 6.637097850278769577e+37 1.009886418159589986e+06
-5.842286801962472964e+00 6.749441563466169542e+37 1.009906349268630031e+06
-5.820262150162307080e+00 6.859882571168910076e+37 1.009926029348470038e+06
-5.798065548042359296e+00 6.968596809118970279e+37 1.009945504755200003e+06
-5.775740949822647963e+00 7.075363559795099975e+37 1.009964729807080003e+06
-5.753168692805047613e+00 7.180599465284849565e+37 1.009983793854509946e+06
-5.730344875380978920e+00 7.284227784894129749e+37 1.010002693930860027e+06
-5.707342357702145819e+00 7.385888608898909835e+37 1.010021355709580006e+06
-5.684232358282315545e+00 7.485129942048170315e+37 1.010039714690600056e+06
-5.660737693651753943e+00 7.583044463697789576e+37 1.010057979134659981e+06
-5.637085869304428343e+00 7.678650486657569623e+37 1.010075959577789996e+06
-5.612811209895880893e+00 7.773576074911799822e+37 1.010093994675589958e+06
-5.588746407112921588e+00 7.864868593222699813e+37 1.010111459111799952e+06
-5.563757248972251546e+00 7.956245431017180125e+37 1.010129157764289994e+06
-5.538171596948814113e+00 8.046542418725799971e+37 1.010146819881840027e+06
-5.513110934662108775e+00 8.132029534030039722e+37 1.010163680988910026e+06
-5.487392895411176141e+00 8.216307165854180052e+37 1.010180537929150043e+06
-5.460004104177642148e+00 8.302354051046399910e+37 1.010197990192280035e+06
-5.431141590124752838e+00 8.389267220208049949e+37 1.010215831322620041e+06
-5.403644559577514883e+00 8.469230754265270094e+37 1.010232330288329977e+06
-5.376138761610491201e+00 8.545710717646899356e+37 1.010248359893869958e+06
-5.347615461316308938e+00 8.621412880883590684e+37 1.010264480705120019e+06
-5.317071104545902926e+00 8.698522962005699952e+37 1.010281180984179955e+06
-5.283329124547890387e+00 8.779221445356370311e+37 1.010298960688930005e+06
-5.248552009783452377e+00 8.858477129372570513e+37 1.010316587906679953e+06
-5.215602344083890785e+00 8.930366018944010797e+37 1.010332681088829995e+06
-5.182978595716122072e+00 8.997750746665359328e+37 1.010348053914409946e+06
-5.149654752276546787e+00 9.062964413743280138e+37 1.010363190459770034e+06
-5.114663264488626737e+00 9.127779907097979832e+37 1.010378481972369947e+06
-5.076927951260586269e+00 9.193744729816379619e+37 1.010394302236480056e+06
-5.035143949869961943e+00 9.262381229883149413e+37 1.010411038664279971e+06
-4.987549990903062280e+00 9.335420834866320869e+37 1.010429150378659950e+06
-4.940667521623254288e+00 9.404361529662790407e+37 1.010446112505179946e+06
-4.896065952707431279e+00 9.466777606583430390e+37 1.010461524233789998e+06
-4.852007769914052915e+00 9.525152807333790773e+37 1.010476101706390036e+06
-4.807308456925966311e+00 9.581527595484219439e+37 1.010490273096129997e+06
-4.760919922497123480e+00 9.637458586892139644e+37 1.010504368759840028e+06
-4.711762724298750982e+00 9.694324249203980558e+37 1.010518682032070006e+06
-4.658524304591992404e+00 9.753619123741869925e+37 1.010533532167849946e+06
-4.599571472514071502e+00 9.817165631371949279e+37 1.010549281952479971e+06
-4.532635048504744191e+00 9.887526615816330730e+37 1.010566410274280002e+06
-4.457451151734858286e+00 9.965814661778230396e+37 1.010584848680209951e+06
-4.388187498523620889e+00 1.004100074233379981e+38 1.010601318984920043e+06
-4.321171173440234270e+00 1.011363780182029977e+38 1.010616967671260005e+06
-4.254486820704187267e+00 1.018709838893369968e+38 1.010632359522280050e+06
-4.186679398415435571e+00 1.026304185411159948e+38 1.010647910838379990e+06
-4.116469916138157714e+00 1.034394507357460047e+38 1.010664025126690045e+06
-4.042533439402177464e+00 1.043189426417040015e+38 1.010681073270500056e+06
-3.963319691421929747e+00 1.052991569286560050e+38 1.010699580280120019e+06
-3.876960987101483624e+00 1.064141974035370049e+38 1.010720173295530025e+06
-3.780947120714699849e+00 1.077128526943119924e+38 1.010743672615170013e+06
-3.671874328843841795e+00 1.092609164235560059e+38 1.010771332898169989e+06
-3.550991958174563479e+00 1.110728430060219917e+38 1.010803307846689946e+06
-3.439630662556737661e+00 1.128902129068040001e+38 1.010834069111780031e+06
-3.332265883560467046e+00 1.147112745624840069e+38 1.010865031687319977e+06
-3.226110733885434456e+00 1.165762683626319998e+38 1.010896907172529958e+06
-3.119152017359738238e+00 1.185147289653799975e+38 1.010930209961869987e+06
-3.009717904336866923e+00 1.205487753305189976e+38 1.010965456390850013e+06
-2.896257645661535207e+00 1.226984502007850027e+38 1.011003141331010032e+06
-2.777126055043481756e+00 1.249844863892250023e+38 1.011043759358190000e+06
-2.650365052897541318e+00 1.274307223861860052e+38 1.011087926588559989e+06
-2.513693377979507204e+00 1.300597298172879958e+38 1.011136320344010019e+06
-2.364088157810328994e+00 1.328969066755809955e+38 1.011189781661810004e+06
-2.197613685799296945e+00 1.359657545896940022e+38 1.011249244031740003e+06
-2.015655776449420955e+00 1.391850693845000077e+38 1.011313389708900009e+06
-1.845379791091545485e+00 1.421600606534079959e+38 1.011372260071840021e+06
-1.687065652105957270e+00 1.447950054081220019e+38 1.011425673879900016e+06
-1.539842166210291907e+00 1.471059198318900088e+38 1.011473808272149996e+06
-1.402158416320162360e+00 1.491259303452530015e+38 1.011517107977599953e+06
-1.273826108401408419e+00 1.508784541788419925e+38 1.011555731551190023e+06
-1.158707175767631270e+00 1.523567661610390023e+38 1.011588823743480025e+06
-1.055159393057692796e+00 1.535926598748100014e+38 1.011617231929269969e+06
-9.618419462203746662e-01 1.546280779824699916e+38 1.011641657865680056e+06
-8.780531100128428079e-01 1.554953929742579952e+38 1.011662582309650024e+06
-8.025563154369592667e-01 1.562233368839099956e+38 1.011680579591009999e+06
-7.349966026304173283e-01 1.568339828232149947e+38 1.011695970855299965e+06
-6.745241210373933427e-01 1.573463057604090070e+38 1.011709162499479949e+06
-6.206590375077212229e-01 1.577764205707650080e+38 1.011720433256309945e+06
-5.728497673626407050e-01 1.581373362326290028e+38 1.011730054509090027e+06
-5.305361390055622905e-01 1.584403512976410030e+38 1.011738263862370048e+06
-4.931173969816882163e-01 1.586951988389510014e+38 1.011745281433320022e+06
-4.599872523176600225e-01 1.589102882746490047e+38 1.011751301629789989e+06
-4.303147477985476144e-01 1.590931918099030018e+38 1.011756537699220004e+06
-4.032856091871508397e-01 1.592510440905379959e+38 1.011761175534159993e+06
-3.777930870783166029e-01 1.593902758686100067e+38 1.011765430300820037e+06
-3.515719107890618034e-01 1.595185311278489943e+38 1.011769674868689966e+06
-3.130651379542541690e-01 1.596518737307120054e+38 1.011775622804629966e+06
-2.467724147354601882e-01 1.598141997779200091e+38 1.011784878262570011e+06
-1.777841511866427027e-01 1.600293491978079977e+38 1.011793324967729975e+06
-9.684235524036921561e-02 1.601820703105889991e+38 1.011801878223420004e+06
0.000000000000000000e+00 1.602664754220810031e+38 1.011810072643260006e+06
1.177958893531467766e-01 1.602328435806669956e+38 1.011817008574409992e+06
2.650712208851473406e-01 1.599902079214999932e+38 1.011820973453780054e+06
4.556010565647738986e-01 1.593754514643910028e+38 1.011818423806770006e+06
6.820459371374454349e-01 1.583518130054649979e+38 1.011805284663220053e+06
9.326340919214999303e-01 1.569060238578899965e+38 1.011779640109970002e+06
1.177057921806408558e+00 1.552886884043010075e+38 1.011745384586069966e+06
1.418718973982322495e+00 1.534161770539730070e+38 1.011703515067690052e+06
1.637723059779091273e+00 1.515874175366500027e+38 1.011659832592620049e+06
1.836077077146910597e+00 1.497900075980190063e+38 1.011616150769770029e+06
2.015673379224608652e+00 1.480605235711610054e+38 1.011573605962709989e+06
2.177218626042304095e+00 1.464353986717869907e+38 1.011533201896209968e+06
2.323457841506751720e+00 1.449081100704830015e+38 1.011495095759770018e+06
2.454656168527435511e+00 1.435039281213399960e+38 1.011459841716920026e+06
2.572906646142655518e+00 1.422103961213659946e+38 1.011427319605319994e+06
2.678890794777544215e+00 1.410341824444950092e+38 1.011397656028580037e+06
2.773723678306851070e+00 1.399692403731070059e+38 1.011370763064399944e+06
2.858226473814283963e+00 1.390122951329960087e+38 1.011346564831550000e+06
2.933229547787050251e+00 1.381575957565300002e+38 1.011324930662040017e+06
2.999543505728070159e+00 1.373984073040329970e+38 1.011305701542129973e+06
3.058098977133340668e+00 1.367253921276490021e+38 1.011288657093449961e+06
3.109928011042939033e+00 1.361274340617649993e+38 1.011273528353180038e+06
3.156291932988096960e+00 1.355899799551019993e+38 1.011259965994809987e+06
3.198949209996499121e+00 1.350916640966199961e+38 1.011247466172280023e+06
3.240896877054183278e+00 1.345945899373180039e+38 1.011235150041140034e+06
3.293835040567500982e+00 1.339411675976359910e+38 1.011219549120279960e+06
3.380594432601355948e+00 1.328339834609670088e+38 1.011193830067549949e+06
3.476466079620877281e+00 1.316626687535319906e+38 1.011165249418620020e+06
3.588237000309163705e+00 1.302801394214759917e+38 1.011131954212120036e+06
3.724898197389848065e+00 1.285802960181499943e+38 1.011091385251680040e+06
3.895352288920548744e+00 1.264719577831520009e+38 1.011041245251059998e+06
4.112360081111546606e+00 1.238323888560410077e+38 1.010978653637810028e+06
4.349041412533551920e+00 1.210931882855270058e+38 1.010912562760149944e+06
4.616075381440168712e+00 1.181128766349649908e+38 1.010841360289509990e+06
4.923236712129437365e+00 1.148514178490219950e+38 1.010764276422639959e+06
5.289608482853509486e+00 1.112003893856719971e+38 1.010679542819370050e+06
5.742865935855661519e+00 1.071167584821739927e+38 1.010585499404649949e+06
6.154211768036475405e+00 1.039480727204619986e+38 1.010509194715189980e+06
6.520286274004320148e+00 1.013344607660790086e+38 1.010447688837380032e+06
6.845124188308545854e+00 9.920631328955399523e+37 1.010397510031000013e+06
7.132321983459405601e+00 9.745272623030139898e+37 1.010356391074029962e+06
7.387067353032762185e+00 9.600282226087429129e+37 1.010322281728249975e+06
7.612781202304176986e+00 9.478832028684679961e+37 1.010293793287370005e+06
7.813737803058756981e+00 9.376570475057479611e+37 1.010269707793790032e+06
7.992306413390906528e+00 9.290149057937670923e+37 1.010249251997429994e+06
8.151933160312182736e+00 9.215816054251810411e+37 1.010231690366790048e+06
8.293908611602091696e+00 9.152308788188090129e+37 1.010216603059120011e+06
8.420650110616406891e+00 9.097518016335149338e+37 1.010203539362499956e+06
8.533393567522580270e+00 9.050192181116480065e+37 1.010192227832200006e+06
8.633466124476399273e+00 9.009302242249729378e+37 1.010182423396919970e+06
8.722060698994027916e+00 8.973965831102740147e+37 1.010173922311919974e+06
8.800418208425980993e+00 8.943363791968439163e+37 1.010166539199279970e+06
8.869909633795032278e+00 8.916700294111569773e+37 1.010160094412810053e+06
8.932327022041135933e+00 8.893064137118419285e+37 1.010154384278689977e+06
8.990870396803074982e+00 8.870996290157290700e+37 1.010149090458999970e+06
9.053740491835924331e+00 8.846904246291590415e+37 1.010143447295630001e+06
9.178851980948820710e+00 8.793568808572849611e+37 1.010132325913959998e+06
9.343624485394684598e+00 8.724813655133399350e+37 1.010117827348210034e+06
9.524404685165791307e+00 8.654026270777120769e+37 1.010102286196850007e+06
9.726245431884308346e+00 8.578956417184570831e+37 1.010085499229329987e+06
9.951663209321850445e+00 8.499778130979149669e+37 1.010067494320100057e+06
1.020661089854547754e+01 8.415447402565549640e+37 1.010048086629420053e+06
1.050199136272567557e+01 8.323774934505359697e+37 1.010026818763730000e+06
1.085347363323671743e+01 8.222259795048870214e+37 1.010003087120610056e+06
1.118310355056019034e+01 8.142476729430020397e+37 1.009982342001699959e+06
1.147518555112765171e+01 8.079792227300840161e+37 1.009965090550999972e+06
1.173482473473268328e+01 8.027308111761910042e+37 1.009950492655389942e+06
1.196573772901319899e+01 7.982296895993130233e+37 1.009937975829200004e+06
1.217167130499728955e+01 7.943070694618370292e+37 1.009927113147509983e+06
1.235568724232143722e+01 7.908576921363399820e+37 1.009917603689820040e+06
1.252058176491846098e+01 7.877999765652069716e+37 1.009909215889930027e+06
1.266796190265449695e+01 7.850946786006150444e+37 1.009901810152300051e+06
1.279989931742602494e+01 7.826878273369229640e+37 1.009895244972359971e+06
1.291769988922897028e+01 7.805517060358749853e+37 1.009889428685349994e+06
1.302266956158564426e+01 7.786572695695260037e+37 1.009884278526360053e+06
1.311614358399674529e+01 7.769754939182239725e+37 1.009879715917940019e+06
1.319943616824457422e+01 7.754787010437969934e+37 1.009875665569409961e+06
1.327508485472935718e+01 7.741078898641779765e+37 1.009871995531560038e+06
1.334729113319190219e+01 7.727647642053450117e+37 1.009868489527640049e+06
1.343054409250180470e+01 7.710681431477990310e+37 1.009864398703110055e+06
1.357945004463545047e+01 7.673385140945299684e+37 1.009856877007810050e+06
1.375531125404813793e+01 7.630444753133070409e+37 1.009847763133420027e+06
1.392574987801344832e+01 7.592303158843050213e+37 1.009838905692119966e+06
1.407786385322833667e+01 7.560780380250640458e+37 1.009831070508540026e+06
1.421423269189108396e+01 7.533378876212230263e+37 1.009824128711350029e+06
1.433615480635489803e+01 7.509246952508999811e+37 1.009817985680239974e+06
1.444497700776992133e+01 7.487858487981879939e+37 1.009812549211669946e+06
1.454209696024190634e+01 7.468823592651120368e+37 1.009807730115939979e+06
1.462906748754176078e+01 7.451765276739520220e+37 1.009803435920680058e+06
1.470881870735320263e+01 7.435947349794990286e+37 1.009799509821890038e+06
1.478709920153778512e+01 7.419882443303869948e+37 1.009795649991550017e+06
1.489141237744479440e+01 7.395464377788440030e+37 1.009790427032010048e+06
1.504573887070728233e+01 7.355236702280999717e+37 1.009782512731989962e+06
1.518408042786904844e+01 7.323214756880079665e+37 1.009775339744710014e+06
1.530780808185954811e+01 7.295849362901860101e+37 1.009768961913020001e+06
1.541835748020821484e+01 7.271987744632049892e+37 1.009763303607159993e+06
1.551718977342534345e+01 7.250902887404649842e+37 1.009758279525039950e+06
1.560610891462420113e+01 7.231992200439430051e+37 1.009753785168939969e+06
1.568852227502793539e+01 7.214284918696489971e+37 1.009749634666180005e+06
1.577245810535532655e+01 7.195490892374459935e+37 1.009745396659019985e+06
1.591888008702517254e+01 7.155792008236269546e+37 1.009737846958409995e+06
1.607697135400667321e+01 7.115210137383549556e+37 1.009729565024630050e+06
1.627277048312680563e+01 7.063765372968990391e+37 1.009719291506589972e+06
1.645577460771164624e+01 7.020773290579169610e+37 1.009709788838070002e+06
1.661955000266607385e+01 6.984711258023290042e+37 1.009701451382889994e+06
1.676677992502663983e+01 6.953179032316769863e+37 1.009694095362000051e+06
1.689878947196848458e+01 6.925362575421420471e+37 1.009687601053319988e+06
1.701704702845745487e+01 6.900692975979049651e+37 1.009681856001280015e+06
1.712305929270951310e+01 6.878719280426290377e+37 1.009676757170040044e+06
1.721877530607162043e+01 6.858909414004669892e+37 1.009672188557390007e+06
1.730784851183125284e+01 6.840271123680359902e+37 1.009667956923649996e+06
1.739950161455635680e+01 6.820198402471179948e+37 1.009663590679120040e+06
1.757342368174431613e+01 6.773109300010030434e+37 1.009655091120020021e+06
1.775131251601851545e+01 6.729912829217159702e+37 1.009646296456629992e+06
1.791416728441981832e+01 6.693418407816880149e+37 1.009638327084550052e+06
1.806050906006566947e+01 6.661956194610419895e+37 1.009631270954729989e+06
1.819184477860835614e+01 6.634266120076429891e+37 1.009625025460900040e+06
1.830970816953777103e+01 6.609677813397330211e+37 1.009619485589149990e+06
1.841570298933220329e+01 6.587691777687490292e+37 1.009614549774809973e+06
1.851292132076923735e+01 6.567438044792720298e+37 1.009610053169599967e+06
1.860691547155875014e+01 6.547405228540549593e+37 1.009605716087789973e+06
1.872039958778623259e+01 6.520799679597470050e+37 1.009600422537449980e+06
1.890949143964826362e+01 6.470227422280689836e+37 1.009591407413469977e+06
1.909946652351936791e+01 6.425353957813279617e+37 1.009582328322109999e+06
1.926974540884111775e+01 6.388658520377859602e+37 1.009574327097969945e+06
1.942314958909992129e+01 6.356705079914059757e+37 1.009567256763629965e+06
1.956109080230817199e+01 6.328500951539699745e+37 1.009561002307559946e+06
1.968515778426080942e+01 6.303411651377490373e+37 1.009555452242080006e+06
1.979706662272656104e+01 6.280928411167289547e+37 1.009550498720439966e+06
1.990018838774267351e+01 6.260122435676210293e+37 1.009545968935669982e+06
2.000088018179667415e+01 6.239290761733290457e+37 1.009541557238499983e+06
2.012767506783711724e+01 6.210048337786620007e+37 1.009535931798930047e+06
2.033242280979175121e+01 6.157538465311540096e+37 1.009526661641570041e+06
2.052439533594588283e+01 6.115768090741309619e+37 1.009518012837760034e+06
2.069719405709474813e+01 6.080733035717889646e+37 1.009510392792060040e+06
2.085293441532121506e+01 6.050075885408280407e+37 1.009503663405940053e+06
2.099328565393807366e+01 6.022885913922509640e+37 1.009497700052579981e+06
2.111990980557311559e+01 5.998604931005699749e+37 1.009492392292259960e+06
2.123500720765150618e+01 5.976632560974139667e+37 1.009487617875459953e+06
2.134273042008862831e+01 5.955885526689459803e+37 1.009483179559450014e+06
2.145374469430680620e+01 5.933506783889150433e+37 1.009478597235869966e+06
2.165907675628113793e+01 5.882840833665979679e+37 1.009469890681080054e+06
2.185518822033191100e+01 5.842160735123360136e+37 1.009461583761380054e+06
2.208011621923651546e+01 5.794435010130199826e+37 1.009452207675609970e+06
2.228624301565287169e+01 5.755552003876280357e+37 1.009443811865699943e+06
2.247258680278901011e+01 5.721930029611790359e+37 1.009436414912409964e+06
2.264087429735809565e+01 5.692196308250809692e+37 1.009429871671500034e+06
2.279293208870512899e+01 5.665655927148129902e+37 1.009424053565460024e+06
2.293049963386874879e+01 5.641841467554050411e+37 1.009418854370299960e+06
2.305584192276728572e+01 5.620202259050780300e+37 1.009414160069509991e+06
2.317315837251953781e+01 5.599730067149910221e+37 1.009409789494910045e+06
2.329291984060546383e+01 5.577823234801830277e+37 1.009405312456379994e+06
2.349222799783456139e+01 5.533597681243390209e+37 1.009397638497979962e+06
2.369084788030158961e+01 5.495348633265520165e+37 1.009389964939330006e+06
2.386974965638364665e+01 5.463710953692070318e+37 1.009383166829710011e+06
2.403174043285252992e+01 5.435718187476120243e+37 1.009377113945930032e+06
2.417848465178394690e+01 5.410619059861679901e+37 1.009371704516059952e+06
2.431213476126140449e+01 5.387828914357309976e+37 1.009366826837070053e+06
2.443682733252353501e+01 5.366363478709719597e+37 1.009362304318450042e+06
2.456145809930603718e+01 5.344100422465530199e+37 1.009357780121680000e+06
2.473438299859117251e+01 5.308382027456459554e+37 1.009351361721580033e+06
2.489728440615726868e+01 5.278373198554739933e+37 1.009345286841630004e+06
2.504497125330090057e+01 5.252299195691879661e+37 1.009339830256870016e+06
2.518042807278106920e+01 5.228600207584560456e+37 1.009334873226920026e+06
2.530815909193188418e+01 5.206067919549009896e+37 1.009330228663329966e+06
2.543978682334272889e+01 5.181784231164320121e+37 1.009325429883369943e+06
2.566000020634965040e+01 5.133438219240990304e+37 1.009317191358549986e+06
2.585686629878910026e+01 5.098256413355309620e+37 1.009309889572049957e+06
2.603519238469743868e+01 5.067650748112040436e+37 1.009303419166709995e+06
2.619709274147317046e+01 5.040393732331260268e+37 1.009297655133120017e+06
2.634455315199011238e+01 5.015839464583750039e+37 1.009292482091050013e+06
2.648165414077084279e+01 4.992981365041810051e+37 1.009287723536640056e+06
2.661520753689546837e+01 4.970284214043120378e+37 1.009283111430929974e+06
2.677301829733187333e+01 4.940876430814769533e+37 1.009277597737879958e+06
2.696006938239588635e+01 4.905360002595800430e+37 1.009271008090820047e+06
2.712879687117674621e+01 4.877071985323819689e+37 1.009265125949630048e+06
2.728260262653202517e+01 4.852009526951099733e+37 1.009259854991780012e+06
2.742538064572727308e+01 4.828909639741540114e+37 1.009255029636349995e+06
2.756358810437086504e+01 4.806259546648740415e+37 1.009250398522970034e+06
2.772027629116200842e+01 4.778541223617669912e+37 1.009245110375239979e+06
2.801990278768789722e+01 4.717184555657959746e+37 1.009234804225509986e+06
2.825132412138918880e+01 4.684682705682479668e+37 1.009227142478139955e+06
2.853430724668578478e+01 4.637750145632839670e+37 1.009218058858930017e+06
2.882023325194313657e+01 4.595369134378929974e+37 1.009209183207959984e+06
2.907757665519602597e+01 4.561165212905679972e+37 1.009201497453570017e+06
2.931114251010876615e+01 4.530904190447619894e+37 1.009194729246350005e+06
2.952314491039578570e+01 4.503879494421680291e+37 1.009188715519950027e+06
2.971625427607796155e+01 4.479515945320899986e+37 1.009183322659970028e+06
2.989276386648998596e+01 4.457417804836720172e+37 1.009178449968829984e+06
3.005544872384052724e+01 4.437086498097960054e+37 1.009173995023590047e+06
3.020981162271345966e+01 4.417496452097289616e+37 1.009169782983849989e+06
3.036867905729741324e+01 4.396182699587800153e+37 1.009165416201410000e+06
3.062368276002234779e+01 4.354403072855079653e+37 1.009158128641090007e+06
3.085584049703174969e+01 4.324381551838390420e+37 1.009151565687160008e+06
3.108888028580986429e+01 4.293710844846869783e+37 1.009145101330589969e+06
3.130089256713108625e+01 4.267704447979150110e+37 1.009139331767910044e+06
3.149464441837335471e+01 4.244242635655000157e+37 1.009134145733910031e+06
3.167227619379991665e+01 4.222852892445849899e+37 1.009129447293619975e+06
3.183895757130085258e+01 4.202560312242999785e+37 1.009125067165810033e+06
3.200209543889650377e+01 4.182117245463039782e+37 1.009120777359580039e+06
3.219174144297721796e+01 4.155591445385900067e+37 1.009115680183860008e+06
3.239034749731217744e+01 4.128466421842200182e+37 1.009110279141449952e+06
3.257227225933456793e+01 4.105465730834110131e+37 1.009105362730960012e+06
3.274306997414532816e+01 4.083869043650469853e+37 1.009100786532029975e+06
3.291033441345643951e+01 4.062253758673710117e+37 1.009096317617640016e+06
3.310407361720717745e+01 4.034666302889200119e+37 1.009091052656559972e+06
3.338443841806292767e+01 3.991365761043070186e+37 1.009083299586480018e+06
3.363592274751135847e+01 3.960733079275540193e+37 1.009076531889109989e+06
3.386477104391087778e+01 3.933779970060690000e+37 1.009070560330140055e+06
3.407416729442775249e+01 3.909465125229470080e+37 1.009065217486629961e+06
3.426699280810862547e+01 3.887285059065850117e+37 1.009060377410309971e+06
3.444726559305127012e+01 3.866581835913290074e+37 1.009055903506060014e+06
3.462305239628767595e+01 3.845996006090680097e+37 1.009051561959970044e+06
3.481909916727454402e+01 3.821033225709660093e+37 1.009046650597919943e+06
3.512156459697871469e+01 3.777529124985830171e+37 1.009038887660400011e+06
3.538719344896526309e+01 3.748706533754410214e+37 1.009032281190130045e+06
3.570393010881525697e+01 3.710126535275840178e+37 1.009024574803240015e+06
3.599004513130785199e+01 3.681021068846430001e+37 1.009017856182839954e+06
3.625016979482461466e+01 3.655147197449669958e+37 1.009011920847519999e+06
3.648738274602510501e+01 3.631722403217330059e+37 1.009006605996240047e+06
3.670523549101926619e+01 3.610248476697760127e+37 1.009001782348189969e+06
3.690651750552933663e+01 3.590404997337560226e+37 1.008997356928050052e+06
3.709776194021833362e+01 3.571213316928919936e+37 1.008993161796940025e+06
3.728902274931169813e+01 3.551257287755199996e+37 1.008988942218489945e+06
3.752370447391149355e+01 3.523317364133379808e+37 1.008983595391649986e+06
3.779195126813283423e+01 3.492017933955150218e+37 1.008977405731640058e+06
3.804301850181218470e+01 3.466196278295069803e+37 1.008971707576439949e+06
3.827260810356528964e+01 3.443380076528679916e+37 1.008966592401099973e+06
3.848506371722760377e+01 3.422236311878310143e+37 1.008961915848830016e+06
3.868565565018070629e+01 3.402037595362420166e+37 1.008957526738179964e+06
3.888261189275362995e+01 3.381680699880999849e+37 1.008953215190710034e+06
3.910309034728561528e+01 3.356727138086540039e+37 1.008948283996450016e+06
3.933885882984759519e+01 3.329943436027730165e+37 1.008942922039060039e+06
3.955635574686311884e+01 3.307186950621419968e+37 1.008938011915359995e+06
3.976116297078988282e+01 3.285754468447310025e+37 1.008933426788249984e+06
3.996244207125710091e+01 3.264249187903480128e+37 1.008928933689050027e+06
4.018604265947215026e+01 3.238523145261839816e+37 1.008923865813949960e+06
4.042847617341612931e+01 3.210428799789000023e+37 1.008918298489719979e+06
4.065166173198667821e+01 3.186844751704219953e+37 1.008913233585380018e+06
4.086148922588472487e+01 3.164851285098840016e+37 1.008908535971369944e+06
4.106668998450913932e+01 3.143123583665060206e+37 1.008903979743369971e+06
4.128915089781366987e+01 3.118285523573310229e+37 1.008899008940930013e+06
4.166139058921544347e+01 3.070964393162270125e+37 1.008890496944320039e+06
4.195264826777565759e+01 3.045436339211919824e+37 1.008884153562239953e+06
4.225679089866025606e+01 3.014898620309859870e+37 1.008877711559270043e+06
4.253240631283551920e+01 2.989893943445970061e+37 1.008872034753769985e+06
4.278492829343304038e+01 2.967417533456869789e+37 1.008866951672159950e+06
4.301867670250067022e+01 2.946818611736719880e+37 1.008862321975570056e+06
4.323881973049719818e+01 2.927429687586480196e+37 1.008858006875250023e+06
4.345497272923967103e+01 2.908045337253359856e+37 1.008853787726380047e+06
4.368902803477976704e+01 2.885709945297080141e+37 1.008849164126059972e+06
4.400554194895084947e+01 2.852062106591739978e+37 1.008842717727239942e+06
4.427565887199307326e+01 2.829448112907360126e+37 1.008837352928580018e+06
4.453938520298106596e+01 2.806109783441989926e+37 1.008832214693199960e+06
4.478272978759923717e+01 2.785587985561689882e+37 1.008827555387750035e+06
4.501123216588166542e+01 2.766414449117389843e+37 1.008823237236710032e+06
4.523469606912112795e+01 2.747376150817020006e+37 1.008819040950860013e+06
4.547209519687021384e+01 2.726169997702180108e+37 1.008814556197330006e+06
4.583074541793757817e+01 2.689103870151799861e+37 1.008807533312930027e+06
4.610781147581292316e+01 2.668922763685130227e+37 1.008802310120970011e+06
4.649856496072607115e+01 2.632115739382300173e+37 1.008795016012570006e+06
4.693055254893988604e+01 2.597563444033509992e+37 1.008787270895260037e+06
4.731599747781729093e+01 2.571529108987769841e+37 1.008780709544489975e+06
4.766270656517008319e+01 2.548316770582060229e+37 1.008774989853990031e+06
4.797620022211049218e+01 2.527397927419829928e+37 1.008769908224500017e+06
4.826205932257289533e+01 2.508362906767860191e+37 1.008765324509280035e+06
4.852479979994677706e+01 2.490865048808610007e+37 1.008761137418559985e+06
4.877190469510242110e+01 2.474200365757879791e+37 1.008757208023110055e+06
4.901283120807784144e+01 2.457508959405719832e+37 1.008753361043810030e+06
4.926529982354259118e+01 2.439013075080009784e+37 1.008749270371229970e+06
4.960310435736028012e+01 2.410524410782840098e+37 1.008743542820920004e+06
4.991155377198447241e+01 2.388608163737779770e+37 1.008738349267899990e+06
5.019308838986034971e+01 2.368878640909840026e+37 1.008733683751720004e+06
5.045507178622938227e+01 2.350506019272520131e+37 1.008729390819640015e+06
5.070513932502217358e+01 2.332848682887350058e+37 1.008725316357349977e+06
5.095566943604353582e+01 2.314719873457599934e+37 1.008721229292899952e+06
5.123851485569321085e+01 2.292683823474790204e+37 1.008716523849869962e+06
5.155653000959864585e+01 2.267222732582510147e+37 1.008711108096219948e+06
5.184633947375550633e+01 2.246619402190560038e+37 1.008706252859089989e+06
5.211488079663104145e+01 2.227753759838369857e+37 1.008701828617890016e+06
5.237132296693744138e+01 2.209706641539820117e+37 1.008697650773050031e+06
5.262834190525609301e+01 2.191345803071740041e+37 1.008693482071110047e+06
5.291812100458628265e+01 2.169313036045360062e+37 1.008688718895109952e+06
5.327678344906598795e+01 2.140564035322989910e+37 1.008682687273049960e+06
5.360060785614041379e+01 2.118698338710639899e+37 1.008677390508890036e+06
5.389691508898249594e+01 2.099145586607999990e+37 1.008672671417749953e+06
5.417232390958815813e+01 2.081207969569350066e+37 1.008668369082320016e+06
5.443577981102862395e+01 2.064049734288329935e+37 1.008664302446349990e+06
5.470336380951630417e+01 2.046227930959859987e+37 1.008660185213239980e+06
5.501374707254581153e+01 2.024019831441790033e+37 1.008655324406950036e+06
5.547542476543458179e+01 1.988654920199039884e+37 1.008647944649880053e+06
5.585551830203621648e+01 1.967100560577500016e+37 1.008642176382860052e+06
5.622862624398840126e+01 1.944489687682969920e+37 1.008636686235039961e+06
5.656549898128287168e+01 1.925573131300149886e+37 1.008631869510389981e+06
5.687459040934481891e+01 1.908460001202829923e+37 1.008627541675340035e+06
5.716296983568463475e+01 1.892571280270239927e+37 1.008623556882250006e+06
5.744114722774247639e+01 1.877080630495960105e+37 1.008619735976750031e+06
5.772532010288705351e+01 1.860731661992589891e+37 1.008615816431349958e+06
5.806800003988610115e+01 1.838951637453870109e+37 1.008610944501250051e+06
5.867952405141841155e+01 1.797243406899419926e+37 1.008602059652140015e+06
5.914221005102444906e+01 1.776534809631710106e+37 1.008595835546680028e+06
5.975996736167871859e+01 1.741719944638559883e+37 1.008587708360529970e+06
6.031778303079045145e+01 1.717020341567599902e+37 1.008580793689640006e+06
6.081683912617154419e+01 1.695488669839540086e+37 1.008574828155359952e+06
6.126473931926011574e+01 1.676350938549360097e+37 1.008569581229259958e+06
6.166846850312867900e+01 1.659274849027690116e+37 1.008564914552700007e+06
6.203479989869083511e+01 1.643865700258850020e+37 1.008560716552490019e+06
6.237150006483716425e+01 1.629655451358250019e+37 1.008556874217589968e+06
6.268827003068872727e+01 1.616089532664889934e+37 1.008553256685729953e+06
6.299777419827296399e+01 1.602431124821999895e+37 1.008549696238050004e+06
6.332426410714833764e+01 1.587127572700029955e+37 1.008545865381240030e+06
6.376476484699378489e+01 1.563460039427199969e+37 1.008540417482999968e+06
6.425432501236355165e+01 1.539015235520209940e+37 1.008534337582439999e+06
6.469392998069815803e+01 1.519970870506840028e+37 1.008529068371240050e+06
6.509262618845968973e+01 1.503031924888769966e+37 1.008524413809860009e+06
6.545801382427453063e+01 1.487704072970809894e+37 1.008520222163659986e+06
6.579927552229491994e+01 1.473397042748639897e+37 1.008516344111750019e+06
6.612883007931668544e+01 1.459365706645149903e+37 1.008512604233560036e+06
6.646706622608326143e+01 1.444427972811039990e+37 1.008508733237029985e+06
6.687645154025813099e+01 1.424370200323789973e+37 1.008503864331020042e+06
6.733112030954362126e+01 1.402116802647969987e+37 1.008498331981220050e+06
6.774345344099128852e+01 1.384166412788329958e+37 1.008493425653559971e+06
6.812214817870699335e+01 1.367982705276340017e+37 1.008489006468269974e+06
6.847787734855228337e+01 1.352886209768640060e+37 1.008484909197999979e+06
6.882462623518222244e+01 1.338014557770439884e+37 1.008480931295990013e+06
6.918704050089581870e+01 1.321949166692389923e+37 1.008476745262979995e+06
6.965396555371989962e+01 1.299045997125580007e+37 1.008471141566670034e+06
7.011773937764519360e+01 1.277719363998989915e+37 1.008465543305070023e+06
7.054105042946321191e+01 1.259487535351120046e+37 1.008460538656419958e+06
7.093230619195674080e+01 1.242969387458109895e+37 1.008455992284249980e+06
7.130512094960431568e+01 1.227287220482740022e+37 1.008451705064060050e+06
7.167546820465213386e+01 1.211564163745320077e+37 1.008447457518290030e+06
7.207762202429148601e+01 1.193765722750460109e+37 1.008442786663559964e+06
7.262289673880877672e+01 1.167575669257099997e+37 1.008436224136429955e+06
7.311581513845885638e+01 1.146428290710290041e+37 1.008430354085820029e+06
7.356847502919845283e+01 1.127501142623789907e+37 1.008425066530240001e+06
7.399011620460078120e+01 1.110221001605959990e+37 1.008420217068169964e+06
7.439360578758351039e+01 1.093767249719739907e+37 1.008415615832929965e+06
7.479699881438864395e+01 1.077160147725249947e+37 1.008411018688710057e+06
7.523886612214118941e+01 1.058285242907330031e+37 1.008405916525310022e+06
7.584894567973242374e+01 1.030375130512369969e+37 1.008398633426079992e+06
7.640504542415874312e+01 1.007275641686859983e+37 1.008392055330820032e+06
7.691818714474356966e+01 9.866309907893019709e+36 1.008386101635260042e+06
7.739718956539581995e+01 9.677747515976889769e+36 1.008380626707099960e+06
7.785418367989041144e+01 9.499266281009080233e+36 1.008375444953480037e+06
7.830597031986690126e+01 9.322297651562920310e+36 1.008370330046819989e+06
7.878769711517088581e+01 9.129519921914670207e+36 1.008364829650650034e+06
7.942942736981785856e+01 8.856711469466719894e+36 1.008357273565919953e+06
8.010713824067352107e+01 8.580292051099280111e+36 1.008349265955850016e+06
8.073684557575325016e+01 8.342097890425200518e+36 1.008342004576610052e+06
8.132709740848076763e+01 8.123616130639150526e+36 1.008335298708009999e+06
8.189030473782622721e+01 7.918591433859740421e+36 1.008328967850720044e+06
8.243919892134726979e+01 7.720463800059939626e+36 1.008322827776459977e+06
8.299612311382225016e+01 7.519370753395909484e+36 1.008316589223859948e+06
8.361782053069327958e+01 7.290786263662809542e+36 1.008309541232540039e+06
8.454508166871528374e+01 6.939784889938840064e+36 1.008298815815720009e+06
8.538289047298894729e+01 6.658451369336530140e+36 1.008289391827340005e+06
8.622403165453579277e+01 6.378398190754410144e+36 1.008280040795700043e+06
8.703258514693879988e+01 6.122367158626489597e+36 1.008271223779510008e+06
8.783023919274273794e+01 5.872869971834709725e+36 1.008262563578309957e+06
8.862412239486002363e+01 5.634298754151019956e+36 1.008254065719209961e+06
8.944310256258177105e+01 5.391009896459330236e+36 1.008245307771440013e+06
9.034440456481388537e+01 5.131982654373740164e+36 1.008235749979360029e+06
9.166648654195887502e+01 4.767631293776019725e+36 1.008221936679049977e+06
9.277335973143635783e+01 4.477072345763429890e+36 1.008210441654199967e+06
9.439648640762607101e+01 4.098695429827329801e+36 1.008194595854760031e+06
9.439818660752644064e+01 4.132913969324539835e+36 1.008487855204500025e+06
9.439881026568036759e+01 4.132801906475829888e+36 1.008488322959649959e+06
9.440005134540842846e+01 4.132576124582999828e+36 1.008489246083930018e+06
9.440175533340516267e+01 4.132293700883260106e+36 1.008490513993580011e+06
9.440369833980366820e+01 4.131990553282760206e+36 1.008491953687119996e+06
9.440591977092844900e+01 4.131660771586389974e+36 1.008493590153209982e+06
9.440845926132169552e+01 4.131300185997940245e+36 1.008495427508219960e+06
9.441138841321662767e+01 4.130901377579920016e+36 1.008497503177299979e+06
9.441476767559652217e+01 4.130459854247750009e+36 1.008499818625399959e+06
9.441869936058355961e+01 4.129966371443820179e+36 1.008502374120190041e+06
9.442333443676034221e+01 4.129404644224480206e+36 1.008505150127519970e+06
9.442891204018087592e+01 4.128741244805820052e+36 1.008508095345110050e+06
9.443471570447582053e+01 4.128045152017579923e+36 1.008510675057790009e+06
9.444043889476597542e+01 4.127327763741899818e+36 1.008512767415500013e+06
9.444620905990450410e+01 4.126545160036900155e+36 1.008514436643169960e+06
9.445223352337052347e+01 4.125632661860699989e+36 1.008515790554399951e+06
9.445861640879593324e+01 4.124524458445490116e+36 1.008516854963360005e+06
9.446563618664367823e+01 4.123092942002519964e+36 1.008517690547780017e+06
9.447360822695191018e+01 4.121144364020160235e+36 1.008518343937720056e+06
9.448299554539698875e+01 4.118348583212200079e+36 1.008518864513440058e+06
9.449453232045925688e+01 4.114113301825869936e+36 1.008519275157980039e+06
9.451040108769666404e+01 4.106824067041370053e+36 1.008519717492289958e+06
9.453435113011801150e+01 4.093113167311030150e+36 1.008520393958289991e+06
9.458091185341618257e+01 4.061321938753240084e+36 1.008522082475060015e+06
9.467356769277103012e+01 3.998264004435760287e+36 1.008525787336569978e+06
9.485795281308674021e+01 3.900928093726810090e+36 1.008531266353629995e+06
9.522487920252024196e+01 3.778325768185289935e+36 1.008535347256029956e+06
