# time luminosity radius
-2.090465274146117736e+01 4.722341047974629664e+35 1.008151982866029954e+06
-1.886650911647302564e+01 4.891184414443079975e+35 1.008154820993609959e+06
-1.728875627469096798e+01 5.046428084717269861e+35 1.008157608568080002e+06
-1.605056431152479490e+01 5.188339728544420271e+35 1.008160279324930045e+06
-1.506061625896109035e+01 5.318361252666690314e+35 1.008162821984910057e+06
-1.424091098455392057e+01 5.440274481681319687e+35 1.008165266818000004e+06
-1.326670542977080913e+01 5.610874349692599974e+35 1.008168748041269951e+06
-1.293990554362244438e+01 5.672308401987969749e+35 1.008170014338520006e+06
-1.255917157221847447e+01 5.748550319004739765e+35 1.008171627036659978e+06
-1.213993815395951970e+01 5.839410928366450185e+35 1.008173600150770042e+06
-1.168501169241062598e+01 5.948304413265919774e+35 1.008176021561759990e+06
-1.119886066549224779e+01 6.079259253648720302e+35 1.008179034366050037e+06
-1.068979282276995946e+01 6.237330852588510231e+35 1.008182840639809961e+06
-1.017250230172066949e+01 6.428005143660919913e+35 1.008187711883830023e+06
-9.729950563661986962e+00 6.622183721576930064e+35 1.008193007292650058e+06
-9.376967583571968134e+00 6.803997921659229474e+35 1.008198245997629943e+06
-9.070222458249190822e+00 6.990360426086919348e+35 1.008203940982379951e+06
-8.848583939325180836e+00 7.144466659409869692e+35 1.008208905801950023e+06
-8.826149242100655101e+00 7.160492932850530511e+35 1.008209420431970037e+06
-8.781704873930721078e+00 7.193173935151150536e+35 1.008210485290220007e+06
-8.693260581268987153e+00 7.261316295218429743e+35 1.008212771443090052e+06
-8.577669908787356690e+00 7.358120457166909911e+35 1.008216154980550054e+06
-8.469274221548403148e+00 7.459362475292710300e+35 1.008219780848660041e+06
-8.460759883397258818e+00 7.464238773768240504e+35 1.008220073529919959e+06
-8.443816350474662613e+00 7.481097612675499729e+35 1.008220689570700051e+06
-8.410718028324481566e+00 7.512867184019769396e+35 1.008222075597629999e+06
-8.402605932598817162e+00 7.519858253578700518e+35 1.008222432552349987e+06
-8.397714089456712827e+00 7.524706271826709586e+35 1.008222649503250024e+06
-8.393374734034296125e+00 7.531032984046640052e+35 1.008222842335539986e+06
-8.389464506697549950e+00 7.532504942715209623e+35 1.008223016729349969e+06
-8.386015869880793616e+00 7.538698391547280265e+35 1.008223170568870031e+06
-8.382909338833997026e+00 7.538916911471990679e+35 1.008223309010419995e+06
-8.380058070804807357e+00 7.542371501816789565e+35 1.008223435666449950e+06
-8.377343659252801444e+00 7.545108108668239560e+35 1.008223555447350023e+06
-8.374639547400875017e+00 7.547441772246899681e+35 1.008223673767240020e+06
-8.371778039232594892e+00 7.550758215491620511e+35 1.008223797467650031e+06
-8.368402594271174166e+00 7.554645301270040076e+35 1.008223941028889967e+06
-8.363587038060359191e+00 7.557769846558770063e+35 1.008224141990849981e+06
-8.354004081207676791e+00 7.567491176503240467e+35 1.008224538383650011e+06
-8.334933997066400480e+00 7.586933569160989756e+35 1.008225345255370019e+06
-8.296984529632027261e+00 7.627354554560660615e+35 1.008227060908850050e+06
-8.254573854930640664e+00 7.672535199921210027e+35 1.008229136649879976e+06
-8.224805965779523831e+00 7.706679902792529672e+35 1.008230689641900011e+06
-8.201618003142357338e+00 7.732819505174010519e+35 1.008231964131109999e+06
-8.182400180499826092e+00 7.754984184706530539e+35 1.008233067804040038e+06
-8.164498076206655242e+00 7.776946967075750301e+35 1.008234145543229999e+06
-8.146304583897290286e+00 7.801048374385579837e+35 1.008235301757149980e+06
-8.128776062803808600e+00 7.821354529314739738e+35 1.008236478807120002e+06
-8.112154985312372446e+00 7.842811024589990650e+35 1.008237656231250032e+06
-8.095684590487508103e+00 7.863571565534730120e+35 1.008238894899940002e+06
-8.079595953226089478e+00 7.885191257654450706e+35 1.008240183385030017e+06
-8.063643507404776756e+00 7.903449400114549367e+35 1.008241552850130014e+06
-8.047992681742471177e+00 7.926294304358649606e+35 1.008242993626500014e+06
-8.032298243502737023e+00 7.945568057635210380e+35 1.008244565305529977e+06
-8.020352663530502468e+00 7.965103583604629500e+35 1.008245872966600000e+06
-8.004277511143300217e+00 7.991840220493019762e+35 1.008247851447739988e+06
-7.989219924274948426e+00 8.008736492177730596e+35 1.008249910999860032e+06
-7.974659816718485672e+00 8.029376281903139937e+35 1.008252108045549947e+06
-7.959956945807789452e+00 8.047656881404060221e+35 1.008254588480970007e+06
-7.945948492895695381e+00 8.069755086507660422e+35 1.008257223362970049e+06
-7.932841944762913045e+00 8.093807557030189516e+35 1.008260006241569994e+06
-7.922084144396649208e+00 8.115740032861749542e+35 1.008262454157229979e+06
-7.911947193024388980e+00 8.130697361710790577e+35 1.008264933826809982e+06
-7.902135096002893988e+00 8.144952089389979977e+35 1.008267402428840054e+06
-7.892138062787125818e+00 8.166100587447049273e+35 1.008269953926280024e+06
-7.881346748879877850e+00 8.174019975403859879e+35 1.008272754510379978e+06
-7.870354719838360325e+00 8.197451981369979321e+35 1.008275815320029971e+06
-7.859097454362199642e+00 8.229103328698899753e+35 1.008279296934599988e+06
-7.846386328492371831e+00 8.230759257786610194e+35 1.008283223981149960e+06
-7.833606420907017309e+00 8.265097627140079973e+35 1.008287540963510051e+06
-7.824407391337445006e+00 8.316601366809900433e+35 1.008290513898469973e+06
-7.809869479060580488e+00 8.577459074646309772e+35 1.008295188788369996e+06
-7.802872227934130933e+00 8.778412800778099955e+35 1.008297377977819997e+06
-7.788947698194533587e+00 9.810153550033809518e+35 1.008301694888510043e+06
-7.771016988976043649e+00 1.348837000103800028e+36 1.008307203175729956e+06
-7.752092062844894826e+00 1.949855223395050129e+36 1.008312953354920028e+06
-7.730409602467261720e+00 3.452309799936009983e+36 1.008319687524780049e+06
-7.706512918462976813e+00 3.685374163590059975e+36 1.008327094127789955e+06
-7.679586701575317420e+00 4.060445942936859834e+36 1.008335505215900019e+06
-7.649827938934322447e+00 4.682337087184619976e+36 1.008345011179010035e+06
-7.616559133632108569e+00 6.196649581293839460e+36 1.008356585259219981e+06
-7.589137889059202280e+00 6.232448011611449581e+36 1.008366281407169998e+06
-7.558054790286405478e+00 6.397997773462310194e+36 1.008377646114640054e+06
-7.526991533144610003e+00 6.687014177837939552e+36 1.008389522725119954e+06
-7.497443625870801043e+00 6.886527812897309462e+36 1.008401289907710045e+06
-7.468928614172909874e+00 7.084328090813230155e+36 1.008413149682480027e+06
-7.441690741485217586e+00 7.287599665746200229e+36 1.008425014031050028e+06
-7.416325876329210587e+00 7.627461086369560144e+36 1.008436773987900000e+06
-7.392511468955490272e+00 7.881505921896209749e+36 1.008448353964549955e+06
-7.369930615350313019e+00 8.122658640247219514e+36 1.008459825370279956e+06
-7.348492686171084642e+00 8.380018006300040156e+36 1.008471165876080049e+06
-7.327779130224371329e+00 8.651532501603959865e+36 1.008482554988329997e+06
-7.307735184498596936e+00 8.932750163446560249e+36 1.008493998492049985e+06
-7.288354634256393183e+00 9.221242293400170369e+36 1.008505464196930057e+06
-7.269537114545528311e+00 9.516759231124449874e+36 1.008516988854289986e+06
-7.251224894775077701e+00 9.820134125872459790e+36 1.008528629064989975e+06
-7.233638416764733847e+00 1.012458160215440057e+37 1.008540211085019982e+06
-7.216710099375632126e+00 1.043909911644480053e+37 1.008551774790019961e+06
-7.200383353578217793e+00 1.075876456291409940e+37 1.008563250773170032e+06
-7.184565855044638738e+00 1.108090785547029893e+37 1.008574670369429979e+06
-7.169106895016739145e+00 1.140087826627629963e+37 1.008586121091490029e+06
-7.154073356257867999e+00 1.173213478714960086e+37 1.008597538828660036e+06
-7.139330059399071615e+00 1.206394899718109983e+37 1.008609013680099975e+06
-7.124899609538260847e+00 1.239357730510990039e+37 1.008620504877940053e+06
-7.110712086003331933e+00 1.272238167528349995e+37 1.008632052940530004e+06
-7.096706391959742177e+00 1.304886611528720018e+37 1.008643695784920012e+06
-7.082880368245241698e+00 1.337308647195039932e+37 1.008655418631899985e+06
-7.069212938906275667e+00 1.369423854245919964e+37 1.008667229565490037e+06
-7.055703659469145350e+00 1.401278379431079949e+37 1.008679115216530045e+06
-7.042334692967415322e+00 1.432728241203969983e+37 1.008691079839039943e+06
-7.029093266966810916e+00 1.463762586170100037e+37 1.008703129852280021e+06
-7.015980514443072025e+00 1.494284921287530080e+37 1.008715265120030032e+06
-7.002995320224727038e+00 1.524378735674460099e+37 1.008727470506109996e+06
-6.990420385584002361e+00 1.553506294113040000e+37 1.008739464076549979e+06
-6.978683243047271390e+00 1.573469169836619893e+37 1.008750794871169957e+06
-6.967541171055927407e+00 1.596027363597400067e+37 1.008761672725050012e+06
-6.956538380931306165e+00 1.621826462509040018e+37 1.008772546789509943e+06
-6.945724570148740895e+00 1.653788328227190043e+37 1.008783363954070024e+06
-6.934873113292269409e+00 1.710702433905959966e+37 1.008794349882920040e+06
-6.923759229197457898e+00 1.736553985059880006e+37 1.008805703670830000e+06
-6.913359009289706592e+00 1.781537086715569890e+37 1.008816433203199995e+06
-6.902886092255357653e+00 1.804377007411520104e+37 1.008827336347969947e+06
-6.892815317951317411e+00 1.846214241156219975e+37 1.008837923372640042e+06
-6.883258387388195843e+00 1.874361270122919898e+37 1.008848052580739954e+06
-6.874117215011210646e+00 1.931811877842229890e+37 1.008857820941269980e+06
-6.864726873813197017e+00 1.969374081112959947e+37 1.008867929891410051e+06
-6.855565621808636934e+00 1.999459018121809958e+37 1.008877852316429955e+06
-6.846116718857956585e+00 2.039840024115480115e+37 1.008888157763700001e+06
-6.836904867755947635e+00 2.101523038501400086e+37 1.008898263878699974e+06
-6.827302869525738060e+00 2.144315536986529795e+37 1.008908860564709990e+06
-6.817987315334903542e+00 2.190957638157039870e+37 1.008919192128470051e+06
-6.808268581902666483e+00 2.237897720098619790e+37 1.008930029207819956e+06
-6.798921519264695235e+00 2.304270548027339978e+37 1.008940489291239996e+06
-6.789135116428951733e+00 2.349846797641080144e+37 1.008951481444710051e+06
-6.778876325508463196e+00 2.408467946384190159e+37 1.008963049016469973e+06
-6.769045718036068138e+00 2.466095102120649835e+37 1.008974156472299946e+06
-6.758799847542832140e+00 2.524092814422289929e+37 1.008985764507240034e+06
-6.748116656126512680e+00 2.579260718903639913e+37 1.008997890290559968e+06
-6.736979502995382063e+00 2.641165139145370233e+37 1.009010541156259947e+06
-6.725170727368094958e+00 2.703524138724409849e+37 1.009023956106069963e+06
-6.713315154265728779e+00 2.774258573736719953e+37 1.009037433160939952e+06
-6.702330427302513272e+00 2.831637127201220094e+37 1.009049888693180052e+06
-6.691202207046444528e+00 2.885632881724819825e+37 1.009062475143990014e+06
-6.679881115574971773e+00 2.943228222698900123e+37 1.009075245977189974e+06
-6.667784882418345660e+00 3.007301889161910145e+37 1.009088855185420020e+06
-6.654862835246603936e+00 3.077625813005959864e+37 1.009103330832130043e+06
-6.640958341864461545e+00 3.154246413385299955e+37 1.009118836184039945e+06
-6.625908698777493555e+00 3.237736274260010063e+37 1.009135538960839971e+06
-6.609518542238220107e+00 3.329518951038589768e+37 1.009153626735480037e+06
-6.591354865267931018e+00 3.432974832143400127e+37 1.009173543096960057e+06
-6.570164598299015779e+00 3.554638494220840061e+37 1.009196612657599966e+06
-6.546701556253538001e+00 3.691101051993380077e+37 1.009221956672459957e+06
-6.521802537317853421e+00 3.837985430987950229e+37 1.009248606746610021e+06
-6.496913777162262704e+00 3.986708720019929781e+37 1.009274970977779943e+06
-6.472545602155150846e+00 4.133626477155370186e+37 1.009300520915410016e+06
-6.448515129268344026e+00 4.279371062844840306e+37 1.009325448038310045e+06
-6.424893620904185809e+00 4.423045953051809583e+37 1.009349687865869957e+06
-6.401568712906737346e+00 4.565132750273860119e+37 1.009373349937770050e+06
-6.378408914482861292e+00 4.706080773830629830e+37 1.009396577562090009e+06
-6.355516901654482353e+00 4.845130781256790002e+37 1.009419260624750052e+06
-6.332819166877015959e+00 4.982519694185199566e+37 1.009441468874020036e+06
-6.310206309033674188e+00 5.118691590571709595e+37 1.009463315673539997e+06
-6.287643128132913262e+00 5.253747051164110082e+37 1.009484824880869943e+06
-6.265222041824017651e+00 5.387000498288559662e+37 1.009505915374409989e+06
-6.242856584962282795e+00 5.518828750470229793e+37 1.009526665568619967e+06
-6.220521785231539980e+00 5.649224080889120362e+37 1.009547082527630031e+06
-6.198135929975251202e+00 5.778495554924950305e+37 1.009567235162129975e+06
-6.175688570605416317e+00 5.906620815421580436e+37 1.009587125417449977e+06
-6.153259868930035736e+00 6.032990863002799793e+37 1.009606674370890018e+06
-6.130788886301161256e+00 6.157790111106440216e+37 1.009625929597069975e+06
-6.108264208123728167e+00 6.280968526791089714e+37 1.009644909518250031e+06
-6.085616587421100121e+00 6.402792682863240324e+37 1.009663654823309975e+06
-6.062842993262165692e+00 6.523151151557420175e+37 1.009682159909670008e+06
-6.039889969055366237e+00 6.642130709480430055e+37 1.009700454630829976e+06
-6.016842018078023102e+00 6.759171690276429764e+37 1.009718464553270023e+06
-5.993686271714977920e+00 6.874252345404080365e+37 1.009736194430670002e+06
-5.970358371785550844e+00 6.987572869920339769e+37 1.009753686080079991e+06
-5.946854919733596034e+00 7.099085817041489969e+37 1.009770940031639999e+06
-5.923107555245223921e+00 7.208880222412890056e+37 1.009787991921770037e+06
-5.899114768479194026e+00 7.316906629067640463e+37 1.009804831059469958e+06
-5.874933797713310923e+00 7.422804991092930148e+37 1.009821407505549956e+06
-5.850538669721572660e+00 7.526572285934970267e+37 1.009837730121330009e+06
-5.825919241382507607e+00 7.628168511222669785e+37 1.009853797582600033e+06
-5.801005319619434886e+00 7.727826490861880374e+37 1.009869649335609982e+06
-5.775788785897020716e+00 7.825384226082259983e+37 1.009885155993380002e+06
-5.750233636448683683e+00 7.920948808701969927e+37 1.009900433070549974e+06
-5.724416416094754823e+00 8.014120750072789761e+37 1.009915456277959980e+06
-5.698314356632181443e+00 8.104944036716360200e+37 1.009930301352679962e+06
-5.671849956408550497e+00 8.193953143722990196e+37 1.009944776781419991e+06
-5.645003667268611025e+00 8.281030598521539577e+37 1.009959004262779956e+06
-5.617756633269891609e+00 8.366144939623280209e+37 1.009972993555580033e+06
-5.590169080096529797e+00 8.448903171288629767e+37 1.009986724243649980e+06
-5.562205479720432777e+00 8.529366560336180160e+37 1.010000190284600016e+06
-5.533773425944673363e+00 8.607663919124939714e+37 1.010013422322159982e+06
-5.504853794263908640e+00 8.683837834464440371e+37 1.010026417329429998e+06
-5.475566510125645436e+00 8.757564188726320769e+37 1.010039113575709984e+06
-5.445806839612487238e+00 8.829089054775410595e+37 1.010051551304160035e+06
-5.415526484044676181e+00 8.898468149611480617e+37 1.010063741062639980e+06
-5.384759614702488761e+00 8.965694100070770624e+37 1.010075663069949951e+06
-5.353507065490703098e+00 9.030775359403659612e+37 1.010087312766270014e+06
-5.321702113287756220e+00 9.093853478374159603e+37 1.010098710758280009e+06
-5.289338353883067612e+00 9.154992972493090736e+37 1.010109855132509954e+06
-5.256457042451074813e+00 9.214172588233420850e+37 1.010120730190939968e+06
-5.222977649296808522e+00 9.271571722873599351e+37 1.010131362224600045e+06
-5.188958843194996007e+00 9.327208374302999276e+37 1.010141733252929989e+06
-5.154394699042313732e+00 9.381153419295469158e+37 1.010151849214480026e+06
-5.119259741433779709e+00 9.433565789454020165e+37 1.010161721997780027e+06
-5.083711397339357063e+00 9.484350776641020531e+37 1.010171317694340018e+06
-5.047626207691791933e+00 9.533784908329040553e+37 1.010180692422530032e+06
-5.010946406204311643e+00 9.582075876754259543e+37 1.010189864198619965e+06
-4.973632471934251953e+00 9.629412226777080497e+37 1.010198851859070011e+06
-4.935604294958466198e+00 9.676018073052850591e+37 1.010207683029540000e+06
-4.896939575803116895e+00 9.722011150794310328e+37 1.010216349606830045e+06
-4.857723446322779637e+00 9.767456248133510873e+37 1.010224846767970012e+06
-4.817384756563114934e+00 9.813026758449929301e+37 1.010233310784579953e+06
-4.776723147799202707e+00 9.858300804251900207e+37 1.010241589440459968e+06
-4.734065140692109708e+00 9.904758883463359375e+37 1.010250038022550056e+06
-4.691938204006874003e+00 9.950755298110820185e+37 1.010258170357219991e+06
-4.648485837591579184e+00 9.997542171795569643e+37 1.010266383463170030e+06
-4.602093359462742228e+00 1.004712373700840072e+38 1.010274985888410010e+06
-4.556831997215340380e+00 1.009657142645249957e+38 1.010283238526890054e+06
-4.511118347756564617e+00 1.014653205206170081e+38 1.010291484484149958e+06
-4.463276861672056839e+00 1.019905271144630061e+38 1.010300048234240036e+06
-4.411617720019421540e+00 1.025633935552000083e+38 1.010309254234279972e+06
-4.358550907716562506e+00 1.031695026483130089e+38 1.010318694665099960e+06
-4.311738056348985992e+00 1.037324045302789932e+38 1.010327024493479985e+06
-4.271364405416534282e+00 1.042293160571940038e+38 1.010334246819140040e+06
-4.236599062031018548e+00 1.046645175030710036e+38 1.010340505755319959e+06
-4.206591287882474717e+00 1.050455883498020004e+38 1.010345943270870019e+06
-4.180680577614111826e+00 1.053789679183879924e+38 1.010350666890230030e+06
-4.158199412617250346e+00 1.056713061686959941e+38 1.010354788472049986e+06
-4.138497271189407911e+00 1.059296166829520016e+38 1.010358418930159998e+06
-4.120894090840010904e+00 1.061616292733980059e+38 1.010361676971610053e+06
-4.104460663133068010e+00 1.063781921537200060e+38 1.010364729761890019e+06
-4.087291240270133130e+00 1.066017254897070079e+38 1.010367922373060021e+06
-4.055971113550185692e+00 1.069845047507340044e+38 1.010373788090190035e+06
-4.012304695817874745e+00 1.075484561417199928e+38 1.010382005414490006e+06
-3.960394004898262210e+00 1.082518815789600092e+38 1.010391880642159958e+06
-3.899693984305486083e+00 1.090981495129939964e+38 1.010403637270709965e+06
-3.836765639018267393e+00 1.100152248628939944e+38 1.010416057143040001e+06
-3.771979667617415544e+00 1.109833197281469999e+38 1.010429136041179998e+06
-3.703805195822496898e+00 1.120227042315070046e+38 1.010443234643560019e+06
-3.630558644064876717e+00 1.131628038834220089e+38 1.010458764748750022e+06
-3.550180175596324261e+00 1.144407504796829944e+38 1.010476255666550016e+06
-3.459908270335290581e+00 1.159043628556590081e+38 1.010496433821760002e+06
-3.365571694390382618e+00 1.174926112491529956e+38 1.010518063063340029e+06
-3.276724989889771678e+00 1.190488824194519990e+38 1.010538899239449995e+06
-3.189823148539289832e+00 1.205877053388559933e+38 1.010559736555380048e+06
-3.102727817698905710e+00 1.221464565616520070e+38 1.010581011442429968e+06
-3.013675198169948999e+00 1.237532606869750013e+38 1.010603105265490012e+06
-2.920971684136020485e+00 1.254321172436129973e+38 1.010626390621599974e+06
-2.822807207659934647e+00 1.272304143507380032e+38 1.010647239619479980e+06
-2.717069290942163207e+00 1.291367773665770025e+38 1.010671435758330044e+06
-2.601000865150126629e+00 1.312316540782669908e+38 1.010699518096089945e+06
-2.471109020742005669e+00 1.335968797233319948e+38 1.010726240091510001e+06
-2.332541933072207030e+00 1.360049536135259945e+38 1.010756774222959997e+06
-2.203702206912566908e+00 1.382361567325220024e+38 1.010785860337230028e+06
-2.079129543817543890e+00 1.403048049359120012e+38 1.010813879281830043e+06
-1.955808649901882745e+00 1.422582070243359940e+38 1.010840946215440053e+06
-1.831476503153680824e+00 1.441206950241459951e+38 1.010867203607560019e+06
-1.704176984290825203e+00 1.459058429248099964e+38 1.010892748298619990e+06
-1.571960804576519877e+00 1.476193526645490032e+38 1.010917615605560015e+06
-1.432700788835063577e+00 1.492589066572639959e+38 1.010941749404520029e+06
-1.283909614634467289e+00 1.508165874005429953e+38 1.010964993111519958e+06
-1.122324847638083156e+00 1.522724993825659957e+38 1.010986993322020047e+06
-9.437890600966056809e-01 1.536343349634720083e+38 1.011006111414390034e+06
-7.640504727460211143e-01 1.547124823829560000e+38 1.011018539155649953e+06
-6.021909023693297058e-01 1.555499862175460074e+38 1.011028012225529994e+06
-4.561265774682397023e-01 1.561351637157179990e+38 1.011034612727549975e+06
-3.241843765135854483e-01 1.565677813209050062e+38 1.011035563614469953e+06
-2.048171949791139923e-01 1.567566606768099943e+38 1.011036383714289987e+06
-9.728533468296518549e-02 1.568734876266180032e+38 1.011035317346230033e+06
0.000000000000000000e+00 1.568884910961440034e+38 1.011033528612109949e+06
8.738756803359137848e-02 1.568430095438460076e+38 1.011031137758670026e+06
1.660256819377536885e-01 1.567534121466360035e+38 1.011028285256889998e+06
2.364176141854841262e-01 1.566358497365829930e+38 1.011025141444699955e+06
2.991979498547152616e-01 1.565009004842360069e+38 1.011021860799859976e+06
3.549819311883766204e-01 1.563574712487489982e+38 1.011018568537989981e+06
4.043800338185974397e-01 1.562122531908540023e+38 1.011015358085899963e+06
4.480859413088182919e-01 1.560693115870050060e+38 1.011012288193549961e+06
4.868048433272633702e-01 1.559311612360700071e+38 1.011009388867900008e+06
5.215798842400545254e-01 1.557961505840329988e+38 1.011006641051309998e+06
5.534925089741591364e-01 1.556620587971830069e+38 1.011003997652149992e+06
5.841988203683285974e-01 1.555206883837599911e+38 1.011001338916940033e+06
6.184197362235863693e-01 1.553375755863300012e+38 1.010998221486969967e+06
6.865193587727844715e-01 1.548458166681439941e+38 1.010991432719519944e+06
7.630592476416495629e-01 1.543560022436000005e+38 1.010982915644360008e+06
8.484923741707461886e-01 1.537607293296560026e+38 1.010972572098360048e+06
9.508994706411613151e-01 1.529592821426549996e+38 1.010959042371270014e+06
1.075640907962224446e+00 1.518877011491650066e+38 1.010940916575829964e+06
1.230966648530738894e+00 1.504238822828649990e+38 1.010916107781570056e+06
1.429822337166115176e+00 1.483761252082670039e+38 1.010881258633050020e+06
1.621093967849446926e+00 1.464394059654319933e+38 1.010845490489889984e+06
1.794711020258546341e+00 1.446277615426790042e+38 1.010811675800209981e+06
1.950748945680970792e+00 1.429441234128139917e+38 1.010780404851470026e+06
2.091877416285569780e+00 1.413754938417049933e+38 1.010751529540120042e+06
2.218388560613675509e+00 1.399426950321639911e+38 1.010725247000369942e+06
2.332323358263238333e+00 1.386291502608290018e+38 1.010701324240220012e+06
2.434295901824953035e+00 1.374406377998880074e+38 1.010679750072679948e+06
2.525483663310296834e+00 1.363680128714669987e+38 1.010660359544430044e+06
2.606655241383123212e+00 1.354075182419809960e+38 1.010643042276110034e+06
2.678605026965669822e+00 1.345525296160360077e+38 1.010627662764490000e+06
2.742193911013600882e+00 1.337944874137299980e+38 1.010614057234580046e+06
2.798360074732045177e+00 1.331231296680650027e+38 1.010602036124979961e+06
2.848189480682776775e+00 1.325257082617370012e+38 1.010591371999530005e+06
2.893038759240880609e+00 1.319855149370689955e+38 1.010581776111299987e+06
2.934953847638098523e+00 1.314761660122889912e+38 1.010572809923249995e+06
2.977970924010151066e+00 1.309436510302709927e+38 1.010563600152179948e+06
3.049710880513885058e+00 1.299937597816649921e+38 1.010548220840440015e+06
3.144673854381835554e+00 1.287663889463690007e+38 1.010527783440349973e+06
3.251779218146111816e+00 1.274092109630999967e+38 1.010504765322900028e+06
3.379570149925712030e+00 1.257787338093819972e+38 1.010477493010579958e+06
3.537454754114151001e+00 1.237719137315099980e+38 1.010444191208139993e+06
3.736291291214001831e+00 1.212859887176949918e+38 1.010403108615069999e+06
3.962425200254074298e+00 1.185803462744099962e+38 1.010357824816660024e+06
4.214483742172888014e+00 1.156945242401530094e+38 1.010309473873759969e+06
4.502288538948050700e+00 1.125591668801260049e+38 1.010257236704719951e+06
4.838861546522821300e+00 1.091225794525489916e+38 1.010200322367839981e+06
5.247686848000739701e+00 1.052904844969679911e+38 1.010137391735529993e+06
5.735761811818520073e+00 1.013186502670330070e+38 1.010070507289850037e+06
6.201826294287457131e+00 9.808846942044000204e+37 1.010013312437559944e+06
6.615225497451319825e+00 9.554353544085240706e+37 1.009967308523099986e+06
6.980538846044510137e+00 9.349482094030170863e+37 1.009930073838729993e+06
7.304099388536997139e+00 9.184201045362969760e+37 1.009899505486509996e+06
7.590561631935997866e+00 9.049172868646200927e+37 1.009874230412030010e+06
7.843908089234901126e+00 8.937461584445769249e+37 1.009853125268839998e+06
8.068815695514786057e+00 8.844399914539549667e+37 1.009835340010259999e+06
8.268639643232745584e+00 8.765981202189040243e+37 1.009820220100829960e+06
8.447042257081193384e+00 8.699316866985269666e+37 1.009807237306079944e+06
8.605779130070004612e+00 8.642576531955399673e+37 1.009796068712459994e+06
8.747795186915027443e+00 8.593629427120180631e+37 1.009786367493410013e+06
8.874358666646003257e+00 8.551474687938080745e+37 1.009777940312240040e+06
8.987163566787785385e+00 8.514992623264170725e+37 1.009770595858650049e+06
9.087434138862590771e+00 8.483416044598480091e+37 1.009764193817300024e+06
9.176368556210945826e+00 8.456060165888789958e+37 1.009758610832359991e+06
9.255251649417914450e+00 8.432277305058149789e+37 1.009753731896340032e+06
9.325432034078403376e+00 8.411461792156780431e+37 1.009749445712179993e+06
9.389281084921094589e+00 8.392677657380980277e+37 1.009745587905260036e+06
9.450993152233422734e+00 8.374403485672189743e+37 1.009741889013589942e+06
9.526202029177511577e+00 8.350806842746279843e+37 1.009737390134009998e+06
9.648196242545964196e+00 8.308692767743889674e+37 1.009730123373039998e+06
9.818098244722932577e+00 8.249799679747170383e+37 1.009720031118809944e+06
1.000325874309783103e+01 8.190877091116100326e+37 1.009709199792289990e+06
1.021060826112079667e+01 8.128269096476560094e+37 1.009697434714179952e+06
1.044353563072945690e+01 8.061815878408090174e+37 1.009684704968219972e+06
1.070812232946627773e+01 7.990695726855139871e+37 1.009670870783169987e+06
1.101757320811157115e+01 7.912358892109259654e+37 1.009655498083589948e+06
1.134267464611912146e+01 7.839617883881050159e+37 1.009640214613629971e+06
1.162964008728886256e+01 7.786179809488710047e+37 1.009627425525340019e+06
1.188448512959439540e+01 7.742029810668540139e+37 1.009616568824780057e+06
1.211143773228104692e+01 7.704149171992889969e+37 1.009607206294010044e+06
1.231409869920753408e+01 7.671062057178270207e+37 1.009599037978520035e+06
1.249544598696229514e+01 7.641891517145210169e+37 1.009591852821080014e+06
1.265804779898462584e+01 7.616007331909710418e+37 1.009585493983370019e+06
1.280366878237691708e+01 7.593046301165939595e+37 1.009579857368560042e+06
1.293407617994671455e+01 7.572629661587750387e+37 1.009574851103779976e+06
1.305064269063586835e+01 7.554499207284829607e+37 1.009570406166160014e+06
1.315466463777556783e+01 7.538408246074319736e+37 1.009566460730809951e+06
1.324751525735337054e+01 7.524090726971379989e+37 1.009562954882299993e+06
1.333076057653670432e+01 7.511241661274389954e+37 1.009559821498570032e+06
1.340738793498894665e+01 7.499219767026380227e+37 1.009556941092920024e+06
1.348357842263067141e+01 7.486634640591189982e+37 1.009554065383589943e+06
1.359330118629441131e+01 7.464441108544389709e+37 1.009549844217380043e+06
1.373805631324648857e+01 7.433086786049770399e+37 1.009544132416839944e+06
1.392249648286087904e+01 7.392360964953340003e+37 1.009536739058159990e+06
1.412634704127412988e+01 7.350358121299380150e+37 1.009528568782030023e+06
1.435589026584784733e+01 7.304463101865899623e+37 1.009519499801559956e+06
1.461789391215279466e+01 7.253423898637070422e+37 1.009509356184359989e+06
1.492299487890704768e+01 7.195468916743900181e+37 1.009497838658210007e+06
1.520266793370683445e+01 7.151494791022029571e+37 1.009487620871450054e+06
1.545314181251887931e+01 7.114825410775289578e+37 1.009478754860099987e+06
1.567745577304594917e+01 7.082583165921469994e+37 1.009470980393870035e+06
1.587875066723063355e+01 7.053670326719100390e+37 1.009464094618509989e+06
1.605993056122679263e+01 7.027515901046700045e+37 1.009457947275719955e+06
1.622269328302354552e+01 7.003957943995049723e+37 1.009452454089269973e+06
1.636909390604705550e+01 6.982671573694539949e+37 1.009447530349040055e+06
1.650054454201017506e+01 6.963506334903730230e+37 1.009443120760460035e+06
1.661847782309632748e+01 6.946262735769840404e+37 1.009439172480960027e+06
1.672410265036160126e+01 6.930781372525469835e+37 1.009435639983089990e+06
1.682010892096877797e+01 6.916508270042519611e+37 1.009432429375770036e+06
1.691023310853779549e+01 6.902696404878090254e+37 1.009429406564770034e+06
1.700608338998426916e+01 6.886552432075589831e+37 1.009426146345169982e+06
1.719682545006071450e+01 6.842797835752040222e+37 1.009419383042640053e+06
1.738184529299178394e+01 6.808024603192879857e+37 1.009412684806489968e+06
1.759290813899860950e+01 6.766891556949429952e+37 1.009405092994590057e+06
1.783105167255416745e+01 6.721184858239779912e+37 1.009396599286439945e+06
1.805771740716591012e+01 6.682559319536199929e+37 1.009388659473179956e+06
1.826267165055469377e+01 6.650026196088860382e+37 1.009381639039369998e+06
1.844700090334663400e+01 6.621460510648510048e+37 1.009375437788609997e+06
1.861332624464557739e+01 6.595802637076180170e+37 1.009369911466220045e+06
1.876315418006561231e+01 6.572753373725619894e+37 1.009364976905260002e+06
1.889803362586098956e+01 6.552028556694280413e+37 1.009360563476099982e+06
1.901949727577448357e+01 6.533365618150559742e+37 1.009356607153499965e+06
1.912951327361224685e+01 6.516380107249950372e+37 1.009353035311619984e+06
1.923177515197312459e+01 6.500266874867649664e+37 1.009349715277440031e+06
1.933537881714437390e+01 6.482851005195280074e+37 1.009346325753240031e+06
1.950616105297376635e+01 6.445907028970840324e+37 1.009340550171229988e+06
1.969671190332155675e+01 6.408188584324999899e+37 1.009333980075170053e+06
1.990966008650866570e+01 6.367074323770530310e+37 1.009326667731179972e+06
2.015204433867620537e+01 6.321032735247500157e+37 1.009318446533750044e+06
2.043119831068906933e+01 6.269272237284789755e+37 1.009309159483039984e+06
2.068778905038197991e+01 6.229022046530879963e+37 1.009300874528710032e+06
2.091960925039165886e+01 6.194497089505740430e+37 1.009293600176329957e+06
2.112846421614085557e+01 6.163873036363670275e+37 1.009287169872469967e+06
2.131791897182847606e+01 6.136065662805039886e+37 1.009281409905849956e+06
2.148909279825602425e+01 6.111043963142760075e+37 1.009276249676850042e+06
2.164378020498406840e+01 6.088467298459940427e+37 1.009271615989670041e+06
2.178361842720187269e+01 6.068073941394159653e+37 1.009267446877959999e+06
2.191054603282100288e+01 6.049509152331850170e+37 1.009263674139430048e+06
2.202835850023984676e+01 6.031962974226769682e+37 1.009260174707869999e+06
2.214535716823593248e+01 6.013563290474899575e+37 1.009256676668570028e+06
2.230730845766811399e+01 5.982481353444449857e+37 1.009251688232450048e+06
2.251367664366989629e+01 5.942411037025029982e+37 1.009245189090859960e+06
2.273404957683669636e+01 5.903451315179750061e+37 1.009238271663730033e+06
2.298755767352122348e+01 5.858511354954630089e+37 1.009230427443559980e+06
2.328178604631830240e+01 5.807658126928569839e+37 1.009221498193250038e+06
2.354881768249470042e+01 5.769296916860960118e+37 1.009213650136990007e+06
2.379068859558901750e+01 5.735725146882630470e+37 1.009206735248769983e+06
2.400975503088557161e+01 5.705517363249420096e+37 1.009200576085429988e+06
2.420827022571756970e+01 5.678143815845669699e+37 1.009195050617089961e+06
2.438824915090663126e+01 5.653298903534920197e+37 1.009190073331980035e+06
2.455156787046871614e+01 5.630718718983749661e+37 1.009185576069170027e+06
2.469983468338614330e+01 5.610179765759360224e+37 1.009181503882359946e+06
2.483668797213613288e+01 5.590929663175259570e+37 1.009177745943450020e+06
2.496820636652410030e+01 5.571734993666269633e+37 1.009174119619359961e+06
2.511624762487917906e+01 5.547380718655969828e+37 1.009169945705709979e+06
2.534770214185846271e+01 5.502112221095619550e+37 1.009163188544939971e+06
2.555493028112687171e+01 5.470782972417149713e+37 1.009157166824960033e+06
2.574294206064223545e+01 5.443317590964469639e+37 1.009151806969390018e+06
2.591382201173109934e+01 5.418523461416460400e+37 1.009146998253919999e+06
2.606930819922854425e+01 5.395953776795960128e+37 1.009142659433469991e+06
2.621319790400593774e+01 5.374791338802959621e+37 1.009138661116200034e+06
2.635210248682415113e+01 5.353666175064409716e+37 1.009134796966059948e+06
2.651036516433669021e+01 5.326695132060060022e+37 1.009130307512479951e+06
2.669505709163058782e+01 5.293892293606550106e+37 1.009124975646069972e+06
2.686236151569755748e+01 5.267879788066379883e+37 1.009120160018770024e+06
2.701578375446115388e+01 5.244424342910860009e+37 1.009115791884209961e+06
2.716015273249649908e+01 5.222117187331390344e+37 1.009111709394349949e+06
2.730752182653668569e+01 5.198078866002259983e+37 1.009107527446580003e+06
2.755030117167189019e+01 5.149174492446240088e+37 1.009100429212099989e+06
2.777142071556590963e+01 5.114601246050569942e+37 1.009094046913999948e+06
2.802480748879315797e+01 5.071869019363279606e+37 1.009086883368190029e+06
2.825266403029672801e+01 5.039125185365090122e+37 1.009080610752990004e+06
2.846127491039078450e+01 5.009759810832479910e+37 1.009075011426390032e+06
2.865155803442030447e+01 4.983413729492159883e+37 1.009069994713959983e+06
2.882496386801358312e+01 4.959667729313690102e+37 1.009065482569189975e+06
2.898582194684422575e+01 4.937533196222000127e+37 1.009061333056819974e+06
2.914020651475584600e+01 4.915841792445730408e+37 1.009057363168810029e+06
2.930811188882216811e+01 4.890104254241600392e+37 1.009052989407459972e+06
2.962783249605854508e+01 4.829581650117180328e+37 1.009044384395590052e+06
2.986772540745732840e+01 4.801942833609900075e+37 1.009038169143380015e+06
3.013177752446063096e+01 4.763616765426110209e+37 1.009031488115819986e+06
3.037086122099572094e+01 4.732953865926930263e+37 1.009025554365420016e+06
3.058909091082023224e+01 4.705371464170510054e+37 1.009020235803570016e+06
3.078862020553060574e+01 4.680324816720190002e+37 1.009015432642610045e+06
3.097144399935496040e+01 4.657449453646390245e+37 1.009011067390499986e+06
3.114267502057919046e+01 4.635731935426409567e+37 1.009006996361789992e+06
3.130990639674564591e+01 4.613819597260020291e+37 1.009003011316639953e+06
3.150562566245935159e+01 4.584754715601980145e+37 1.008998237679959973e+06
3.175154884166113334e+01 4.546494327599180095e+37 1.008992136285939952e+06
3.197327991835481953e+01 4.518239143091780412e+37 1.008986721416149987e+06
3.217707504198187962e+01 4.492625714806520457e+37 1.008981840283980011e+06
3.236474261232797289e+01 4.469139075665999587e+37 1.008977400335849961e+06
3.254134837879246334e+01 4.446735103118020456e+37 1.008973249323750031e+06
3.271764846061705612e+01 4.423380138878059640e+37 1.008969096124719945e+06
3.294456935398193309e+01 4.388455416760259621e+37 1.008963604440239957e+06
3.318920977061497979e+01 4.353688607417780068e+37 1.008957675391430035e+06
3.341191794735641452e+01 4.325802812896060439e+37 1.008952384829210001e+06
3.361662155347585212e+01 4.300518155510330078e+37 1.008947610008509946e+06
3.380666605439182604e+01 4.277038240619000296e+37 1.008943229017029982e+06
3.398869879416452022e+01 4.254129156340269622e+37 1.008939055138819967e+06
3.418039342154224869e+01 4.228329342819279985e+37 1.008934620071580051e+06
3.444802922577946447e+01 4.186905897659939798e+37 1.008928268608630053e+06
3.468831807294191094e+01 4.157595665536680018e+37 1.008922671726790024e+06
3.490996508541138610e+01 4.130854316030350053e+37 1.008917624243870028e+06
3.511408263046905631e+01 4.106446322534239873e+37 1.008913043325620005e+06
3.530661365332343848e+01 4.083172552977430092e+37 1.008908759536650032e+06
3.549713371266261674e+01 4.059430354114019941e+37 1.008904524368489976e+06
3.572446195015072590e+01 4.027625108304600068e+37 1.008899362617489998e+06
3.598864780573785538e+01 3.991098180300939793e+37 1.008893329019629979e+06
3.622852493878599489e+01 3.962950970881179932e+37 1.008887969715949963e+06
3.622854700796597172e+01 3.985086711286040091e+37 1.009431331329099950e+06
3.622855388384050457e+01 3.985421832236950137e+37 1.009436441591609968e+06
3.622856756683177082e+01 3.985132456432080044e+37 1.009435099798280047e+06
3.622858672004804248e+01 3.985150409978209855e+37 1.009435928033499978e+06
3.622860916750505567e+01 3.985147914660809923e+37 1.009437128884159960e+06
3.622863571505149594e+01 3.985146198082570182e+37 1.009438476208709995e+06
3.622866729676024988e+01 3.985145025817199846e+37 1.009439998881130014e+06
3.622870521221921081e+01 3.985143651005900032e+37 1.009441726065180032e+06
3.622875100258534076e+01 3.985142098089049909e+37 1.009443670385850011e+06
3.622880696345237084e+01 3.985140330188440076e+37 1.009445846576679964e+06
3.622887642369460082e+01 3.985138323916720058e+37 1.009448262819100055e+06
3.622896445864171255e+01 3.985136041658570045e+37 1.009450920531530050e+06
3.622906218461139360e+01 3.985134178028560000e+37 1.009453399930980057e+06
3.622916385049757082e+01 3.985132745136470107e+37 1.009455574225030025e+06
3.622926932499831310e+01 3.985131569948439905e+37 1.009457426973260008e+06
3.622938226153200958e+01 3.985130507943789772e+37 1.009459058203499997e+06
3.622950317920185626e+01 3.985129670878400169e+37 1.009460458983039949e+06
3.622963668606826104e+01 3.985128946635290159e+37 1.009461678754469962e+06
3.622978742337727454e+01 3.985128373291729942e+37 1.009462739467900014e+06
3.622996312259783735e+01 3.985127940262989810e+37 1.009463674719700008e+06
3.623017366371641401e+01 3.985127716698690199e+37 1.009464463477869984e+06
3.623045252724841703e+01 3.985127354390309876e+37 1.009465152198530035e+06
3.623086565586709185e+01 3.985126788927689853e+37 1.009465772138349945e+06
3.623160840747004841e+01 3.985125206129940196e+37 1.009466408189160051e+06
3.623308648316742619e+01 3.985124698667090027e+37 1.009467360876500024e+06
3.623602785380353453e+01 3.985115533626590051e+37 1.009469548321860027e+06
3.624188118136953562e+01 3.984733511233879922e+37 1.009475028269330040e+06
3.625352930321969325e+01 3.980941487017380010e+37 1.009487919924290036e+06
3.627670906569983345e+01 3.963071729850810060e+37 1.009514102113949950e+06
3.632283679304237012e+01 3.917357568646850099e+37 1.009557187000149977e+06
3.641463097045198083e+01 3.847656546178109924e+37 1.009612542229649960e+06
3.657040431883069687e+01 3.785664613874860059e+37 1.009661915222979966e+06
3.677242365354322828e+01 3.750313524857150095e+37 1.009692358883320005e+06
3.697065384490269935e+01 3.735220831312900130e+37 1.009706531461699982e+06
3.721035607764497399e+01 3.720094604169520080e+37 1.009712290351110045e+06
3.746067277999827638e+01 3.706320862385510192e+37 1.009711857562500052e+06
3.769096315192291513e+01 3.694589028611709902e+37 1.009708414331529988e+06
3.790443991166102933e+01 3.682431513986059880e+37 1.009703592856829986e+06
3.810802659916225821e+01 3.669197716198379916e+37 1.009697971607269952e+06
3.831480607215053169e+01 3.653582978906630192e+37 1.009691447246599942e+06
3.859638210641423939e+01 3.625351798186410107e+37 1.009681151016699965e+06
3.886135605908930302e+01 3.603215010577880155e+37 1.009670961233049980e+06
3.910425225365906954e+01 3.583126566606790207e+37 1.009661467403730028e+06
3.932922315309406258e+01 3.563965962639460171e+37 1.009652593561319984e+06
3.954191850431379862e+01 3.545225219848639990e+37 1.009644136167980032e+06
3.975165334174380405e+01 3.525810721640929911e+37 1.009635699625659967e+06
3.999190704127249774e+01 3.500537506954989940e+37 1.009625732568099978e+06
4.026142938085831702e+01 3.471763281365500202e+37 1.009614287795900018e+06
4.050807495976914652e+01 3.448642151904720102e+37 1.009603909498080029e+06
4.073635377418395365e+01 3.427342129445399878e+37 1.009594433982559945e+06
4.095299216706189327e+01 3.406766729383400083e+37 1.009585520655830042e+06
4.116972541844006628e+01 3.385328774732509838e+37 1.009576611955960048e+06
4.143060789981245762e+01 3.356162000775200147e+37 1.009565646025329945e+06
4.169852440260729054e+01 3.328223496187029944e+37 1.009554359071249957e+06
4.194479782369307941e+01 3.304617481703529832e+37 1.009544162249819958e+06
4.217425995120720472e+01 3.282711270556589826e+37 1.009534818267129944e+06
4.239498281318083173e+01 3.261287583357890165e+37 1.009525925102769979e+06
4.262243457772274269e+01 3.238199490562699885e+37 1.009516767622940009e+06
4.289978836187219713e+01 3.207043126166409966e+37 1.009505376226749970e+06
4.315301586355781183e+01 3.182517167777930137e+37 1.009495104657670017e+06
4.338910423878405709e+01 3.159744306891569770e+37 1.009485688940069987e+06
4.361505581088567851e+01 3.137792521649779814e+37 1.009476790203989949e+06
4.384417019376996905e+01 3.114854164179400131e+37 1.009467809157909942e+06
4.413252505564014427e+01 3.082507906397790208e+37 1.009456287551400019e+06
4.441601273278502049e+01 3.054284786073049816e+37 1.009445077930000029e+06
4.467565136576013174e+01 3.030066242375350161e+37 1.009435054045879981e+06
4.491827153378108051e+01 3.007536221547949916e+37 1.009425875844820053e+06
4.514979317668621661e+01 2.985988072224410204e+37 1.009417242744549992e+06
4.538445903944375459e+01 2.963509906749280233e+37 1.009408547273449949e+06
4.567114405008760514e+01 2.933107385672889767e+37 1.009397745937210042e+06
4.598410376698302571e+01 2.901686905422710123e+37 1.009385979957000003e+06
4.628032070004701382e+01 2.874903166717969885e+37 1.009375129684149986e+06
4.655230015171400737e+01 2.851351600110250164e+37 1.009365443079350051e+06
4.680443175057007466e+01 2.829660354864109923e+37 1.009356647804309963e+06
4.704537335033819545e+01 2.808690180603240141e+37 1.009348350311310031e+06
4.728694614147389075e+01 2.787111852561339991e+37 1.009340070055410033e+06
4.756683576999785146e+01 2.759788849322790227e+37 1.009330325948319980e+06
4.785985515411448432e+01 2.732114304107030215e+37 1.009320077723019989e+06
4.812928483211726416e+01 2.708750635465319857e+37 1.009310815604510019e+06
4.838142298013553955e+01 2.686965299063259948e+37 1.009302284472470055e+06
4.862624162215797696e+01 2.665526956839670123e+37 1.009294082249999978e+06
4.888104089294938603e+01 2.642412225955949828e+37 1.009285552096009953e+06
4.918299567719805054e+01 2.612846143046909768e+37 1.009275261522409972e+06
4.945940625763614662e+01 2.588801725136919902e+37 1.009265946908649988e+06
4.971759381505398778e+01 2.566403994970380053e+37 1.009257375464700046e+06
4.996738053487933939e+01 2.544574244798220236e+37 1.009249169879850000e+06
5.022444704946246929e+01 2.521563093232230139e+37 1.009240754377490026e+06
5.053965161714586429e+01 2.490877166835119923e+37 1.009230260927219992e+06
5.082710367384424899e+01 2.466258215714889895e+37 1.009220813276550034e+06
5.109419308220822131e+01 2.443527994730620086e+37 1.009212186864000047e+06
5.135023993616778171e+01 2.421722306479140057e+37 1.009204026786130038e+06
5.160855515888397349e+01 2.399436520790150184e+37 1.009195855293520028e+06
5.190706606124149403e+01 2.371984582843229965e+37 1.009186326346340007e+06
5.221308652077277657e+01 2.344870558762550026e+37 1.009176553521599970e+06
5.249484502377890749e+01 2.321657759296340151e+37 1.009167729391030036e+06
5.276038110260560643e+01 2.299999537511469832e+37 1.009159561610399978e+06
5.302024003796395846e+01 2.278722325161869931e+37 1.009151666684190044e+06
5.329828360516694374e+01 2.255173809410339897e+37 1.009143239743279992e+06
5.362802277938317275e+01 2.225720086898119947e+37 1.009133113558240002e+06
5.392848233279801207e+01 2.201799694162000042e+37 1.009124033143609995e+06
5.420768316292378586e+01 2.179884262431489920e+37 1.009115762688240036e+06
5.447512986815127078e+01 2.158991809864819875e+37 1.009107960626729997e+06
5.474549792244215496e+01 2.137628936631479857e+37 1.009100141723950044e+06
5.505844158837862778e+01 2.111412104987300082e+37 1.009091023788569961e+06
5.538683415124978637e+01 2.084488625158210092e+37 1.009081425338680041e+06
5.568774226115783677e+01 2.061805950209010049e+37 1.009072810313089984e+06
5.596959548398444895e+01 2.040901124396400075e+37 1.009064903001909959e+06
5.624329631610453362e+01 2.020641629091950007e+37 1.009057335841999971e+06
5.652749550403677858e+01 1.999199876696479899e+37 1.009049528237620019e+06
5.688756026460760040e+01 1.969758129203659937e+37 1.009039480528960004e+06
5.721988571287511149e+01 1.945524819992610014e+37 1.009030321863100049e+06
5.752622478899866110e+01 1.923762662694359990e+37 1.009022059381330037e+06
5.781448441950487904e+01 1.903621168671260070e+37 1.009014428998210002e+06
5.809657552016869886e+01 1.883943313422219899e+37 1.009007059347209986e+06
5.839501349951751763e+01 1.862611597597560085e+37 1.008999293661950040e+06
5.877932647881971207e+01 1.832964859571550072e+37 1.008989118346940028e+06
5.912698031384934438e+01 1.809454668030729936e+37 1.008980072645170032e+06
5.944595199741888791e+01 1.788351987910319955e+37 1.008971964205370052e+06
5.974594683555187657e+01 1.768789288279180106e+37 1.008964481203550007e+06
6.003826232311985223e+01 1.749836805348419944e+37 1.008957291751069948e+06
6.034391910593694774e+01 1.729620876376779975e+37 1.008949811389939976e+06
6.074039175244979560e+01 1.701173691406500099e+37 1.008939933090629987e+06
6.111394141608616337e+01 1.677080314096039888e+37 1.008930737718089949e+06
6.145567800726712449e+01 1.656005681008919944e+37 1.008922529694690020e+06
6.177392957142728847e+01 1.636814243419800036e+37 1.008915049828769988e+06
6.207998519434477203e+01 1.618517294537390059e+37 1.008907971491880016e+06
6.239017203549155965e+01 1.599814647791310050e+37 1.008900859967130003e+06
6.275352264365938026e+01 1.576530766969109988e+37 1.008892445567409974e+06
6.317127107457781676e+01 1.549432597085349934e+37 1.008882660261310055e+06
6.355025380674487678e+01 1.527766538692730038e+37 1.008874023306270014e+06
6.389843320024374407e+01 1.508407795791219897e+37 1.008866294068119954e+06
6.422685953559994232e+01 1.490399144002720112e+37 1.008859149263010011e+06
6.454803894843644230e+01 1.472824667616489997e+37 1.008852253309909953e+06
6.488574994878581492e+01 1.453913188565210065e+37 1.008845023248550016e+06
6.533179825948172947e+01 1.426791772255449903e+37 1.008835268856890034e+06
6.576676103776844684e+01 1.402577619626620068e+37 1.008825839539660024e+06
6.616343883064837428e+01 1.381894583273179973e+37 1.008817470509310020e+06
6.652966087778622750e+01 1.363301976347259896e+37 1.008809923329059966e+06
6.687712762759474572e+01 1.345890291685400099e+37 1.008802889166999958e+06
6.721998144671670161e+01 1.328685119047219923e+37 1.008796020055070054e+06
6.758652818312111776e+01 1.309779447544999973e+37 1.008788674640820012e+06
6.810767817241867306e+01 1.280510819680809965e+37 1.008777963260720018e+06
6.858092890526313568e+01 1.257104459080149936e+37 1.008768405344789964e+06
6.901315030964906327e+01 1.236469743652499889e+37 1.008759899151899968e+06
6.941279255312110763e+01 1.217915129029050118e+37 1.008752208597689983e+06
6.979082225811725948e+01 1.200595563312830075e+37 1.008745050066419994e+06
7.016182834711071337e+01 1.183574880331400033e+37 1.008738088437929982e+06
7.055222616447281325e+01 1.165283404146930114e+37 1.008730762393429992e+06
7.105931825122388545e+01 1.139719235985269900e+37 1.008721022129300050e+06
7.160273856166168116e+01 1.113438011865360104e+37 1.008710570621420047e+06
7.209924313357623760e+01 1.091582363488539998e+37 1.008701290345120011e+06
7.255621398037328618e+01 1.071998565976700079e+37 1.008692948030309984e+06
7.298457365616195602e+01 1.053884056375330023e+37 1.008685257147690048e+06
7.339911140730691841e+01 1.036432791169419989e+37 1.008677891925030039e+06
7.381770936337852618e+01 1.018694713656630040e+37 1.008670481511430000e+06
7.428858162159303902e+01 9.979762132596240210e+36 1.008662060707160039e+06
7.494986223256273661e+01 9.669394457114919889e+36 1.008649891619430040e+06
7.555580834003922064e+01 9.422056234314570180e+36 1.008639057992269984e+06
7.611408595003013033e+01 9.200386727650209733e+36 1.008629319811900030e+06
7.663699828725657426e+01 8.996438394213370151e+36 1.008620358256069943e+06
7.713240685145137832e+01 8.806132931554470466e+36 1.008611974600140005e+06
7.761649214041972300e+01 8.620612857020420278e+36 1.008603834133900004e+06
7.811560941787320189e+01 8.427858772607209642e+36 1.008595443089880049e+06
7.869537230299465591e+01 8.195976112670790237e+36 1.008585555196870002e+06
7.951005992967839120e+01 7.862823913801089974e+36 1.008571442472139955e+06
8.026653803665976739e+01 7.591365218083000083e+36 1.008558787640199997e+06
8.097817774292343529e+01 7.340899123904300577e+36 1.008547132191159995e+06
8.165388520732813049e+01 7.109513168709970370e+36 1.008536259064450045e+06
8.230630911542539252e+01 6.887651884507080207e+36 1.008525834434550023e+06
8.294812315663148183e+01 6.673379528283789796e+36 1.008515657997049973e+06
8.360218652675393969e+01 6.456404119396609779e+36 1.008505313602890004e+06
8.432788747574522858e+01 6.215709440042570129e+36 1.008493812163610011e+06
8.550209420080500422e+01 5.835508928324240380e+36 1.008475347476789961e+06
8.644660305203433381e+01 5.550568176349179993e+36 1.008460722329390002e+06
8.760700120484398212e+01 5.216591157473209953e+36 1.008443295536890044e+06
8.875831263447616948e+01 4.910716053921019724e+36 1.008426562156719971e+06
8.991272446078801295e+01 4.620493323222049923e+36 1.008410258642739966e+06
9.109738858180207899e+01 4.340819281046400294e+36 1.008394025299850036e+06
9.233260090006660903e+01 4.069629364837759815e+36 1.008377671827440034e+06
9.366124883665906964e+01 3.801003518932059931e+36 1.008360784157069982e+06
