# time luminosity radius
-2.479481040347309317e+01 4.303303768486269865e+35 1.008138581204980030e+06
-1.997143216952099465e+01 4.614044248501600178e+35 1.008143476042740047e+06
-1.669983697640418541e+01 4.914165138512309710e+35 1.008149003489420051e+06
-1.448594904788478743e+01 5.184290425104359975e+35 1.008154632758400054e+06
-1.298083312787639443e+01 5.439728386169450091e+35 1.008159989664299996e+06
-1.194583640240307432e+01 5.652714318498080019e+35 1.008164885898499982e+06
-1.121729920124926139e+01 5.833012607496069945e+35 1.008169260232759989e+06
-1.068434590638207737e+01 5.986753351673230094e+35 1.008173178818530054e+06
-1.027166074243723415e+01 6.122649046844050355e+35 1.008176797814260004e+06
-9.910522551130270585e+00 6.257902304002790251e+35 1.008180537898269948e+06
-9.648079871869413182e+00 6.366843740023290355e+35 1.008183636916209944e+06
-9.523981701015145518e+00 6.421293567397360186e+35 1.008185207097330014e+06
-9.388194557992392220e+00 6.483949293201670019e+35 1.008187055011629942e+06
-9.237469908039201982e+00 6.558408037044879687e+35 1.008189287174300058e+06
-9.070379066557507031e+00 6.647914990004289897e+35 1.008192041361400043e+06
-8.883668195092468522e+00 6.758163705650170156e+35 1.008195554368120036e+06
-8.860079245743690990e+00 6.772403903148870538e+35 1.008196008642970002e+06
-8.813137236531474628e+00 6.801540942146329619e+35 1.008196950232950039e+06
-8.719722638212260790e+00 6.862034218509730084e+35 1.008198984766099951e+06
-8.701133133145049214e+00 6.874053089022530335e+35 1.008199399522340042e+06
-8.664140018066973425e+00 6.899101977329089689e+35 1.008200259985549957e+06
-8.615396110399160534e+00 6.933209533704609503e+35 1.008201459212810034e+06
-8.591251690639182925e+00 6.950328920406850182e+35 1.008202067927130032e+06
-8.574383524217410013e+00 6.962084209032620575e+35 1.008202499755340046e+06
-8.559860801658942364e+00 6.972027480466040004e+35 1.008202874779650010e+06
-8.545568223693408072e+00 6.982391645417140057e+35 1.008203246846809983e+06
-8.530316227610455826e+00 6.994720473671370025e+35 1.008203647016079980e+06
-8.510761100245872512e+00 7.007983888735749875e+35 1.008204165701539954e+06
-8.473752350866561756e+00 7.036466943233409515e+35 1.008205175300879986e+06
-8.400104939602897502e+00 7.094691766457670304e+35 1.008207345358100021e+06
-8.302770298847462982e+00 7.178005000623580696e+35 1.008210564770200057e+06
-8.226468928187387064e+00 7.247359575643790161e+35 1.008213334840380005e+06
-8.155841113577480428e+00 7.315919218416539365e+35 1.008216202982189949e+06
-8.098090041123214178e+00 7.374111187691719475e+35 1.008218781511059962e+06
-8.045721152055193670e+00 7.430075814214620156e+35 1.008221396142879967e+06
-8.006696120544802397e+00 7.473921819012220368e+35 1.008223514531390043e+06
-7.975987885525682941e+00 7.507280684951769623e+35 1.008225321621909970e+06
-7.949455348920309916e+00 7.540092987503140532e+35 1.008227000411930028e+06
-7.924947826817515306e+00 7.568154539832679300e+35 1.008228675340709975e+06
-7.902070709707913920e+00 7.595650970540729902e+35 1.008230368704780005e+06
-7.880544796760659665e+00 7.622609481215829642e+35 1.008232106814139988e+06
-7.860364410225884058e+00 7.651830246763820066e+35 1.008233889057360007e+06
-7.841158590221311897e+00 7.672887818259570635e+35 1.008235765897620004e+06
-7.829025637664017268e+00 7.689841000295069781e+35 1.008237104967260035e+06
-7.809520809969399124e+00 7.721009204905179434e+35 1.008239539594630012e+06
-7.792162345780525357e+00 7.738600919646570622e+35 1.008241975614730036e+06
-7.776016600197181106e+00 7.767835584032419907e+35 1.008244460636970005e+06
-7.759553575539030135e+00 8.816704679569650212e+35 1.008247319234100054e+06
-7.744867326488019899e+00 7.820394846142749497e+35 1.008250118337759981e+06
-7.732350789548945613e+00 7.834459460357789427e+35 1.008252642619549995e+06
-7.720699208424775861e+00 7.849691191599120428e+35 1.008255052040460054e+06
-7.709342725342139602e+00 7.864482647857349988e+35 1.008257439972450025e+06
-7.698035231805988587e+00 7.885180542384300152e+35 1.008259963392450009e+06
-7.685741713561583310e+00 7.896568602747200667e+35 1.008263010814649984e+06
-7.672166915843263268e+00 7.919385866251100489e+35 1.008266318982769968e+06
-7.658143605323857628e+00 7.944100810097660487e+35 1.008269953095959965e+06
-7.646425386337796226e+00 7.972362670062409886e+35 1.008272953094730037e+06
-7.629936735786031932e+00 8.027886567064779387e+35 1.008277160464460030e+06
-7.612158696414553560e+00 8.176462294927530270e+35 1.008281728563640034e+06
-7.592536635143915191e+00 8.525675465173290170e+35 1.008286779113129945e+06
-7.571027377314749174e+00 9.900156681470309795e+35 1.008292455098959967e+06
-7.547549280861858279e+00 1.189930110147619936e+36 1.008298719794629957e+06
-7.522190372837940231e+00 1.636524470047830114e+36 1.008305642850419972e+06
-7.495165359461680055e+00 2.598520060187999945e+36 1.008313356249139993e+06
-7.467870571577805094e+00 3.036341565352360267e+36 1.008321380636709975e+06
-7.440378027240512893e+00 3.414542391407020100e+36 1.008329707955879974e+06
-7.412374591294792481e+00 5.067096570214440105e+36 1.008338924896299955e+06
-7.385852841543965042e+00 5.173214812797769741e+36 1.008347921861179988e+06
-7.356962178848334588e+00 5.453760203318899862e+36 1.008358115097220056e+06
-7.328006937023019418e+00 5.888424644027670409e+36 1.008368826992599992e+06
-7.299964612437179312e+00 6.217923757392769847e+36 1.008379638667710009e+06
-7.272970617705141194e+00 6.559310484338399790e+36 1.008390509099939954e+06
-7.247128635004628450e+00 7.018718041096180197e+36 1.008401463544480037e+06
-7.222258681737002917e+00 7.366910361240070154e+36 1.008412450188140036e+06
-7.198876615308108740e+00 7.699101285411649911e+36 1.008423189411400002e+06
-7.176491997292032465e+00 8.159960786003059932e+36 1.008434004671599949e+06
-7.154829459323082119e+00 8.503024598672390203e+36 1.008444877525659977e+06
-7.133704182502697222e+00 8.838442706577050093e+36 1.008455878555709962e+06
-7.113166693961829878e+00 9.168611875086810397e+36 1.008466991656639962e+06
-7.092940645263297483e+00 9.497068328751809821e+36 1.008478337695730035e+06
-7.073039861948927864e+00 9.826425673783960400e+36 1.008489903585460037e+06
-7.053376527575892396e+00 1.015877086559309968e+37 1.008501770900789998e+06
-7.033935666840989143e+00 1.050185995490309948e+37 1.008513995027040015e+06
-7.014825711608864367e+00 1.122611549408969923e+37 1.008526626183570013e+06
-6.996640679615666158e+00 1.157601809604239949e+37 1.008538951100609964e+06
-6.978943118781899102e+00 1.190378249859630085e+37 1.008551264246230014e+06
-6.961768463981570676e+00 1.222838617019209909e+37 1.008563524245099979e+06
-6.945113131339894608e+00 1.255224453325580021e+37 1.008575715071590035e+06
-6.928945469408063218e+00 1.286530199221870096e+37 1.008587866605469957e+06
-6.913148021310917102e+00 1.318806264476560107e+37 1.008600058891079971e+06
-6.897711356752552092e+00 1.351620329589279946e+37 1.008612273914390011e+06
-6.882596735958941281e+00 1.384822620301449901e+37 1.008624523070430034e+06
-6.867813392702373676e+00 1.418279414443670116e+37 1.008636771554730018e+06
-6.853353512560715899e+00 1.452049470038470094e+37 1.008649006730080000e+06
-6.839202500399551354e+00 1.486059340325849929e+37 1.008661225363850011e+06
-6.825352397820097394e+00 1.520204817243150047e+37 1.008673422643000027e+06
-6.811783223471138626e+00 1.554551013655510085e+37 1.008685611353649991e+06
-6.798896574095124379e+00 1.585774003915459894e+37 1.008697414212199976e+06
-6.786665271196397953e+00 1.616305208569210044e+37 1.008708819025350036e+06
-6.775009490491356701e+00 1.646274387816770090e+37 1.008719875910850009e+06
-6.763838470331393182e+00 1.673109490270160045e+37 1.008730638066180050e+06
-6.753003222271217965e+00 1.700535615597010085e+37 1.008741233519640053e+06
-6.742494548860122450e+00 1.728166082350020063e+37 1.008751659118919983e+06
-6.732114479891606607e+00 1.756337813521000026e+37 1.008762095596889965e+06
-6.721899862604914233e+00 1.784596077635349894e+37 1.008772501240720041e+06
-6.711781514313770458e+00 1.813034581659610097e+37 1.008782929800159996e+06
-6.701692111295415089e+00 1.842065626396379935e+37 1.008793456299270038e+06
-6.691586223110789433e+00 1.871757550738519998e+37 1.008804126234109979e+06
-6.681619446040713228e+00 1.896146869465819974e+37 1.008814756899429951e+06
-6.671748510692850687e+00 1.922942697229190094e+37 1.008825398473219946e+06
-6.662043184594949707e+00 1.950708159966299934e+37 1.008835974935880047e+06
-6.652373047822038643e+00 1.979671068506520061e+37 1.008846625248610042e+06
-6.642789289398933761e+00 2.009514981131190000e+37 1.008857282094759983e+06
-6.633250658080214635e+00 2.034829841100040093e+37 1.008867979419230018e+06
-6.623550591742969118e+00 2.063092553379430073e+37 1.008878942678999971e+06
-6.613757345650810748e+00 2.095307653621440009e+37 1.008890087427770020e+06
-6.603762235361500643e+00 2.135248021548649989e+37 1.008901545039379969e+06
-6.593515451429993846e+00 2.227017764482399794e+37 1.008913366283750045e+06
-6.583659744239412248e+00 2.253382716263569865e+37 1.008924760724939988e+06
-6.574138347932603210e+00 2.312138532798080152e+37 1.008935807885779999e+06
-6.564907530017080717e+00 2.336727533984900113e+37 1.008946537821809994e+06
-6.555924347383552231e+00 2.390639902669939782e+37 1.008957007756549981e+06
-6.547136436973232776e+00 2.415595063889709778e+37 1.008967264210360008e+06
-6.538523891969816759e+00 2.466036193122300070e+37 1.008977334861789946e+06
-6.530060771401622333e+00 2.498785806554879998e+37 1.008987243416860001e+06
-6.521711958921514452e+00 2.567011525660420029e+37 1.008997024995469954e+06
-6.513446021286654286e+00 2.626358579922250088e+37 1.009006717142830021e+06
-6.505228110836469568e+00 2.656474560249359956e+37 1.009016347079389961e+06
-6.497030860686209053e+00 2.705074230737919933e+37 1.009025949031400029e+06
-6.488855439529288560e+00 2.749581712513409987e+37 1.009035538041759981e+06
-6.480686869443161413e+00 2.835391689539459829e+37 1.009045123466670047e+06
-6.472507771293749101e+00 2.870166633418720195e+37 1.009054711905090022e+06
-6.464304177483427338e+00 2.918486900023929992e+37 1.009064321189439972e+06
-6.456095041052321903e+00 2.949677073285450041e+37 1.009073927425959962e+06
-6.447833422455005348e+00 3.018328860569879990e+37 1.009083581385920057e+06
-6.439569412556011230e+00 3.065339763526879975e+37 1.009093222895469982e+06
-6.431289637417648919e+00 3.115423164372349772e+37 1.009102867697610054e+06
-6.422955817470210604e+00 3.165903803635990076e+37 1.009112558795660036e+06
-6.414448620445909910e+00 3.210817865590619969e+37 1.009122430907689966e+06
-6.405291990566183813e+00 3.264802329200339902e+37 1.009133026976680034e+06
-6.395339437469374388e+00 3.319467752842170170e+37 1.009144481680560042e+06
-6.382574204864795320e+00 3.387988670856020117e+37 1.009159094706970034e+06
-6.366079083061777055e+00 3.478515927113889963e+37 1.009177831900920020e+06
-6.350183904811274260e+00 3.569369315086999766e+37 1.009195739972000010e+06
-6.335101145334192552e+00 3.657446346905309876e+37 1.009212611812070012e+06
-6.319841914781136438e+00 3.747526791424280060e+37 1.009229580424290034e+06
-6.304297613343806006e+00 3.840546504078679860e+37 1.009246738408240024e+06
-6.289073157589882612e+00 3.932976826771340052e+37 1.009263409467690042e+06
-6.273590565309859812e+00 4.027702911741740058e+37 1.009280225856360048e+06
-6.257636126887518913e+00 4.125969964376379847e+37 1.009297401465889998e+06
-6.241302543465280905e+00 4.227432437161600159e+37 1.009314818136580056e+06
-6.224005209587630816e+00 4.335807076024029547e+37 1.009333058839660021e+06
-6.203780015232041478e+00 4.463360347112130398e+37 1.009354141271429951e+06
-6.183796452998649329e+00 4.590705722695900255e+37 1.009374718035149970e+06
-6.163904479384655133e+00 4.718127078672080372e+37 1.009394958019590005e+06
-6.144099766781437211e+00 4.845294714310450443e+37 1.009414868986840011e+06
-6.124318058471544646e+00 4.972381917685670369e+37 1.009434505940009956e+06
-6.104561245636432432e+00 5.099131239064300054e+37 1.009453864292150014e+06
-6.084765997540671378e+00 5.225697005297430396e+37 1.009473000687350053e+06
-6.064940657393890433e+00 5.351816437081189553e+37 1.009491905754290055e+06
-6.045118035035557114e+00 5.477090226647470064e+37 1.009510547491659992e+06
-6.025267729142797180e+00 5.601551308651020399e+37 1.009528958416739944e+06
-6.005390620513935573e+00 5.725004074876410117e+37 1.009547124797140015e+06
-5.985434097747202031e+00 5.847593420944270082e+37 1.009565088049310027e+06
-5.965405587674467824e+00 5.969125726826490143e+37 1.009582841643180000e+06
-5.945251754965283908e+00 6.089803506573240419e+37 1.009600421819810057e+06
-5.924984019773546606e+00 6.209363193038270369e+37 1.009617807400219957e+06
-5.904547367681516334e+00 6.327962189592119691e+37 1.009635045127140009e+06
-5.883955620098276995e+00 6.445374392234549888e+37 1.009652106273759971e+06
-5.863151149707846344e+00 6.561753894029130085e+37 1.009669028972559958e+06
-5.842170480420463718e+00 6.676810233321049900e+37 1.009685769492730033e+06
-5.821044109339709394e+00 6.790205829866279753e+37 1.009702217760929954e+06
-5.799724024967872538e+00 6.902092668889030469e+37 1.009718473132899962e+06
-5.778217542218044400e+00 7.012298901469580276e+37 1.009734538400340010e+06
-5.756473674729932100e+00 7.121154812895499703e+37 1.009750399026129977e+06
-5.734501338505651802e+00 7.228533881129640383e+37 1.009766054120489978e+06
-5.712245018585235812e+00 7.334581614337230035e+37 1.009781532412610017e+06
-5.689713793341070414e+00 7.438918085779279857e+37 1.009796817747710040e+06
-5.666846409061690792e+00 7.541718430043519955e+37 1.009811940414029988e+06
-5.643650325218914077e+00 7.642785792642490188e+37 1.009826880256920005e+06
-5.620193581504281610e+00 7.741711542090359951e+37 1.009841583829959971e+06
-5.596427804382983595e+00 7.838594042014549969e+37 1.009856068594950018e+06
-5.572351315349806100e+00 7.933355423325229669e+37 1.009870324328209972e+06
-5.547902287813485600e+00 8.026065762498159774e+37 1.009884375947140041e+06
-5.523077578312950209e+00 8.116675967850019592e+37 1.009898211508129956e+06
-5.497805437538772821e+00 8.205335423289849928e+37 1.009911856259449967e+06
-5.472123697909410112e+00 8.291817024773290335e+37 1.009925275790850050e+06
-5.446087728720158339e+00 8.375847028124419888e+37 1.009938432499379967e+06
-5.419624988091527484e+00 8.457636214185779769e+37 1.009951351744940039e+06
-5.392717199778417125e+00 8.537140290353479166e+37 1.009964030959730037e+06
-5.365280690006329678e+00 8.614622171608290298e+37 1.009976495814839960e+06
-5.337356082018231973e+00 8.689833529540999527e+37 1.009988714458859991e+06
-5.309000462322728708e+00 8.762680884364540875e+37 1.010000655192399980e+06
-5.280121134463115595e+00 8.833213036753010895e+37 1.010012347246150021e+06
-5.250679529737681150e+00 8.901621534067960907e+37 1.010023795962780016e+06
-5.220677501885802485e+00 8.967810254569460108e+37 1.010034991107280017e+06
-5.190149943242431618e+00 9.031714106363479673e+37 1.010045913559810026e+06
-5.159037410077871755e+00 9.093507091637219707e+37 1.010056578567059943e+06
-5.127241276131826453e+00 9.153380824824329475e+37 1.010067012368159951e+06
-5.094896005044574849e+00 9.211125298920619806e+37 1.010077165865850053e+06
-5.061918875246192329e+00 9.266908777221970748e+37 1.010087063890859950e+06
-5.028205484355567023e+00 9.320929114138319068e+37 1.010096733719649957e+06
-4.993882740396657027e+00 9.373105844805869170e+37 1.010106138617529999e+06
-4.958844424429116771e+00 9.423636491025020359e+37 1.010115309893919970e+06
-4.923076520703034475e+00 9.472661389037769976e+37 1.010124252870540018e+06
-4.886589220841415226e+00 9.520263318601209747e+37 1.010132969662460033e+06
-4.849256813628016971e+00 9.566694213447070575e+37 1.010141495263669989e+06
-4.811238676105858758e+00 9.611948747442080047e+37 1.010149801390149980e+06
-4.772327181766740978e+00 9.656342251874650740e+37 1.010157943471709965e+06
-4.732658664288464934e+00 9.699940480109730899e+37 1.010165904709690018e+06
-4.692089389587636106e+00 9.743032408017529872e+37 1.010173728408699972e+06
-4.650709351597470231e+00 9.785754197511289239e+37 1.010181413039730047e+06
-4.608340988575946540e+00 9.828404587706550901e+37 1.010189010535459965e+06
-4.565134701231727377e+00 9.871134333109270178e+37 1.010196513570860028e+06
-4.520926279641571455e+00 9.914260853568800912e+37 1.010203974922279944e+06
-4.475812001066515222e+00 9.957970579946450070e+37 1.010211403087100014e+06
-4.429707280898583122e+00 1.000256443444400053e+38 1.010218840007620049e+06
-4.382528804169851355e+00 1.004837009230079934e+38 1.010226328394629993e+06
-4.334381317341467366e+00 1.009560169647670088e+38 1.010233882556300028e+06
-4.285163192122126929e+00 1.014455065589020084e+38 1.010241553666590014e+06
-4.234834338465589099e+00 1.019558607210380047e+38 1.010249382328449981e+06
-4.183481311833020300e+00 1.024908079423800085e+38 1.010257193885850022e+06
-4.131047465765732341e+00 1.030550598281840002e+38 1.010264759282039944e+06
-4.077505132896476425e+00 1.036460407263769974e+38 1.010272674840150052e+06
-4.022859053846332245e+00 1.042667316939800014e+38 1.010281009988590027e+06
-3.967218353078351356e+00 1.049220243719799929e+38 1.010289862788039958e+06
-3.910647620024974458e+00 1.056498079709039913e+38 1.010297861051189946e+06
-3.853074751124950126e+00 1.063938821715199984e+38 1.010306604811490048e+06
-3.794448596017900854e+00 1.071665804110350081e+38 1.010316172460670001e+06
-3.734666917080176063e+00 1.079824008199220034e+38 1.010326485196650028e+06
-3.673814089794177562e+00 1.088453014822320045e+38 1.010337455071790027e+06
-3.611842161801178008e+00 1.097567087148769997e+38 1.010349055236350046e+06
-3.548611315040034242e+00 1.107190112937099977e+38 1.010361301167409983e+06
-3.483860188876860775e+00 1.117367253802460093e+38 1.010374250111369998e+06
-3.418417415639851242e+00 1.127998415699759953e+38 1.010387736013620044e+06
-3.351162723862216808e+00 1.139219788921039953e+38 1.010402008820910007e+06
-3.282138357521034777e+00 1.151061785951019964e+38 1.010417069589309976e+06
-3.213163800290203653e+00 1.163248478844260018e+38 1.010432508054969949e+06
-3.141727145834011026e+00 1.176097044224609935e+38 1.010448906159479986e+06
-3.065508347033755854e+00 1.190042140454079929e+38 1.010466821326010046e+06
-2.990871080852230079e+00 1.204135243060870074e+38 1.010484704549849965e+06
-2.916302693993202411e+00 1.218393231789920007e+38 1.010502911850859993e+06
-2.839445645644445904e+00 1.233207964528030002e+38 1.010521989554550033e+06
-2.758000908332178369e+00 1.248996134286219990e+38 1.010542486495429999e+06
-2.669452021509641781e+00 1.266204107226860003e+38 1.010565013748410041e+06
-2.581572792769293301e+00 1.283576091222299910e+38 1.010587505672920030e+06
-2.496210349068860523e+00 1.300511793017249954e+38 1.010609450951440027e+06
-2.410660040011862293e+00 1.317721588008370014e+38 1.010631323347139987e+06
-2.322757951988023706e+00 1.334535726449329996e+38 1.010653707752409973e+06
-2.230355902633164078e+00 1.352181926715200038e+38 1.010676269240690046e+06
-2.131087868852773681e+00 1.370706771191080013e+38 1.010700540945049957e+06
-2.022077751273172908e+00 1.390842963650940018e+38 1.010727255942719989e+06
-1.909422692115185782e+00 1.411515151035349961e+38 1.010752401903840015e+06
-1.802806778374360874e+00 1.430262013485289994e+38 1.010776176545470022e+06
-1.698389009528909810e+00 1.447822699930779949e+38 1.010799131203860044e+06
-1.593696725685731508e+00 1.464655381849150054e+38 1.010821435662940028e+06
-1.486608106104540639e+00 1.480951014972500019e+38 1.010843275571429986e+06
-1.375039994105463848e+00 1.496855582677890046e+38 1.010864804662529961e+06
-1.256727482730639167e+00 1.512449528660440043e+38 1.010886116245849989e+06
-1.128925872486433946e+00 1.527760914112939932e+38 1.010907227372830035e+06
-9.881331373762805015e-01 1.542723510607879965e+38 1.010928024921740056e+06
-8.356812942511169240e-01 1.556880021442790091e+38 1.010947533783850027e+06
-6.940566692792344838e-01 1.569064743367459948e+38 1.010963035854220041e+06
-5.572754119784804061e-01 1.578937688078749941e+38 1.010975628555199946e+06
-4.219630290317581967e-01 1.586933734644160014e+38 1.010985645168210031e+06
-2.855243409576360136e-01 1.593223404827449986e+38 1.010993253719329950e+06
-1.456479598564328626e-01 1.597818247861260062e+38 1.010998429742780048e+06
0.000000000000000000e+00 1.601982065660790002e+38 1.010995150336010032e+06
1.540011063625570387e-01 1.601293444244580080e+38 1.010993087210090016e+06
3.156636801286367700e-01 1.600072042620829975e+38 1.010988633831370040e+06
4.621860829793149605e-01 1.598359273372120075e+38 1.010982220711859991e+06
5.949458236573264003e-01 1.595482148434910063e+38 1.010974501482910011e+06
7.148859873850597069e-01 1.591859555999060017e+38 1.010965967419240042e+06
8.233560458611464128e-01 1.587737257872039914e+38 1.010957003590660053e+06
9.209277008048957214e-01 1.583396334910249973e+38 1.010947954512789962e+06
1.008798551280051470e+00 1.578970667174209959e+38 1.010939029873730033e+06
1.087544576046639122e+00 1.574619677714699995e+38 1.010930424712160020e+06
1.157854385834070854e+00 1.570434510370369963e+38 1.010922271931509953e+06
1.220388583198655397e+00 1.566482484128949961e+38 1.010914658732070005e+06
1.275804346543736756e+00 1.562804709955090038e+38 1.010907635672759963e+06
1.324822767564910464e+00 1.559414683964069980e+38 1.010901212306660018e+06
1.368261643176083453e+00 1.556299938473209919e+38 1.010895357985649956e+06
1.407085056824143976e+00 1.553419980494779942e+38 1.010889997992580058e+06
1.442562406795332208e+00 1.550691629850389979e+38 1.010884994653800037e+06
1.476402146407053806e+00 1.547978965678130043e+38 1.010880124548180029e+06
1.513226487673819065e+00 1.544807117172590060e+38 1.010874699521539966e+06
1.586506926789297722e+00 1.537281226184880082e+38 1.010863445921520004e+06
1.664467464754125103e+00 1.530030120955369947e+38 1.010850814647049992e+06
1.751664881274336949e+00 1.521398320850180071e+38 1.010836138456630055e+06
1.856505319577991031e+00 1.510312167970090051e+38 1.010817745012019994e+06
1.984506959663121961e+00 1.496076341839739935e+38 1.010794272031859960e+06
2.144374863273696974e+00 1.477393786641630056e+38 1.010763645127280033e+06
2.349878728593466803e+00 1.452283528089960031e+38 1.010722677099860040e+06
2.533177164106746204e+00 1.431022244937019950e+38 1.010685281686970033e+06
2.698730520904064178e+00 1.411405535590289965e+38 1.010651207776480005e+06
2.848638500989181921e+00 1.393422772475269910e+38 1.010620215308020008e+06
2.982843567340751179e+00 1.377237265131200069e+38 1.010592431545770029e+06
3.103596337125054561e+00 1.362584106051930091e+38 1.010567461443820037e+06
3.211581528492388315e+00 1.349459764512510001e+38 1.010545186356780003e+06
3.308142513385973871e+00 1.337709857744379912e+38 1.010525338704820024e+06
3.394088164495769888e+00 1.327261386486830033e+38 1.010507745199010009e+06
3.470262550938059576e+00 1.318016217268080021e+38 1.010492220245009987e+06
3.537578031769953668e+00 1.309862298475460050e+38 1.010478561814630055e+06
3.596992492559365928e+00 1.302679666672040089e+38 1.010466558781389962e+06
3.649616819820948876e+00 1.296326146351979932e+38 1.010455971138700028e+06
3.696828308806288987e+00 1.290624574111650055e+38 1.010446508668499999e+06
3.740661275282036513e+00 1.285310683759909917e+38 1.010437753619130002e+06
3.785075879481155425e+00 1.279862886478120094e+38 1.010428904280579998e+06
3.853409527015173808e+00 1.271073165705749936e+38 1.010415333476189990e+06
3.947889482340542600e+00 1.259115208561830093e+38 1.010396650340309949e+06
4.054701508095604368e+00 1.245999528951869941e+38 1.010375622412779951e+06
4.181722801600699313e+00 1.230406535494770076e+38 1.010350939339370001e+06
4.338634378873393871e+00 1.211319529092229931e+38 1.010320974252530024e+06
4.536075938638532534e+00 1.187837847896539912e+38 1.010284261493740021e+06
4.741764123173197731e+00 1.164751991827379973e+38 1.010247272180470056e+06
4.923363210429670289e+00 1.145590892706469997e+38 1.010215730411899975e+06
5.085702818032586947e+00 1.129010314625399966e+38 1.010188494168099947e+06
5.231600400948082097e+00 1.114544070703339979e+38 1.010164779860969982e+06
5.361571200934122317e+00 1.102019587416739913e+38 1.010144246487190016e+06
5.477655197944841348e+00 1.091100223332579911e+38 1.010126374941679998e+06
5.580814518340048380e+00 1.081616934456700002e+38 1.010110856117569958e+06
5.672309425426647067e+00 1.073376027448839947e+38 1.010097373940480058e+06
5.753165823247400112e+00 1.066228191821200043e+38 1.010085676592619973e+06
5.824513551138807088e+00 1.060024349922209966e+38 1.010075521893869969e+06
5.887567479090648703e+00 1.054619822110019980e+38 1.010066676217469969e+06
5.943768030221690424e+00 1.049859025547670006e+38 1.010058891918570036e+06
5.995485008388641290e+00 1.045509367191090069e+38 1.010051809555319953e+06
6.047093447734368965e+00 1.041168353850570082e+38 1.010044810660250019e+06
6.122062957772868685e+00 1.034665422230069915e+38 1.010034763800489949e+06
6.229016320168739185e+00 1.025446355573359963e+38 1.010020668958349968e+06
6.368981544626876712e+00 1.013655525674680062e+38 1.010002654110869975e+06
6.533004472890752368e+00 1.000426905836259966e+38 1.009982187514389982e+06
6.732715340374852531e+00 9.850047725280460813e+37 1.009958310481720022e+06
6.952161714027170092e+00 9.692630363331450450e+37 1.009933358484679949e+06
7.165705066989175975e+00 9.552149167221700088e+37 1.009910330136970035e+06
7.354880334314657375e+00 9.437576332651890032e+37 1.009890919358280022e+06
7.522681436617858708e+00 9.341633590808150005e+37 1.009874463878310053e+06
7.672877378048724495e+00 9.259594858872350673e+37 1.009860306980399997e+06
7.806896903144661337e+00 9.189325887492509203e+37 1.009848101016149973e+06
7.926111381762893870e+00 9.129031584820199175e+37 1.009837564197830041e+06
8.032077805532026105e+00 9.077099478505890190e+37 1.009828440289639984e+06
8.126001630778773688e+00 9.032350694533729106e+37 1.009820535271820030e+06
8.209071681631030515e+00 8.993747520544390531e+37 1.009813681625519996e+06
8.282560254374402575e+00 8.960326704645740635e+37 1.009807722776339971e+06
8.347833418752998114e+00 8.931177366568980188e+37 1.009802508344530012e+06
8.407179244051803835e+00 8.904996612796660366e+37 1.009797828520850046e+06
8.464587503825896420e+00 8.879739226024830536e+37 1.009793348128370009e+06
8.534814625236322172e+00 8.847931914309109766e+37 1.009787900813960005e+06
8.649317773117218167e+00 8.793296287031850926e+37 1.009779138422750053e+06
8.816858076330390759e+00 8.713571126090370494e+37 1.009766540842039976e+06
8.998657317482866347e+00 8.633875405518739234e+37 1.009753219666950055e+06
9.201692690316122025e+00 8.549896697178969085e+37 1.009738916045660037e+06
9.428749027094454505e+00 8.461938805342129971e+37 1.009723643765539979e+06
9.647855025308672339e+00 8.385913060144729725e+37 1.009709570675340015e+06
9.843265493196668103e+00 8.324718620676589611e+37 1.009697556363670039e+06
1.001790323048771825e+01 8.273839617029460107e+37 1.009687143767580041e+06
1.017329202069959138e+01 8.230735144896789548e+37 1.009678199221729999e+06
1.031228649658442009e+01 8.193481799502069664e+37 1.009670435496110003e+06
1.043622981206863187e+01 8.161238899393869954e+37 1.009663686830610037e+06
1.054659755424654577e+01 8.133268716842200245e+37 1.009657802572940011e+06
1.064467603823868558e+01 8.108982558942820185e+37 1.009652666541539948e+06
1.073172311724920291e+01 8.087854572342269751e+37 1.009648178059729980e+06
1.080910603691881988e+01 8.069376770468969669e+37 1.009644239590500016e+06
1.087854032606992405e+01 8.052977932455129613e+37 1.009640743511370034e+06
1.094310338862123899e+01 8.037713951220629694e+37 1.009637520160770044e+06
1.101013306790264323e+01 8.021367895066270456e+37 1.009634182129870052e+06
1.114352212967060041e+01 7.981925993199900303e+37 1.009627540941779967e+06
1.128498757616034709e+01 7.943118143913309623e+37 1.009620426875030040e+06
1.146795498575374950e+01 7.891683549952469792e+37 1.009611355369289988e+06
1.166863820272556040e+01 7.839351188823830172e+37 1.009601576046120026e+06
1.189455051792901941e+01 7.783220708855280378e+37 1.009590901109360042e+06
1.215039692647405900e+01 7.722970123299139719e+37 1.009579250979600009e+06
1.244755385369353462e+01 7.656539350639769916e+37 1.009566292560230009e+06
1.280163045054359827e+01 7.581831724229110089e+37 1.009551591611169977e+06
1.324177752267860342e+01 7.494175002006979967e+37 1.009534302286650054e+06
1.382088205569016282e+01 7.385303565682710095e+37 1.009512919584590010e+06
1.465656376469996758e+01 7.235742379081429827e+37 1.009484200880290009e+06
1.552489906415576115e+01 7.117938255762959700e+37 1.009456603440999985e+06
1.630162609499529935e+01 7.029686325576330130e+37 1.009433012287999969e+06
1.699939178957720287e+01 6.947342370082270341e+37 1.009412163359249942e+06
1.762278210393560585e+01 6.871376307290029741e+37 1.009393576674110023e+06
1.817940040766552556e+01 6.801738722165250010e+37 1.009377084510909976e+06
1.867510530303115956e+01 6.738839584507579737e+37 1.009362476685500005e+06
1.911639536396251060e+01 6.682385879952839904e+37 1.009349563283310039e+06
1.950926262639404740e+01 6.631736848630199825e+37 1.009338130036760005e+06
1.985946439846884459e+01 6.586184554244629914e+37 1.009327983388229972e+06
2.017233529122313485e+01 6.545139068199740424e+37 1.009318953732509981e+06
2.045271270282682963e+01 6.508043690862960355e+37 1.009310887923259987e+06
2.070466024668712635e+01 6.474444754990630256e+37 1.009303658657249995e+06
2.093176779722853098e+01 6.443919197348770382e+37 1.009297154609760037e+06
2.113670156282023527e+01 6.416208659334010017e+37 1.009291294484560029e+06
2.132186173360969406e+01 6.391026175884280304e+37 1.009286006919729989e+06
2.148911292532284278e+01 6.368182281914050135e+37 1.009281234753840021e+06
2.164014375653641764e+01 6.347473176228810163e+37 1.009276929210660048e+06
2.177654356911079958e+01 6.328691245870159606e+37 1.009273042514570057e+06
2.190040800470160320e+01 6.311481785483610051e+37 1.009269511853690026e+06
2.201562960856244899e+01 6.295068572905490449e+37 1.009266217936960049e+06
2.213221264333697036e+01 6.277195685948260297e+37 1.009262848112880019e+06
2.232496564520988613e+01 6.238329885801510145e+37 1.009257043106499943e+06
2.252348060683289077e+01 6.203763793800739564e+37 1.009250958463269984e+06
2.252350319860852323e+01 6.229377420667750259e+37 1.009903463057199959e+06
2.252350965011282824e+01 6.230110006645979631e+37 1.009911205039159977e+06
2.252352200055611320e+01 6.229458133133080459e+37 1.009909027053399943e+06
2.252353633541497402e+01 6.229505881815960273e+37 1.009909734967730008e+06
2.252355335932224989e+01 6.229504937698139836e+37 1.009911115193690057e+06
2.252357370720710605e+01 6.229499909505630199e+37 1.009912636451489991e+06
2.252359831957437564e+01 6.229498615783890151e+37 1.009914351262180018e+06
2.252362828025070485e+01 6.229496931345619568e+37 1.009916277934810030e+06
2.252366526040714234e+01 6.229494669961989794e+37 1.009918430426810053e+06
2.252371170917467680e+01 6.229491673976450122e+37 1.009920814883160056e+06
2.252377143730700482e+01 6.229487592994600236e+37 1.009923433440800058e+06
2.252383310535515193e+01 6.229483591924270462e+37 1.009925678578439984e+06
2.252389840726391412e+01 6.229479094140519842e+37 1.009927680687870015e+06
2.252396657447388861e+01 6.229474213871419803e+37 1.009929394958490040e+06
2.252404012720216997e+01 6.229468649879619866e+37 1.009930910205370048e+06
2.252411981677869335e+01 6.229462374429340357e+37 1.009932227500370005e+06
2.252420863670704421e+01 6.229455030315270456e+37 1.009933385362589965e+06
2.252431029085710179e+01 6.229446219521109743e+37 1.009934412425630027e+06
2.252443012768344488e+01 6.229435352919020371e+37 1.009935327824149979e+06
2.252457787920138799e+01 6.229421273904660119e+37 1.009936132043399964e+06
2.252478029025951400e+01 6.229400726981900130e+37 1.009936884347690037e+06
2.252509355347137898e+01 6.229367054642179634e+37 1.009937636077360017e+06
2.252571694726066198e+01 6.229296880191649607e+37 1.009938638120849966e+06
2.252695750090060756e+01 6.229170390690149928e+37 1.009940407796990010e+06
2.252942620264366269e+01 6.228965388818300110e+37 1.009944259016150027e+06
2.253433891912573017e+01 6.228297384592190442e+37 1.009952979683469981e+06
2.254411522491136566e+01 6.223540599620019639e+37 1.009972279102199944e+06
2.256357007342739962e+01 6.200559308911139752e+37 1.010011246832579956e+06
2.260228522197576240e+01 6.138098556095630429e+37 1.010078541852549999e+06
2.266431480436585844e+01 6.052097768832339748e+37 1.010159969602779951e+06
2.274970338266575709e+01 5.973936096265209888e+37 1.010238006004750030e+06
2.287952478221268393e+01 5.909754383022789616e+37 1.010311904955470003e+06
2.309042343508917838e+01 5.861729581175539539e+37 1.010374532187659992e+06
2.327873305756656919e+01 5.845677066883659650e+37 1.010405467108989949e+06
2.344904723415675107e+01 5.838289547214190464e+37 1.010421077955759945e+06
2.360311929640010931e+01 5.833238996261609816e+37 1.010428545339360018e+06
2.374263830366544425e+01 5.828487282365510285e+37 1.010431484338540002e+06
2.387117977222078480e+01 5.823207121388580006e+37 1.010431792602099944e+06
2.399467922597250436e+01 5.816718310136580037e+37 1.010430376287329942e+06
2.413785552597255446e+01 5.805220410372750331e+37 1.010426845275070053e+06
2.440384531847666949e+01 5.769681014787220268e+37 1.010415264655250008e+06
2.462113087743637152e+01 5.751515621405880009e+37 1.010404112575890031e+06
2.485363933873304632e+01 5.726523584009630160e+37 1.010390908487190027e+06
2.506332282508083154e+01 5.705658546596130336e+37 1.010378372764619999e+06
2.525350807244831230e+01 5.686144781034180308e+37 1.010366713643489988e+06
2.542591543716844171e+01 5.667842153231230353e+37 1.010355954001100035e+06
2.558237327692040708e+01 5.650699839832470076e+37 1.010346056538569974e+06
2.572535825130762532e+01 5.634507947849510414e+37 1.010336919122740044e+06
2.585965685393603053e+01 5.618557853270430144e+37 1.010328245518079959e+06
2.599852418873342685e+01 5.600275012406410403e+37 1.010319107736950042e+06
2.624729665684571955e+01 5.555748773202440263e+37 1.010301563820259995e+06
2.646219187721726485e+01 5.527240724692480244e+37 1.010286301798079978e+06
2.666473822074476629e+01 5.500018916454250421e+37 1.010272041529359994e+06
2.684844468401570339e+01 5.475837408036759980e+37 1.010259252228640020e+06
2.701540168530482333e+01 5.453754075171520441e+37 1.010247751019629999e+06
2.716799263076973148e+01 5.433348922132250337e+37 1.010237323671240010e+06
2.731079300693818368e+01 5.413773984028979973e+37 1.010227610386569984e+06
2.745499613077845424e+01 5.392706536218140402e+37 1.010217773512109998e+06
2.768049296832759865e+01 5.351346994636669599e+37 1.010201810945329955e+06
2.789886018230754416e+01 5.317624554269619778e+37 1.010186293511050055e+06
2.809965851026936434e+01 5.288598174682779714e+37 1.010172233958840021e+06
2.828225784949609078e+01 5.262766171600489559e+37 1.010159669403170003e+06
2.844842485195840709e+01 5.239304871880140212e+37 1.010148406377119943e+06
2.860235721855133306e+01 5.217271771577170090e+37 1.010138088867389946e+06
2.875059913223958574e+01 5.195389898200900310e+37 1.010128210243860027e+06
2.891824797683511861e+01 5.167905959310729577e+37 1.010116938642630004e+06
2.913176369399297982e+01 5.130014386354440121e+37 1.010102311205890030e+06
2.932393627568671945e+01 5.100938948577269800e+37 1.010089238815249992e+06
2.949966559367021546e+01 5.074962481335159824e+37 1.010077469042720040e+06
2.966171718361147214e+01 5.051052370820130175e+37 1.010066748602719977e+06
2.981585553202603478e+01 5.027872131171899754e+37 1.010056665293070022e+06
2.998024010623339564e+01 5.001268883651650007e+37 1.010045899599640048e+06
3.019070817469037138e+01 4.963575728106480148e+37 1.010031897903869976e+06
3.038202796205587219e+01 4.933960319784199631e+37 1.010019262218549964e+06
3.055764062768139411e+01 4.907434205635160279e+37 1.010007841119140037e+06
3.072117926472856198e+01 4.882765875538389633e+37 1.009997355118770036e+06
3.088088041360606439e+01 4.858064645095869823e+37 1.009987206400059978e+06
3.107190575919230469e+01 4.825140014733989867e+37 1.009974969019199954e+06
3.127350327518070117e+01 4.791590064977710273e+37 1.009962036134980037e+06
3.145756650266412180e+01 4.763487615458509767e+37 1.009950382527080015e+06
3.162814210137003101e+01 4.737801085229230378e+37 1.009939753729920019e+06
3.179225592511647847e+01 4.712771800599099639e+37 1.009929652563440031e+06
3.197289242214174010e+01 4.683154178668060127e+37 1.009918533088320051e+06
3.224856621836079285e+01 4.632248972768190463e+37 1.009901253818199970e+06
3.249615776729478966e+01 4.596139936588350035e+37 1.009886143607400008e+06
3.272185379642178304e+01 4.564509484372469977e+37 1.009872834468669957e+06
3.292832566144352313e+01 4.536044923129699981e+37 1.009861003368200036e+06
3.311771676370699424e+01 4.510218463461830270e+37 1.009850393824700033e+06
3.329520590412721504e+01 4.485953397407740422e+37 1.009840617068629945e+06
3.346973579481709749e+01 4.461545109811690437e+37 1.009831098487099982e+06
3.367868840046867263e+01 4.429100160834230132e+37 1.009819602637239965e+06
3.397259193104400765e+01 4.380891236037000428e+37 1.009803213653170038e+06
3.423681113458587788e+01 4.346603081060930399e+37 1.009788947315320023e+06
3.447782262878899928e+01 4.316359396097069577e+37 1.009776394017050043e+06
3.469865687722631264e+01 4.288974626130710236e+37 1.009765210412280052e+06
3.490123123511148151e+01 4.264080715427440425e+37 1.009755166027039988e+06
3.509100523350934964e+01 4.240635669804530179e+37 1.009745896111540031e+06
3.527590579960087780e+01 4.217312170811340217e+37 1.009736938849349972e+06
3.548478505777893588e+01 4.188473213604210181e+37 1.009726731349069974e+06
3.579023758956464007e+01 4.141837894515419858e+37 1.009711461440610001e+06
3.606490205042064190e+01 4.109165552164300177e+37 1.009698133941599983e+06
3.631571439633262344e+01 4.080138881216609983e+37 1.009686364931590040e+06
3.654593003987974953e+01 4.053667932574490128e+37 1.009675829621679964e+06
3.675775614057783969e+01 4.029416209930890081e+37 1.009666308362860000e+06
3.695723461652232800e+01 4.006337898110760164e+37 1.009657446286389953e+06
3.715329585575091187e+01 3.983042531186009856e+37 1.009648777067639981e+06
3.738143461087020114e+01 3.952958035593319880e+37 1.009638537431059987e+06
3.763370491070963908e+01 3.920082812172680234e+37 1.009627124768560054e+06
3.786535512183036190e+01 3.893164149017359813e+37 1.009616807008140022e+06
3.807971646124497056e+01 3.868605501206630053e+37 1.009607428566940012e+06
3.828299869291367941e+01 3.845097506597560012e+37 1.009598648686080007e+06
3.848824930688715540e+01 3.820419318521539956e+37 1.009589814636679948e+06
3.875300955661805347e+01 3.784233855851459869e+37 1.009578170708009973e+06
3.899495078399195336e+01 3.756111911418720136e+37 1.009567657690239954e+06
3.921807167111546732e+01 3.730560074197290118e+37 1.009558134809629992e+06
3.942884146810683887e+01 3.706224548280440195e+37 1.009549257465939969e+06
3.963734727230621502e+01 3.681543001683690075e+37 1.009540528653449961e+06
3.988108372387068812e+01 3.649853537403579896e+37 1.009530188558790018e+06
4.012648966183769517e+01 3.619819364262469838e+37 1.009519788714449969e+06
4.035341406019870192e+01 3.593708836040660204e+37 1.009510318996250047e+06
4.056818802149791736e+01 3.569005358600470032e+37 1.009501481046549976e+06
4.078217548270185944e+01 3.543784461175509871e+37 1.009492737067830050e+06
4.103923915130144451e+01 3.510382308459040128e+37 1.009482087593559991e+06
4.128233080237987451e+01 3.481959171909619948e+37 1.009472097632269957e+06
4.150825209105096292e+01 3.456213446362570060e+37 1.009462957643270027e+06
4.172539663116913289e+01 3.431254193899820163e+37 1.009454277935030055e+06
4.194967465660010930e+01 3.404557012458559770e+37 1.009445340106770047e+06
4.221347672362753656e+01 3.370826898536239791e+37 1.009434686013289960e+06
4.245572205586358905e+01 3.343437587119719781e+37 1.009425042906580027e+06
4.268293367563455831e+01 3.317980475832900087e+37 1.009416151074980036e+06
4.290392398083349690e+01 3.292987580315500221e+37 1.009407605737330043e+06
4.314115886685613077e+01 3.264795125531150198e+37 1.009398425310589955e+06
4.341097628124407493e+01 3.231592754203399914e+37 1.009387897995200008e+06
4.365894004769506864e+01 3.204378958179599765e+37 1.009378392187920050e+06
4.389131407403328922e+01 3.179165868401360121e+37 1.009369649078769959e+06
4.411728422940359451e+01 3.154446460987249880e+37 1.009361256728600012e+06
4.435725310863927007e+01 3.127085696900479890e+37 1.009352358367249952e+06
4.462853012768027838e+01 3.094860096383490061e+37 1.009342205007049954e+06
4.487857921281829476e+01 3.068157137465370163e+37 1.009332996084289975e+06
4.511390933362417854e+01 3.043277794812669813e+37 1.009324479401270044e+06
4.534432366710097995e+01 3.018703356480560033e+37 1.009316239039679989e+06
4.559394377350690775e+01 2.990771901386509929e+37 1.009307302194079966e+06
4.586879645583394449e+01 2.959407498866939906e+37 1.009297395203819964e+06
4.612221689779835287e+01 2.933158777454339953e+37 1.009288414151070057e+06
4.636130319545918610e+01 2.908626088675079837e+37 1.009280087983469944e+06
4.659637461794773117e+01 2.884301658437850010e+37 1.009271997257409967e+06
4.685285111631674226e+01 2.856479802685410084e+37 1.009263158197310055e+06
4.713316905457759276e+01 2.825658029004089973e+37 1.009253439097400056e+06
4.739160116181301419e+01 2.799790841213149929e+37 1.009244635092520039e+06
4.763526273440220393e+01 2.775652393653179886e+37 1.009236480291820015e+06
4.787483939340745565e+01 2.751747592207169781e+37 1.009228559137669974e+06
4.813433558281394653e+01 2.724795405676699851e+37 1.009219983980179997e+06
4.842277750886569265e+01 2.694064249988549911e+37 1.009210374399799970e+06
4.868820833868812770e+01 2.668503105303110194e+37 1.009201690787879983e+06
4.893752648562076502e+01 2.644790240868209988e+37 1.009193684450770030e+06
4.918139496319054160e+01 2.621488577327859911e+37 1.009185955441890052e+06
4.944024837022880092e+01 2.596019787044639821e+37 1.009177781520460034e+06
4.973989274242194369e+01 2.565187228863749993e+37 1.009168223087350023e+06
5.001440253327018581e+01 2.539763673874359974e+37 1.009159603967690025e+06
5.027100362117926124e+01 2.516281841807079878e+37 1.009151694040789967e+06
5.051969576856936328e+01 2.493531767550219774e+37 1.009144133677829988e+06
5.077680631248222198e+01 2.469597723056180082e+37 1.009136368433680036e+06
5.109199114079819992e+01 2.438085713483079869e+37 1.009126726593740052e+06
5.137911414173140656e+01 2.412635294928529889e+37 1.009118069781820057e+06
5.164568564663932193e+01 2.389291248435850070e+37 1.009110186464010039e+06
5.190088557676062919e+01 2.367039500063190166e+37 1.009102751831399975e+06
5.215772880933945999e+01 2.344472874243480110e+37 1.009095339038360049e+06
5.245149929243780207e+01 2.317259481139400034e+37 1.009086809620370041e+06
5.275878513764473610e+01 2.289380038262019907e+37 1.009077866100879968e+06
5.304115096147870645e+01 2.265728456631440200e+37 1.009069811327029951e+06
5.330664989574870560e+01 2.243819215849249855e+37 1.009062382896060008e+06
5.356524032820016146e+01 2.222511007316810189e+37 1.009055247110849945e+06
5.383867938634648453e+01 2.199399814877039820e+37 1.009047737448530039e+06
5.417323388294607867e+01 2.169301376570319790e+37 1.009038421850790037e+06
5.447776556751341559e+01 2.144912257279160223e+37 1.009030070234710001e+06
5.475953219379880466e+01 2.122747074646180084e+37 1.009022501794600044e+06
5.502789061177463736e+01 2.101865576389900063e+37 1.009015415746779996e+06
5.529534292535390705e+01 2.081006199217400003e+37 1.009008432275790023e+06
5.559240746193972882e+01 2.056927747496940017e+37 1.009000668684200034e+06
5.593275495924171992e+01 2.028412788571000108e+37 1.008991660889509949e+06
5.624266851812717505e+01 2.005306908805289924e+37 1.008983635167540051e+06
5.653011021031124983e+01 1.984347890352609931e+37 1.008976359976359992e+06
5.680472166405525059e+01 1.964521495784470020e+37 1.008969532304050052e+06
5.708089198006200604e+01 1.944463553586609966e+37 1.008962741026169970e+06
5.739486690486955922e+01 1.920585886930039993e+37 1.008954993215529947e+06
5.781821312158717774e+01 1.886667123456130108e+37 1.008944391585220001e+06
5.819711909806937911e+01 1.861687467832990026e+37 1.008935269587269984e+06
5.854104392109729815e+01 1.839745631013630055e+37 1.008927286175920046e+06
5.885628502107283566e+01 1.820075063821130082e+37 1.008920162361189956e+06
5.915182572486810386e+01 1.801826849650179925e+37 1.008913609621810028e+06
5.943853355149622075e+01 1.784123400613760086e+37 1.008907331295790034e+06
5.973503083943796810e+01 1.765373141555870095e+37 1.008900854882339947e+06
6.010545989389356691e+01 1.739841600116490027e+37 1.008892590455460013e+06
6.047289927200472448e+01 1.716139053382910095e+37 1.008884396061390056e+06
6.080843936474411748e+01 1.695901287979200091e+37 1.008877077477670042e+06
6.112046228455437813e+01 1.677498719328730086e+37 1.008870412438530009e+06
6.141970921761821955e+01 1.660006100430689960e+37 1.008864120333519997e+06
6.172242533425742295e+01 1.642155067299219955e+37 1.008857809328960022e+06
6.207041260214464273e+01 1.620482349661120076e+37 1.008850490915930015e+06
6.276290726524894126e+01 1.573948475736490058e+37 1.008835664657630026e+06
6.328051440772833303e+01 1.550435157707060023e+37 1.008825489884180017e+06
6.384577400103444234e+01 1.521125618950709882e+37 1.008814767489510006e+06
6.435256488311279099e+01 1.498168956470869989e+37 1.008805582867230056e+06
6.480918472874327563e+01 1.478071781246729999e+37 1.008797576535410015e+06
6.522222421683545690e+01 1.460238626216499961e+37 1.008790496139060007e+06
6.559909457137109712e+01 1.444144871605169887e+37 1.008784134074799949e+06
6.594890741321432870e+01 1.429213553423580002e+37 1.008778282879829989e+06
6.628340389978257008e+01 1.414753894043969939e+37 1.008772703969900031e+06
6.661921196694311220e+01 1.399832674859529964e+37 1.008767078951030038e+06
6.699554818467004225e+01 1.381895839742820086e+37 1.008760637696519960e+06
6.758823924825992435e+01 1.350270202559189979e+37 1.008750016003599972e+06
6.812028129406098742e+01 1.327654198626700039e+37 1.008740860778799979e+06
6.860037547982938122e+01 1.307831904007020052e+37 1.008732879627040005e+06
6.903631519152258988e+01 1.290219648204460111e+37 1.008725808975190041e+06
6.943541825702413917e+01 1.274302825815620085e+37 1.008719439519779989e+06
6.980988230383081827e+01 1.259377234840699936e+37 1.008713522223609965e+06
7.017256730259396136e+01 1.244774667627039990e+37 1.008707809251739993e+06
7.054573928935860749e+01 1.229266762232689923e+37 1.008701894153289963e+06
7.099211067504074890e+01 1.209056281192350098e+37 1.008694601109470008e+06
7.151207719962985720e+01 1.185021406531260058e+37 1.008685898676270037e+06
7.198442487575812265e+01 1.165646725903909901e+37 1.008678166574680014e+06
7.241863188591378275e+01 1.148248071823089930e+37 1.008671207470990019e+06
7.282466346504224930e+01 1.132156780708380104e+37 1.008664795252820011e+06
7.321710679904208519e+01 1.116575012643409957e+37 1.008658646024349960e+06
7.361750617100915406e+01 1.100416381943510092e+37 1.008652372062969953e+06
7.408002228845725767e+01 1.080623440881450025e+37 1.008644984692030004e+06
7.467661429902364034e+01 1.053728181682809991e+37 1.008635179904310033e+06
7.522042548480385449e+01 1.032321247822469952e+37 1.008626475120019983e+06
7.572054511102032848e+01 1.013148159008020003e+37 1.008618655950900051e+06
7.618624627770623192e+01 9.955736348350769490e+36 1.008611494463999989e+06
7.663002616478479467e+01 9.788934737988389697e+36 1.008604733980649966e+06
7.706933183848741464e+01 9.622688179559210385e+36 1.008598058981769951e+06
7.753748185328731779e+01 9.440896702914109629e+36 1.008590893121949979e+06
7.817115141823887825e+01 9.177093517732559943e+36 1.008580896814509993e+06
7.883621880330611020e+01 8.912962681130289691e+36 1.008570394140999997e+06
7.945126056170556694e+01 8.686735415268220067e+36 1.008560920919599943e+06
8.002494802389992401e+01 8.480304029587009453e+36 1.008552241761800018e+06
8.056705940981919412e+01 8.288020783354600142e+36 1.008544141821049969e+06
8.109082773701811675e+01 8.103338825272060154e+36 1.008536365962420008e+06
8.161669162612815853e+01 7.917273471474009466e+36 1.008528562734010047e+06
8.219096437978441827e+01 7.710385086657300307e+36 1.008519975726300036e+06
8.305422713897132780e+01 7.388643859079110132e+36 1.008506819875900052e+06
8.384221063193399459e+01 7.118386046026200224e+36 1.008494988816039986e+06
8.464312988285382744e+01 6.851146323638210459e+36 1.008483178931070026e+06
8.540656106214737520e+01 6.608413432842560047e+36 1.008472151719129994e+06
8.614416407566750422e+01 6.378898115307720192e+36 1.008461637629859964e+06
8.686391301742696669e+01 6.157225578209910467e+36 1.008451430283740046e+06
8.759146622700791340e+01 5.936169381198520385e+36 1.008441152312449994e+06
8.836518399158376269e+01 5.704136388855439861e+36 1.008430244552509976e+06
8.933753379416884854e+01 5.415310431978199924e+36 1.008416526415730012e+06
9.039292980280879419e+01 5.113602461931669891e+36 1.008401761678879964e+06
9.168634493577701505e+01 4.775999711614190202e+36 1.008384351060800022e+06
9.307917978274053894e+01 4.445291312482880211e+36 1.008366416995389969e+06
9.450114824628690258e+01 4.134459993889869814e+36 1.008348860959629994e+06
9.599277577403699979e+01 3.836356051839309806e+36 1.008331262462639948e+06
