# time luminosity radius
-2.013376450358191505e+01 4.569762558945200135e+35 1.008315603602439980e+06
-1.947999868898477871e+01 4.592810706717139871e+35 1.008317761452489998e+06
-1.875195035623619333e+01 4.631109734029739695e+35 1.008319615984610049e+06
-1.792114431699155830e+01 4.687952732506569967e+35 1.008321344567090040e+06
-1.695685597651754506e+01 4.768451287030540054e+35 1.008323126649569953e+06
-1.581191412836778909e+01 4.883179525414769865e+35 1.008325258622320020e+06
-1.442718009503732901e+01 5.053776287059550001e+35 1.008328315235910006e+06
-1.312282671255525202e+01 5.253718716227630162e+35 1.008332138669549953e+06
-1.299428753918618895e+01 5.274757613632929883e+35 1.008332521014329977e+06
-1.273849458419135772e+01 5.316892168400829654e+35 1.008333351358860033e+06
-1.222946660373418126e+01 5.408649999562639913e+35 1.008335273132640054e+06
-1.212817003561940510e+01 5.427617334790299717e+35 1.008335667105130036e+06
-1.192658986507740337e+01 5.466286551259040313e+35 1.008336502799000009e+06
-1.152544532570755109e+01 5.549784990717249715e+35 1.008338394895080011e+06
-1.074487959752150346e+01 5.749599489979500201e+35 1.008343393347749952e+06
-1.020121088559972122e+01 5.915529979650440292e+35 1.008347960506730014e+06
-9.788370805094018579e+00 6.061782711075460210e+35 1.008352383315440034e+06
-9.460041336904396303e+00 6.194839887610109830e+35 1.008356715208580019e+06
-9.177342751892865635e+00 6.325703355481919633e+35 1.008361282891610055e+06
-8.933800107173738070e+00 6.454073857157489743e+35 1.008366060101810028e+06
-8.714647282278747298e+00 6.586763335472910300e+35 1.008371227560110041e+06
-8.550716288038529456e+00 6.698507312732859752e+35 1.008375868992989999e+06
-8.429211557711823843e+00 6.789286884960219314e+35 1.008379818521860056e+06
-8.335192548242048360e+00 6.865343810167260520e+35 1.008383308037079987e+06
-8.265559579798718914e+00 6.925234014210070204e+35 1.008386163382090046e+06
-8.204776023179874755e+00 6.980757408008179609e+35 1.008388912358750007e+06
-8.152918292122194543e+00 7.031652731334470542e+35 1.008391481575959944e+06
-8.106746429955819622e+00 7.076424778278520174e+35 1.008393979349500034e+06
-8.075969729121425189e+00 7.110863393094600343e+35 1.008395752611699980e+06
-8.034986377722816542e+00 7.153549578056640124e+35 1.008398375779020018e+06
-7.999884955032030120e+00 7.191866475047849782e+35 1.008400857305550016e+06
-7.973045104605262168e+00 7.223724664450359767e+35 1.008402930511710001e+06
-7.952281531179323792e+00 7.250988096847930248e+35 1.008404653687490034e+06
-7.934861306668608449e+00 7.273101666952940297e+35 1.008406194288389990e+06
-7.919555229731486179e+00 7.287191643320799532e+35 1.008407637425689958e+06
-7.905105725498287939e+00 7.310749242399220380e+35 1.008409117456660024e+06
-7.889463644387433305e+00 7.327082161874109511e+35 1.008410960256019956e+06
-7.868427128472831100e+00 7.358135034868969820e+35 1.008413763419930008e+06
-7.849328326192335226e+00 7.379415005468389427e+35 1.008416539996410022e+06
-7.831720490910811350e+00 7.407248437769899653e+35 1.008419319992120028e+06
-7.814792571327416226e+00 7.429027161476650475e+35 1.008422180235899985e+06
-7.799368419131496921e+00 7.447675359828399781e+35 1.008424935303700040e+06
-7.791640230294433422e+00 7.465245849198550065e+35 1.008426364047819981e+06
-7.776261134495143779e+00 7.487485678273620451e+35 1.008429382626179955e+06
-7.761945900449063629e+00 7.340171408799579341e+35 1.008432245314809959e+06
-7.747445063898339868e+00 7.524080863189579903e+35 1.008435300852530054e+06
-7.731563511901185848e+00 7.553459435365059896e+35 1.008438841268470045e+06
-7.713992375123780221e+00 7.579726841151639576e+35 1.008442814065259998e+06
-7.696279371622949839e+00 7.613029544445319558e+35 1.008447007100919960e+06
-7.677246574530727230e+00 7.654583128516510250e+35 1.008451585021240055e+06
-7.656975151723599993e+00 7.741882131649330341e+35 1.008456526437780005e+06
-7.635762674952275120e+00 7.883169420565829942e+35 1.008461833288199967e+06
-7.612302992216427810e+00 8.103345089450200095e+35 1.008467908137219958e+06
-7.588572928914800286e+00 8.853500574158149367e+35 1.008474242114290013e+06
-7.564390321043902077e+00 1.064462544428489998e+36 1.008481039858069969e+06
-7.539598790084710345e+00 1.303552705777140042e+36 1.008488257815159974e+06
-7.514421223604585975e+00 1.712540198258339940e+36 1.008495900499199983e+06
-7.488684271447709762e+00 2.107553709640730040e+36 1.008504080194139970e+06
-7.462565343972528353e+00 3.534814045769769909e+36 1.008513066178809968e+06
-7.436595066596055403e+00 3.712302112343200050e+36 1.008522382882070029e+06
-7.411457954149227589e+00 4.140938575467580267e+36 1.008531845637900056e+06
-7.387127534020692110e+00 4.503605187032880167e+36 1.008541419706600020e+06
-7.363578087519272231e+00 4.854650746142910270e+36 1.008551094729320030e+06
-7.340828907865216024e+00 5.232015635664169920e+36 1.008560859726199997e+06
-7.318812819881713949e+00 5.779329097564110043e+36 1.008570789750779979e+06
-7.297679657072876580e+00 6.235829725085510029e+36 1.008580737094679964e+06
-7.276970641163643450e+00 7.873449008524969747e+36 1.008591390128139989e+06
-7.256620276908506639e+00 7.878409159152289597e+36 1.008602228410660056e+06
-7.236502636616933160e+00 8.151324173114550052e+36 1.008613384084659978e+06
-7.216606396235874854e+00 8.575988013095049466e+36 1.008624955682880012e+06
-7.196814839335274883e+00 8.924048730648990188e+36 1.008636956969400053e+06
-7.177837533468846232e+00 9.272147637587939908e+36 1.008648941799469991e+06
-7.160101569621474482e+00 9.613722356791740174e+36 1.008660587607690017e+06
-7.143604340948513709e+00 9.940803620086280149e+36 1.008671828997679986e+06
-7.127929344816948287e+00 1.026012673773340046e+37 1.008682905661049997e+06
-7.113142915070056915e+00 1.056871838486989967e+37 1.008693728768569999e+06
-7.098881610596436076e+00 1.087676063460680011e+37 1.008704541736840038e+06
-7.085206521311192773e+00 1.117564891358389946e+37 1.008715272289489978e+06
-7.071801336336648092e+00 1.147702975870930017e+37 1.008726153135449975e+06
-7.058551814378006384e+00 1.178277711333540109e+37 1.008737258115930017e+06
-7.045127122313715518e+00 1.210229471995140037e+37 1.008748919502220000e+06
-7.031293492109398358e+00 1.244203946324199966e+37 1.008761396565160016e+06
-7.016714219833374955e+00 1.281296406027100017e+37 1.008775071373059996e+06
-7.002559450382250361e+00 1.319508116560459883e+37 1.008788836232469999e+06
-6.989471363049233332e+00 1.355484860762280054e+37 1.008801973777120002e+06
-6.977175941472523846e+00 1.390483528507519988e+37 1.008814682182220044e+06
-6.964638537843711674e+00 1.427234172167570084e+37 1.008828026839560014e+06
-6.953045430331258103e+00 1.462256963406450066e+37 1.008840696821019985e+06
-6.941491066507296637e+00 1.497954177365400103e+37 1.008853663221169962e+06
-6.930386600826750509e+00 1.532974115788639993e+37 1.008866439594399999e+06
-6.919020154149620794e+00 1.569440896774190116e+37 1.008879856433940004e+06
-6.907848022936377674e+00 1.605607137818120032e+37 1.008893370797600015e+06
-6.896305201051291078e+00 1.643239732797950041e+37 1.008907691421960015e+06
-6.885046320225228556e+00 1.679795440722829935e+37 1.008921988996380009e+06
-6.873687835031887516e+00 1.716636089370130086e+37 1.008936737939759973e+06
-6.862646313806180842e+00 1.751909494038130044e+37 1.008951381760890014e+06
-6.851893662678776309e+00 1.786165113939860011e+37 1.008965942947739968e+06
-6.841345744396676309e+00 1.819315453227880005e+37 1.008980505557219964e+06
-6.830994344141799957e+00 1.851320070384010078e+37 1.008995062217239989e+06
-6.820618221434415318e+00 1.883064730984000083e+37 1.009009916489950032e+06
-6.810421313886763528e+00 1.910773515509659918e+37 1.009024746097250027e+06
-6.800240944736287929e+00 1.938992475060440071e+37 1.009039772310649976e+06
-6.789950317092007026e+00 1.967804470534410105e+37 1.009055172933749971e+06
-6.779474525319528766e+00 1.997872398805679954e+37 1.009071052574330010e+06
-6.769034480166737922e+00 2.024906112031739999e+37 1.009087058873720001e+06
-6.758643310749903321e+00 2.054477035401960100e+37 1.009103156106929993e+06
-6.748257320519769564e+00 2.093802803934370025e+37 1.009119384969420033e+06
-6.737821663846261799e+00 2.125880701233580017e+37 1.009135816082110046e+06
-6.727284245105693117e+00 2.190933198176700138e+37 1.009152540498320013e+06
-6.716573099736706354e+00 2.224992629371579828e+37 1.009169622669860022e+06
-6.705621653032721952e+00 2.264959980328210195e+37 1.009187172073979978e+06
-6.694342217029770836e+00 2.307440114271580036e+37 1.009205332918199943e+06
-6.682680611324030906e+00 2.354827924185130027e+37 1.009224196903810021e+06
-6.670917394701973535e+00 2.425501519681269896e+37 1.009243312097029993e+06
-6.659267767958226614e+00 2.474805765422440002e+37 1.009262309794720029e+06
-6.647615671914536506e+00 2.525445981391370164e+37 1.009281370659120032e+06
-6.636022985985619016e+00 2.583383186286520186e+37 1.009300391693540034e+06
-6.624400039116153494e+00 2.655386821713289779e+37 1.009319507009209949e+06
-6.612697776203276590e+00 2.720716811681549847e+37 1.009338789816649980e+06
-6.600858272649929859e+00 2.816466280077650002e+37 1.009358329327899963e+06
-6.588894243381218985e+00 2.878923671076120176e+37 1.009378087386289961e+06
-6.576822717877803370e+00 2.959833574664999800e+37 1.009398036607570015e+06
-6.564554880344076082e+00 3.026648408650240005e+37 1.009418304825549945e+06
-6.552513884729705751e+00 3.103230009348799931e+37 1.009438192328099976e+06
-6.540383640691288747e+00 3.163944750802150057e+37 1.009458213317350019e+06
-6.527441969068604521e+00 3.234766578777939983e+37 1.009479565440459992e+06
-6.514407847935217433e+00 3.311305388642890082e+37 1.009501029937469983e+06
-6.498011202013003640e+00 3.398887650669929983e+37 1.009528019528210047e+06
-6.482670922749093734e+00 3.481063418425669801e+37 1.009553144684199942e+06
-6.465857520248391666e+00 3.568954175909619892e+37 1.009580575159559958e+06
-6.448462899643345736e+00 3.660998600607129884e+37 1.009608795008020010e+06
-6.428291659947717562e+00 3.769936291911560227e+37 1.009641347045999952e+06
-6.408350763769703917e+00 3.881168566750539773e+37 1.009673303345249966e+06
-6.388483776594512165e+00 3.994781962603289849e+37 1.009704929151550052e+06
-6.368682455082307570e+00 4.110139077719309824e+37 1.009736229271469987e+06
-6.348967662328504957e+00 4.226535088867869851e+37 1.009767174817900057e+06
-6.329327695711981505e+00 4.343591271510349959e+37 1.009797785927069956e+06
-6.309754786096164025e+00 4.461258297764220147e+37 1.009828086293539964e+06
-6.290188425220549107e+00 4.579774492272739650e+37 1.009858172284789965e+06
-6.270633129126508720e+00 4.698913619433779916e+37 1.009888042027499992e+06
-6.251030533981975168e+00 4.818799354669929847e+37 1.009917785360369948e+06
-6.231392474495805800e+00 4.939083638604809732e+37 1.009947393328999984e+06
-6.211660888846381567e+00 5.059853553315209976e+37 1.009976946535940049e+06
-6.191894711548229679e+00 5.180509662994410342e+37 1.010006361720700050e+06
-6.172106147641898133e+00 5.300758524789120050e+37 1.010035618037219974e+06
-6.152247454025200568e+00 5.420686475656080461e+37 1.010064786496239947e+06
-6.132327737926971167e+00 5.540051244866140360e+37 1.010093852233530022e+06
-6.112298499574535526e+00 5.658976427371999705e+37 1.010122881095879944e+06
-6.092172778226085939e+00 5.777204987195989689e+37 1.010151851165159955e+06
-6.071900144408573397e+00 5.894853172832670037e+37 1.010180828063089983e+06
-6.051496010695700534e+00 6.011698081736800185e+37 1.010209785822210019e+06
-6.030907157823094167e+00 6.127891137745479936e+37 1.010238789234100026e+06
-6.010150014291866682e+00 6.243207685001899895e+37 1.010267808551599970e+06
-5.989199177900445648e+00 6.357601232858480357e+37 1.010296868183430051e+06
-5.968092784984037280e+00 6.470757942027880128e+37 1.010325907229269971e+06
-5.946835787122836336e+00 6.582517896388910439e+37 1.010354910013879999e+06
-5.925380440050503239e+00 6.693010617660720027e+37 1.010383928505989956e+06
-5.903735641331877559e+00 6.802091345366290061e+37 1.010412939125349978e+06
-5.881849007506389171e+00 6.909839523420329795e+37 1.010441999194910051e+06
-5.859729992094798945e+00 7.016141970203390351e+37 1.010471110923239961e+06
-5.837320688195177354e+00 7.121117227190150225e+37 1.010500317868459970e+06
-5.814629522443283349e+00 7.224616449443740454e+37 1.010529590419430053e+06
-5.791638306836830452e+00 7.326605759252960052e+37 1.010558930673519964e+06
-5.768390565441222861e+00 7.426822341584580370e+37 1.010588267504599993e+06
-5.744882340979529545e+00 7.525123151855579746e+37 1.010617592235669959e+06
-5.721055117915966548e+00 7.621625256098929660e+37 1.010646958973119967e+06
-5.696907027857378125e+00 7.716267226598809772e+37 1.010676351514150039e+06
-5.672370858184876852e+00 7.809218819521690467e+37 1.010705829960220028e+06
-5.647441808061557822e+00 7.900409406848749662e+37 1.010735379813530017e+06
-5.622167581852409057e+00 7.989658408007300285e+37 1.010764925587209989e+06
-5.596530988550512120e+00 8.076822040025229640e+37 1.010794465404249961e+06
-5.570514377526706085e+00 8.161908267654049542e+37 1.010824009038269985e+06
-5.544039961896487512e+00 8.245143110235299633e+37 1.010853605658169952e+06
-5.517086898267734796e+00 8.326480468229050356e+37 1.010883257298860000e+06
-5.489724633182049729e+00 8.405717285250479925e+37 1.010912863710870035e+06
-5.461920022440608591e+00 8.482829826558869733e+37 1.010942438763399958e+06
-5.433637468653614633e+00 8.557882432798700091e+37 1.010971995717169950e+06
-5.404778222131426446e+00 8.631107133312349100e+37 1.011001610458769952e+06
-5.375451586762210354e+00 8.702231675228760062e+37 1.011031144100349979e+06
-5.345638405298814178e+00 8.771248660849820393e+37 1.011060591867509997e+06
-5.315226600258029066e+00 8.838372311282899512e+37 1.011090037495699944e+06
-5.284228444521431811e+00 8.903631977899850180e+37 1.011119439953070018e+06
-5.252717757612117566e+00 8.966851498054899892e+37 1.011148704823969980e+06
-5.220562152957427315e+00 9.028308837420380062e+37 1.011177928449320025e+06
-5.187765487702563405e+00 9.088042399917369609e+37 1.011207078618600033e+06
-5.154396461352007464e+00 9.145983143580559429e+37 1.011236070364280022e+06
-5.120300433118245564e+00 9.202392656875860139e+37 1.011265011368209962e+06
-5.085564120512572117e+00 9.257255722546210627e+37 1.011293802959669963e+06
-5.050149417031207122e+00 9.310680159443129287e+37 1.011322456068750005e+06
-5.013972197237308137e+00 9.362872033025140010e+37 1.011351014886380057e+06
-4.977101219774340279e+00 9.413881025557790095e+37 1.011379404816900031e+06
-4.939389157982077450e+00 9.463953427783019914e+37 1.011407719210439944e+06
-4.900993759671109729e+00 9.513105966421830256e+37 1.011435824394620024e+06
-4.861696591644431464e+00 9.561637369462059868e+37 1.011463866470800014e+06
-4.821664144692476839e+00 9.609639832574200602e+37 1.011491716216510045e+06
-4.780703555530635640e+00 9.657402965390280092e+37 1.011519501089659985e+06
-4.738969957805238664e+00 9.704997332247359544e+37 1.011547114559990005e+06
-4.696300884388620034e+00 9.752785099104119078e+37 1.011574666216830024e+06
-4.652740522957174107e+00 9.800913520859139342e+37 1.011602134568520007e+06
-4.608255473023746163e+00 9.849604964714789209e+37 1.011629553625090048e+06
-4.562769838186795823e+00 9.899204583019919906e+37 1.011656987478350056e+06
-4.516374989194446243e+00 9.949900853500620253e+37 1.011684405555419973e+06
-4.468964856860111468e+00 1.000196797698329927e+38 1.011711903610929963e+06
-4.420480611748644151e+00 1.005574791355380028e+38 1.011739553572779987e+06
-4.371016530378255993e+00 1.011139204261699914e+38 1.011767347899059998e+06
-4.320494168758159503e+00 1.016926760990029990e+38 1.011795384779970045e+06
-4.268845441474695690e+00 1.022967828371410037e+38 1.011823765186800039e+06
-4.216097273209015839e+00 1.029288790764730042e+38 1.011852543506440008e+06
-4.162245801111566834e+00 1.035915954311279915e+38 1.011881801866549999e+06
-4.107130558521021158e+00 1.042890191827950077e+38 1.011911713144439971e+06
-4.050959919230081141e+00 1.050217397880979947e+38 1.011942260143849999e+06
-3.993673881210270338e+00 1.057925584000710052e+38 1.011973576522659976e+06
-3.935122499868157320e+00 1.066049965036210017e+38 1.012005857253200025e+06
-3.875239602974033915e+00 1.074627796862430036e+38 1.012039258266219986e+06
-3.814289330301107839e+00 1.083648552650990051e+38 1.012073751261109952e+06
-3.752095408097375184e+00 1.093137495813689953e+38 1.012109566639950033e+06
-3.688555637883837335e+00 1.103124301141429952e+38 1.012146899364409968e+06
-3.623862365406239405e+00 1.113604150162709937e+38 1.012185767201769981e+06
-3.557910916977562010e+00 1.124583992753839916e+38 1.012226373066490050e+06
-3.491076041522319429e+00 1.136011698039759958e+38 1.012268613755280036e+06
-3.433021246615680866e+00 1.146389456872750019e+38 1.012306161686999956e+06
-3.382261606369866058e+00 1.155616930769579973e+38 1.012339732049750048e+06
-3.338084635368431918e+00 1.163774966031520037e+38 1.012369528669980005e+06
-3.299487009222502820e+00 1.170986896658740000e+38 1.012396020776989986e+06
-3.265939970660838298e+00 1.177324002075999940e+38 1.012419398749780026e+06
-3.236713134916499257e+00 1.182889530643880080e+38 1.012440038531400030e+06
-3.211269809806253761e+00 1.187768921581679963e+38 1.012458216132720001e+06
-3.189031777015770786e+00 1.192055742851140052e+38 1.012474266771730036e+06
-3.169455558614572510e+00 1.195843712456409914e+38 1.012488522761050030e+06
-3.151926307051326148e+00 1.199241032367070037e+38 1.012501389907159959e+06
-3.135743157356046140e+00 1.202374855405469920e+38 1.012513355060620001e+06
-3.119805393143906258e+00 1.205443552939800080e+38 1.012525219613329973e+06
-3.100577916935435496e+00 1.209065732277760022e+38 1.012539640574499965e+06
-3.062315239279996604e+00 1.215979483533580005e+38 1.012568819583690027e+06
-3.008126416927552782e+00 1.226094132395679960e+38 1.012610919329880038e+06
-2.946510212146677077e+00 1.237901792633890018e+38 1.012659849939960055e+06
-2.874416505655972287e+00 1.251655390711049932e+38 1.012718650421409984e+06
-2.797376605158206075e+00 1.266466103230849981e+38 1.012783222776529961e+06
-2.719015087976003997e+00 1.281545659053969933e+38 1.012850730685999966e+06
-2.639162659455905668e+00 1.296784478719619943e+38 1.012921425150880008e+06
-2.558017076633404940e+00 1.312115196479200024e+38 1.012995189897530014e+06
-2.475458915912895463e+00 1.327508883753590049e+38 1.013072181864580023e+06
-2.391728293863707222e+00 1.342887738628800035e+38 1.013152202398929978e+06
-2.306641210263478570e+00 1.358226568584119979e+38 1.013235447255000006e+06
-2.220321811779285781e+00 1.373463896328299949e+38 1.013321797399039962e+06
-2.132795762299792841e+00 1.388542984211049925e+38 1.013411217062980053e+06
-2.043957504502031952e+00 1.403425978981100080e+38 1.013503794235039968e+06
-1.953964242435176857e+00 1.418042829673799911e+38 1.013599326109820046e+06
-1.862777194037334993e+00 1.432341380034830005e+38 1.013697800363610033e+06
-1.770332238767878152e+00 1.446276813145629996e+38 1.013799217887380044e+06
-1.676582184634753503e+00 1.459801541017639935e+38 1.013903545340789948e+06
-1.581678935603122227e+00 1.472847350718969966e+38 1.014010505535559962e+06
-1.485569244163343683e+00 1.485363048289660063e+38 1.014120030371680041e+06
-1.388205728027969599e+00 1.497303796960130025e+38 1.014232016307860031e+06
-1.289534836279926822e+00 1.508622826588910081e+38 1.014346351611890015e+06
-1.189544827386271209e+00 1.519272728555599987e+38 1.014462843699419987e+06
-1.088327169985859655e+00 1.529200923256850087e+38 1.014581146769230021e+06
-9.858228616940323263e-01 1.538363771102250042e+38 1.014701058071739972e+06
-8.820163856289582327e-01 1.546721523759739976e+38 1.014822288296910003e+06
-7.768539002718171105e-01 1.554236473519899974e+38 1.014944553480810020e+06
-6.703183429053751752e-01 1.560872756914089965e+38 1.015067485567410011e+06
-5.623598167294403538e-01 1.566596405459950075e+38 1.015190708718269947e+06
-4.529572766623459756e-01 1.571376372038030081e+38 1.015313765536249964e+06
-3.420583591214381158e-01 1.575183800833630035e+38 1.015436188548980048e+06
-2.296355981379747391e-01 1.577993656599489982e+38 1.015557410298240022e+06
-1.156280151626560837e-01 1.579781917515739943e+38 1.015676849713259959e+06
0.000000000000000000e+00 1.580528534183790064e+38 1.015793841413749964e+06
1.173225829552393407e-01 1.580214132866399930e+38 1.015907682609800017e+06
2.363828442321391776e-01 1.578824265902650011e+38 1.016017568210850004e+06
3.536389020300703123e-01 1.576568192074110022e+38 1.016119735855020001e+06
4.597328989038942382e-01 1.574047002475849943e+38 1.016206853790440015e+06
5.552457032026723027e-01 1.571174451165550003e+38 1.016280730303370045e+06
6.412704111280618235e-01 1.568095039596100079e+38 1.016343362638490042e+06
7.183838310011196882e-01 1.564960679021579982e+38 1.016396210747429985e+06
7.872464867105009034e-01 1.561867752861890059e+38 1.016440665140100056e+06
8.484994568279944360e-01 1.558889088499529991e+38 1.016477961221850011e+06
9.027857897453941405e-01 1.556073604080340023e+38 1.016509196628910024e+06
9.508218350092647597e-01 1.553444036765970019e+38 1.016535374280869961e+06
9.933395075786393136e-01 1.551007346478389944e+38 1.016557372396070044e+06
1.031406865848111920e+00 1.548724730743460037e+38 1.016576109470910043e+06
1.066253715165657923e+00 1.546538300863490055e+38 1.016592442093649996e+06
1.099494254463934340e+00 1.544344732690519972e+38 1.016607259324169951e+06
1.135565814984147437e+00 1.541753357753580084e+38 1.016622410656169988e+06
1.207348220414132811e+00 1.535412212778889974e+38 1.016648678071169998e+06
1.284039657519315369e+00 1.529292522121180055e+38 1.016671924142280011e+06
1.369638665302773006e+00 1.521946811041280086e+38 1.016691894177800044e+06
1.472366234040237032e+00 1.512398173836229952e+38 1.016706844206350041e+06
1.597689290472771972e+00 1.499977142254790077e+38 1.016710986961890012e+06
1.735795584492734633e+00 1.485871880047159909e+38 1.016697826737059979e+06
1.876458002734580077e+00 1.471129466574070061e+38 1.016665676124759950e+06
2.021425733808428049e+00 1.455309792159640074e+38 1.016612339092319948e+06
2.169005970616126433e+00 1.438758195020649962e+38 1.016536949011859950e+06
2.319548843486700207e+00 1.421453360923600069e+38 1.016438188451939961e+06
2.477637184987543151e+00 1.402823754714600025e+38 1.016310744653000031e+06
2.638794022161164321e+00 1.383687196733330040e+38 1.016157003664660035e+06
2.788781885668868199e+00 1.366055377431419954e+38 1.015994436870899983e+06
2.924039692094083875e+00 1.350191521454130070e+38 1.015833105812540045e+06
3.045091752792359330e+00 1.335995514118380058e+38 1.015677834568690043e+06
3.154094916390022263e+00 1.323201323988729915e+38 1.015529948325310019e+06
3.251340633913059719e+00 1.311824895911849913e+38 1.015392194263139972e+06
3.337863527689478360e+00 1.301730538677079963e+38 1.015265496361510013e+06
3.414486798850703053e+00 1.292823348346620033e+38 1.015150407986129983e+06
3.482162063810392283e+00 1.284983863875640067e+38 1.015046768883400015e+06
3.541881686833221465e+00 1.278088708915819975e+38 1.014953951560029993e+06
3.594812322044163011e+00 1.271991713993750087e+38 1.014870751675070031e+06
3.642412970788427629e+00 1.266511460618830009e+38 1.014795273792380001e+06
3.686851669161114842e+00 1.261378187851369965e+38 1.014724315710969968e+06
3.732671250589191914e+00 1.256018771856180088e+38 1.014650697301859967e+06
3.814333396250731312e+00 1.245912850023560016e+38 1.014518294084239984e+06
3.918532158932066523e+00 1.233476495924100044e+38 1.014348262754339958e+06
4.030867491135722958e+00 1.220423108112929909e+38 1.014165221594049945e+06
4.166611888620536774e+00 1.204604217081779912e+38 1.013946640141880023e+06
4.335432964988285676e+00 1.185259366425429944e+38 1.013682586776230019e+06
4.549194700492080301e+00 1.161502632714410018e+38 1.013367334351500031e+06
4.770392076839925721e+00 1.138525501808050093e+38 1.013068695060709957e+06
4.991610688084620051e+00 1.116701758023940058e+38 1.012801685341899982e+06
5.186938251121318899e+00 1.098605399722510055e+38 1.012591946055109962e+06
5.362401226477231830e+00 1.082915145880910051e+38 1.012423900344740017e+06
5.518475640303222463e+00 1.069419060877069910e+38 1.012289440754440031e+06
5.658066228759707883e+00 1.057664983934430022e+38 1.012180157049529953e+06
5.782203152237343602e+00 1.047468360768769908e+38 1.012090852918719989e+06
5.892800253175664693e+00 1.038572839202129991e+38 1.012016972872760030e+06
5.990910596883622929e+00 1.030835587977459961e+38 1.011955519385740045e+06
6.077664111566264182e+00 1.024113362206539936e+38 1.011904121038009995e+06
6.154217346804216504e+00 1.018274556435509934e+38 1.011860888837069971e+06
6.221786872556549497e+00 1.013191948268509919e+38 1.011824277454740019e+06
6.281713255564682186e+00 1.008736809900860075e+38 1.011792952389959944e+06
6.336094711004989222e+00 1.004725640961859975e+38 1.011765414244810003e+06
6.388481253248755820e+00 1.000869018550060000e+38 1.011739655292900046e+06
6.450514605341595598e+00 9.962295724391340375e+37 1.011710105453590048e+06
6.558835898831603117e+00 9.878533548722440391e+37 1.011660951565800002e+06
6.702618820374482311e+00 9.770455931121920035e+37 1.011599490382579970e+06
6.866382209162111394e+00 9.652735960112040804e+37 1.011534063584920019e+06
7.063674191507743672e+00 9.516346333861529356e+37 1.011461118975179968e+06
7.280841078609228134e+00 9.376211413984410052e+37 1.011387342590800021e+06
7.525485444246442057e+00 9.228484250718429405e+37 1.011311648903719964e+06
7.804083293740404770e+00 9.072796330911079917e+37 1.011233941786310053e+06
8.131758187053492293e+00 8.905084973878229405e+37 1.011152646383240004e+06
8.528441979229683056e+00 8.722634845610769142e+37 1.011066606523549999e+06
8.956272624622215517e+00 8.553695502417670577e+37 1.010986388246509945e+06
9.427981493616243824e+00 8.390290454979199637e+37 1.010910153868229943e+06
9.959375592006836087e+00 8.228825780953029698e+37 1.010836165533839958e+06
1.057345188011822756e+01 8.065760436663329917e+37 1.010762551710180007e+06
1.122322427893232089e+01 7.921902734857199656e+37 1.010695517298290040e+06
1.186993530788458884e+01 7.799291707726560339e+37 1.010637029881249997e+06
1.246282366891682614e+01 7.701943415421420175e+37 1.010588918436310021e+06
1.298851093255507294e+01 7.622728500153900103e+37 1.010549487888160045e+06
1.345512431771203410e+01 7.554890542875339622e+37 1.010516377236700035e+06
1.386882986009004526e+01 7.496060407502439804e+37 1.010488139973619953e+06
1.423592645798635203e+01 7.444783316130880418e+37 1.010463859955669963e+06
1.456200919552065898e+01 7.399552222896299878e+37 1.010442754582830006e+06
1.485220762538665440e+01 7.359195592222159530e+37 1.010424262598910020e+06
1.511116250144550577e+01 7.322934320806880395e+37 1.010407947508660029e+06
1.534290854347636923e+01 7.290203055089099965e+37 1.010393468796459958e+06
1.555058498379366938e+01 7.260631740489929829e+37 1.010380574341080035e+06
1.573742618525284342e+01 7.233758794509029984e+37 1.010369010319710011e+06
1.590505844862491358e+01 7.209513923829870297e+37 1.010358684890859993e+06
1.605578906927257776e+01 7.187543221372770193e+37 1.010349429396669962e+06
1.619101340604538564e+01 7.167727133430130150e+37 1.010341145880540018e+06
1.631213791122718249e+01 7.149890538136770271e+37 1.010333740670589963e+06
1.642057646242028568e+01 7.133839458836860341e+37 1.010327121310319984e+06
1.651792197744362056e+01 7.119324772426099851e+37 1.010321184088850045e+06
1.660729049445944838e+01 7.105737178699789851e+37 1.010315730500609963e+06
1.669490195445541758e+01 7.091759921498549982e+37 1.010310358840589994e+06
1.681133628213137854e+01 7.069725549831810256e+37 1.010303061619639979e+06
1.698530069198750425e+01 7.032044355307699662e+37 1.010291731907370035e+06
1.717745656405168120e+01 6.992779080471710044e+37 1.010278926111620036e+06
1.735380311247718055e+01 6.960555770923329984e+37 1.010267188316780026e+06
1.751204595617309678e+01 6.933143776966609997e+37 1.010256770012879977e+06
1.765498149253835436e+01 6.908757923287510229e+37 1.010247470703819999e+06
1.778322118439245969e+01 6.887051331404359778e+37 1.010239214678119984e+06
1.789825353532796726e+01 6.867604912578310064e+37 1.010231873976000003e+06
1.800182399172626901e+01 6.850040251397329933e+37 1.010225308913270012e+06
1.809733405709266663e+01 6.833588905071650329e+37 1.010219280286350055e+06
1.819210858285077848e+01 6.816511061191150249e+37 1.010213292013369966e+06
1.832785745372530073e+01 6.787351277089850283e+37 1.010204539407060016e+06
1.850674952278495766e+01 6.746950698045280345e+37 1.010192700824799947e+06
1.869304290997388307e+01 6.707797288112119770e+37 1.010180266345890006e+06
1.885989599973254371e+01 6.676050713376469924e+37 1.010169230302689946e+06
1.901005880985758267e+01 6.648442981371519537e+37 1.010159441635529976e+06
1.914497649236000143e+01 6.624017950751810353e+37 1.010150766224079998e+06
1.926622008722915780e+01 6.602204768154909904e+37 1.010143060904789949e+06
1.937570292732561938e+01 6.582510696634539882e+37 1.010136167826339952e+06
1.947705044301983435e+01 6.564052851233619764e+37 1.010129827862960054e+06
1.957874625470140018e+01 6.544694781603549948e+37 1.010123469322739984e+06
1.973596089438069612e+01 6.508676427243939754e+37 1.010113425006460049e+06
1.992456732824211940e+01 6.466154118540420382e+37 1.010101156810609973e+06
2.012857701606117189e+01 6.422409195091779546e+37 1.010087874261950026e+06
2.031131278177781496e+01 6.387393073312890361e+37 1.010076164498899947e+06
2.047524545474152546e+01 6.357158401311539612e+37 1.010065871288159979e+06
2.062365759380918462e+01 6.330107293806570158e+37 1.010056717143559945e+06
2.075728519348194823e+01 6.305981046214229589e+37 1.010048594737719977e+06
2.087782361841527745e+01 6.284305476696670438e+37 1.010041353178380057e+06
2.098865841688530054e+01 6.264236355182889681e+37 1.010034751746920054e+06
2.109590329960337840e+01 6.244284050923569622e+37 1.010028389010590035e+06
2.122585078189149499e+01 6.217299632849989949e+37 1.010020599001509952e+06
2.144464534630242269e+01 6.164946424438259819e+37 1.010007089975969982e+06
2.165045465841831174e+01 6.123666914945350086e+37 1.009994417541129980e+06
2.185576409375062212e+01 6.083599938867219616e+37 1.009981994866929948e+06
2.204109672951744869e+01 6.049834037007480363e+37 1.009971017725100042e+06
2.220840288682666142e+01 6.020045192289110410e+37 1.009961311763750040e+06
2.235945493156032171e+01 5.993442966221640280e+37 1.009952697095229989e+06
2.249551199766574427e+01 5.969660605538779926e+37 1.009945042060979991e+06
2.261955767656036187e+01 5.947934580558540445e+37 1.009938133994410047e+06
2.273584310740989167e+01 5.927283734101699986e+37 1.009931699245149968e+06
2.285618851918843575e+01 5.904722397375709982e+37 1.009925026351250010e+06
2.303208900154277217e+01 5.866296459077680270e+37 1.009915058331210050e+06
2.318870734272059053e+01 5.836707723344779937e+37 1.009906158191959956e+06
2.333059231635706965e+01 5.810696969692260377e+37 1.009898172869179980e+06
2.346005174452147912e+01 5.787213710707299785e+37 1.009890956334479968e+06
2.358092654615757056e+01 5.765146404805139787e+37 1.009884268251370057e+06
2.370386264512490015e+01 5.741723837855679634e+37 1.009877471019990044e+06
2.390934735399787314e+01 5.694586688852579750e+37 1.009865812021109974e+06
2.411339800112182274e+01 5.653875124046040253e+37 1.009854235641140025e+06
2.434757846598222386e+01 5.606615286739430021e+37 1.009841105866829981e+06
2.456909766473108903e+01 5.566438700547490216e+37 1.009828986162279965e+06
2.476942897237313446e+01 5.532272113562950374e+37 1.009818344110650010e+06
2.495081494386249688e+01 5.502076035715050171e+37 1.009808949332720018e+06
2.511518837035691831e+01 5.475078715512080342e+37 1.009800606029969989e+06
2.526406574035354424e+01 5.450867134791480360e+37 1.009793167652150034e+06
2.540081972379994113e+01 5.428609268030160369e+37 1.009786413933499949e+06
2.553085611423011869e+01 5.407101647922900238e+37 1.009780036808439996e+06
2.567080106471257750e+01 5.382318245922990107e+37 1.009773140459869988e+06
2.588573075567546766e+01 5.338156215081609883e+37 1.009762281442919979e+06
2.607801033175201155e+01 5.305495848566419704e+37 1.009752626763049979e+06
2.625235266049276106e+01 5.277062025585169756e+37 1.009744038434279966e+06
2.641079530997376423e+01 5.251644533377059552e+37 1.009736366286520031e+06
2.655593740500626154e+01 5.228461562001110273e+37 1.009729433994619991e+06
2.669277176650939509e+01 5.206363421791520013e+37 1.009722958635180024e+06
2.683455823792610317e+01 5.182255483325630158e+37 1.009716245481090038e+06
2.710350143193500116e+01 5.125845372107910442e+37 1.009703056555849966e+06
2.732178660003410187e+01 5.092266697937890310e+37 1.009692573376249988e+06
2.755467759059683885e+01 5.053411513699780250e+37 1.009681644218040048e+06
2.776535933496779762e+01 5.021281403073559589e+37 1.009671988968539983e+06
2.795685831946320832e+01 4.992744990964870291e+37 1.009663413946509943e+06
2.813116859691217542e+01 4.967095035255229627e+37 1.009655748740270035e+06
2.829047508894291241e+01 4.943798601963660263e+37 1.009648838485050015e+06
2.843943401002616156e+01 4.921838601367490343e+37 1.009642435345110018e+06
2.858685765958216507e+01 4.899384534586140073e+37 1.009636112561380025e+06
2.877678433054825291e+01 4.866357156729330063e+37 1.009627805993700051e+06
2.897012645074573811e+01 4.835073005378009806e+37 1.009619309659629944e+06
2.914653660832846072e+01 4.808559816707620003e+37 1.009611640750549966e+06
2.930871243869478349e+01 4.784576882726830314e+37 1.009604682803060045e+06
2.946146386436885223e+01 4.761857557105650117e+37 1.009598192996650003e+06
2.961639954928250518e+01 4.737862319367899636e+37 1.009591620297870017e+06
2.985007758464780636e+01 4.695145136877560206e+37 1.009581443539200001e+06
3.007870784445549361e+01 4.659388072687059755e+37 1.009571558880880009e+06
3.030775781461852603e+01 4.624604424481299813e+37 1.009561850264630048e+06
3.051606572468881495e+01 4.595212816490560222e+37 1.009553231733969995e+06
3.070618982083396986e+01 4.568919893720300023e+37 1.009545535249729990e+06
3.088048324992996641e+01 4.545021999485649954e+37 1.009538595448790002e+06
3.104390598055033479e+01 4.522472567906699965e+37 1.009532161487180041e+06
3.120524311384360772e+01 4.499573885649479979e+37 1.009525834517000010e+06
3.140505897445837036e+01 4.467663814964130288e+37 1.009517860210609972e+06
3.161508742405567318e+01 4.435788492658339868e+37 1.009509440698130056e+06
3.180648177974217106e+01 4.409223504717100181e+37 1.009501869299220038e+06
3.198311318134074099e+01 4.385066663684419894e+37 1.009494985104250023e+06
3.215014379470085260e+01 4.362089638594780099e+37 1.009488544632039964e+06
3.231961732215131633e+01 4.337863044565589911e+37 1.009482022478739964e+06
3.253115977035486139e+01 4.304257245342170053e+37 1.009473736250950024e+06
3.272398777621856425e+01 4.277307204498630356e+37 1.009466227301110048e+06
3.290248822412104346e+01 4.252773881204379834e+37 1.009459369335599942e+06
3.307281808287370950e+01 4.229211528948350192e+37 1.009452890712430002e+06
3.325100075059162918e+01 4.203371522849750019e+37 1.009446110293479986e+06
3.356361610592284705e+01 4.149674742955260164e+37 1.009433862307350035e+06
3.381134891296096612e+01 4.119567686693040218e+37 1.009424506602740032e+06
3.406925380341999698e+01 4.084824262878919874e+37 1.009415041149249999e+06
3.430347175934002735e+01 4.055888667529029820e+37 1.009406675780570018e+06
3.451807785234996118e+01 4.029926597684249819e+37 1.009399193139760057e+06
3.471514790473156609e+01 4.006422513036660186e+37 1.009392447173519991e+06
3.489992941854870878e+01 3.984355594368290164e+37 1.009386203239799943e+06
3.508092199236853048e+01 3.962297469786649999e+37 1.009380124278109986e+06
3.528798038672539406e+01 3.934680116474129916e+37 1.009373078439039993e+06
3.555415473076573107e+01 3.897251191219519942e+37 1.009363881799979950e+06
3.579380067449528724e+01 3.869315509494419883e+37 1.009355775536159985e+06
3.601435811631381512e+01 3.844159458468359846e+37 1.009348498497789958e+06
3.621739384709508158e+01 3.821291908544259934e+37 1.009341925129489973e+06
3.640901025164930616e+01 3.799579128711600092e+37 1.009335800268340041e+06
3.659840257624455262e+01 3.777607010132979935e+37 1.009329777757839998e+06
3.682166941044852138e+01 3.748950323956400083e+37 1.009322559870540048e+06
3.711871640336175915e+01 3.709085497867430061e+37 1.009312816226240015e+06
3.740621960788848810e+01 3.676720977349079916e+37 1.009303631285539945e+06
3.771744031153502874e+01 3.641181000224800036e+37 1.009293940984610002e+06
3.799992845737142488e+01 3.612742845620740027e+37 1.009285443854709971e+06
3.825794871078687720e+01 3.587196441388360220e+37 1.009277889163249987e+06
3.849465760940802284e+01 3.563895350673089938e+37 1.009271083907739958e+06
3.871357706309936475e+01 3.542336546293400102e+37 1.009264860925680026e+06
3.891949070279952139e+01 3.521860768285799882e+37 1.009259041830430040e+06
3.912196580998715945e+01 3.501069291056489792e+37 1.009253311410050024e+06
3.935131129514775239e+01 3.475082688274469794e+37 1.009246676860990003e+06
3.960995569934311789e+01 3.445202311432320098e+37 1.009239056381460046e+06
3.984739696599717718e+01 3.420756555919069873e+37 1.009232133740260033e+06
4.006718418671516702e+01 3.398356565841700102e+37 1.009225806193990051e+06
4.027646920765982941e+01 3.376728098232400043e+37 1.009219825332749984e+06
4.048703743977239355e+01 3.354200615420880017e+37 1.009213800934999948e+06
4.074658307168283500e+01 3.323098366460220063e+37 1.009206182366549969e+06
4.098507016173971351e+01 3.297864129762759787e+37 1.009199205336609972e+06
4.120735299310763367e+01 3.274463392664380089e+37 1.009192771917080041e+06
4.142012771299050655e+01 3.251846022098289943e+37 1.009186655634609982e+06
4.163692485177307390e+01 3.228053197176289977e+37 1.009180418970059953e+06
4.190063669995288365e+01 3.196317183439240005e+37 1.009172665432780050e+06
4.214229140688257758e+01 3.170603794418819909e+37 1.009165616406989982e+06
4.236742943915305659e+01 3.146870180192420126e+37 1.009159139262369950e+06
4.258405338514421601e+01 3.123876431050930023e+37 1.009152965801269980e+06
4.280668669154692907e+01 3.099571865418789930e+37 1.009146630867009982e+06
4.307493973418604583e+01 3.067890820341449982e+37 1.009138859502470004e+06
4.332086737504869234e+01 3.042123638309889884e+37 1.009131811156010022e+06
4.355004819075111300e+01 3.018423485657539935e+37 1.009125348947450053e+06
4.377054060378577560e+01 2.995578663766319978e+37 1.009119205762350000e+06
4.399748346298292745e+01 2.971500911667259987e+37 1.009112909294590005e+06
4.429656089373747818e+01 2.936473267416610009e+37 1.009104453954590019e+06
4.457453904376598075e+01 2.908523072022330197e+37 1.009096733949139947e+06
4.486408854484034237e+01 2.878896713803259874e+37 1.009088857068930054e+06
4.512932322135020513e+01 2.854182486841300195e+37 1.009081840015540016e+06
4.537522193000768311e+01 2.831674831454789834e+37 1.009075482394160004e+06
4.560744794896163512e+01 2.810476323720240032e+37 1.009069570230860030e+06
4.583656335473642685e+01 2.789221206962069802e+37 1.009063780928520020e+06
4.608817072033707518e+01 2.764436558309220109e+37 1.009057364946010057e+06
4.636296280102396850e+01 2.736761601576250135e+37 1.009050253187419963e+06
4.661602918227436021e+01 2.713448327502539958e+37 1.009043783106749994e+06
4.685401995481515769e+01 2.691672858525689768e+37 1.009037777044850052e+06
4.708730663055030163e+01 2.670097501563310146e+37 1.009031935002560029e+06
4.733664301972021349e+01 2.646122814231049824e+37 1.009025672584739979e+06
4.762326593951729592e+01 2.617063917412030206e+37 1.009018337616820005e+06
4.788604305086482782e+01 2.593195824272579828e+37 1.009011706699560047e+06
4.813164752609736752e+01 2.571167867542179961e+37 1.009005608420209959e+06
4.836966555363324005e+01 2.549761102944049810e+37 1.008999766314079985e+06
4.861574087527696975e+01 2.527157594519029927e+37 1.008993748728289967e+06
4.891774229811562691e+01 2.497205799052200172e+37 1.008986233830729965e+06
4.919291211472591385e+01 2.473003088526009929e+37 1.008979464516130043e+06
4.944831820313993376e+01 2.450851138542429949e+37 1.008973295145160053e+06
4.969277467731444631e+01 2.429768556701539772e+37 1.008967475845630048e+06
4.993838521785801277e+01 2.408475305074110079e+37 1.008961683212990058e+06
5.021863183584355284e+01 2.382872158541629907e+37 1.008955029341039946e+06
5.077632260562677402e+01 2.327317026462740051e+37 1.008941624106570031e+06
5.113662287032639142e+01 2.306527575877980170e+37 1.008933708757690038e+06
5.164128529089794029e+01 2.264568164908720071e+37 1.008922815985030029e+06
5.208938852704886813e+01 2.235538962187310152e+37 1.008913664542500046e+06
5.249169504083693027e+01 2.210163629465349994e+37 1.008905773133169976e+06
5.285380296301445924e+01 2.187725997308060010e+37 1.008898849964349996e+06
5.318172407464589924e+01 2.167649426832149914e+37 1.008892687185919960e+06
5.348085983849887270e+01 2.149482302973479875e+37 1.008887132265910041e+06
5.375883605373383034e+01 2.132533219651660231e+37 1.008882004486480029e+06
5.402379345431108959e+01 2.116172264683119907e+37 1.008877125422370038e+06
5.429048968102142680e+01 2.099126977623130046e+37 1.008872186643930036e+06
5.459238569346780423e+01 2.078277651873579941e+37 1.008866465406259988e+06
5.500505385399446823e+01 2.047129891059549983e+37 1.008858347888460034e+06
5.535812724025163334e+01 2.025971457000930061e+37 1.008851615482370020e+06
5.569464633255847730e+01 2.005085874566290020e+37 1.008845336211210000e+06
5.600224439271551091e+01 1.986748158038500089e+37 1.008839704570590053e+06
5.628890665083599743e+01 1.969718228131169952e+37 1.008834523629199946e+06
5.656508768572530244e+01 1.953146571135909976e+37 1.008829563940580003e+06
5.684673364061745815e+01 1.935732674326929959e+37 1.008824491584599949e+06
5.718056487115973141e+01 1.913182782804509929e+37 1.008818320623810054e+06
5.753825790522387251e+01 1.889295260290549920e+37 1.008811600194739993e+06
5.786374255204282235e+01 1.869567622424929971e+37 1.008805593322189990e+06
5.816509152208163869e+01 1.851612837217719971e+37 1.008800132217249949e+06
5.845133984749554656e+01 1.834610713087579902e+37 1.008795006468379986e+06
5.873792551254155114e+01 1.817292508490869953e+37 1.008789895707390038e+06
5.905788698107062373e+01 1.796893163117919968e+37 1.008784124869390042e+06
5.942876909831829835e+01 1.772023350206620075e+37 1.008777259145579999e+06
5.976579542421677615e+01 1.751997474704050028e+37 1.008771131408510031e+06
6.007761429272068199e+01 1.733841732573130074e+37 1.008765573374290019e+06
6.037358498900721315e+01 1.716744165478429940e+37 1.008760373685810016e+06
6.066936295230698306e+01 1.699473715586230033e+37 1.008755212981209974e+06
6.099774884882208426e+01 1.679393752965559909e+37 1.008749437002470018e+06
6.139266023157688323e+01 1.653735934992429983e+37 1.008742306243719999e+06
6.175068761791044381e+01 1.633376329227000004e+37 1.008735977038539946e+06
6.208005824919382576e+01 1.615115231360760102e+37 1.008730286211580038e+06
6.239116634537640493e+01 1.598071430638589898e+37 1.008725002860359964e+06
6.269674222529283725e+01 1.581305875291760026e+37 1.008719866086010006e+06
6.302273313839395996e+01 1.562889649406620109e+37 1.008714380254409974e+06
6.348382772671175189e+01 1.534224777919499888e+37 1.008706397241570055e+06
6.391133219105540775e+01 1.511175627648840117e+37 1.008699134285219945e+06
6.429927163026877679e+01 1.491282427397750058e+37 1.008692742826089961e+06
6.465414679523382802e+01 1.473591829478170107e+37 1.008687036902509979e+06
6.498678612735238858e+01 1.457209907455669993e+37 1.008681780864940025e+06
6.530977987655205652e+01 1.441294142265579914e+37 1.008676728357590036e+06
6.564358437327609863e+01 1.424463686632709933e+37 1.008671505302640027e+06
6.605587122355063912e+01 1.401881494406869938e+37 1.008664884164860006e+06
6.651886563208245207e+01 1.376900165363620054e+37 1.008657365667799953e+06
6.693783210663241334e+01 1.356794714500760080e+37 1.008650748777840054e+06
6.732086230500135571e+01 1.338934844400849989e+37 1.008644849497969961e+06
6.767903957616363186e+01 1.322438687543189974e+37 1.008639428439800045e+06
6.802418358174327295e+01 1.306609597863429905e+37 1.008634262928889948e+06
6.837471122664283030e+01 1.290261081783439965e+37 1.008629024292069953e+06
6.878187184345733840e+01 1.270036528721199885e+37 1.008622821382989991e+06
6.928278783813584596e+01 1.244107559431269945e+37 1.008614993612720049e+06
6.973573220595426392e+01 1.223587620149080049e+37 1.008608092746959999e+06
7.015164065963472240e+01 1.205245680777359909e+37 1.008601906921750051e+06
7.053995588744874112e+01 1.188433675960439958e+37 1.008596236584870028e+06
7.091317569818056654e+01 1.172368728427859884e+37 1.008590848157729954e+06
7.128879996134492103e+01 1.156033467248219918e+37 1.008585440828150022e+06
7.171210864424938336e+01 1.136762199676669941e+37 1.008579265492459992e+06
7.227622382171102799e+01 1.109254792242920074e+37 1.008570767232239945e+06
7.278865016005875077e+01 1.087527066955769901e+37 1.008563243090089993e+06
7.325969693133083638e+01 1.068171262625909976e+37 1.008556499843070051e+06
7.369753971556201577e+01 1.050547153843929996e+37 1.008550347540620016e+06
7.411423430961440317e+01 1.033956337696660048e+37 1.008544566930920002e+06
7.452638549765106291e+01 1.017515486687960045e+37 1.008538880384249962e+06
7.496546970393683296e+01 9.996218781749210016e+36 1.008532795199210057e+06
7.556072153415880166e+01 9.736517031620529653e+36 1.008524309614369995e+06
7.623817621727357619e+01 9.454695745592679603e+36 1.008514679281829973e+06
7.707367439661175013e+01 9.133455937633690485e+36 1.008503256234260043e+06
7.783632001449586824e+01 8.875787258834170580e+36 1.008493364287790027e+06
7.853637919131142553e+01 8.639499005639310124e+36 1.008484464988969965e+06
7.918292983509309124e+01 8.422281059389419560e+36 1.008476314579530037e+06
7.978537841860088520e+01 8.222605654804359805e+36 1.008468775344609981e+06
8.035336898903187830e+01 8.035830148085270016e+36 1.008461694004070014e+06
8.089771396487776656e+01 7.855987222420319603e+36 1.008454889823229983e+06
8.143875506386393681e+01 7.676849599491559735e+36 1.008448105149090057e+06
8.201033955304592382e+01 7.484567326840820031e+36 1.008440862040729960e+06
8.273615658843482379e+01 7.229760203916490073e+36 1.008431422721680021e+06
8.356392537997453474e+01 6.944713049509800375e+36 1.008420574335820042e+06
8.460729730616731104e+01 6.615639193042509491e+36 1.008407383905519964e+06
8.560069609673519153e+01 6.325241605424930319e+36 1.008395198778389953e+06
8.655188821631600149e+01 6.052594975802620161e+36 1.008383706689349958e+06
8.747327832037990447e+01 5.795733172210419448e+36 1.008372699594990001e+06
8.836962545129063074e+01 5.553088671014019798e+36 1.008362104805169976e+06
8.926158442760061007e+01 5.317112660049919460e+36 1.008351635259620030e+06
9.016089228329656180e+01 5.085289361945909869e+36 1.008341153257439961e+06
9.110380352451466024e+01 4.850135185850019808e+36 1.008330271081830026e+06
9.217752483292133547e+01 4.593542336034140271e+36 1.008318068181870040e+06
9.415946353404433466e+01 4.151436684510810113e+36 1.008296333331109956e+06
9.563949909881921485e+01 3.862683872030509908e+36 1.008280802040789975e+06
