# time luminosity radius
-2.294427598750917241e+01 4.428094099173020178e+35 1.008175136007699999e+06
-1.780194294004468247e+01 4.829207145099769933e+35 1.008181457175599993e+06
-1.458118203925550915e+01 5.222661731010599905e+35 1.008189020278700045e+06
-1.261531735496828333e+01 5.572161694730019772e+35 1.008196638299009996e+06
-1.143210087865008973e+01 5.864367440195249863e+35 1.008203403761190013e+06
-1.070173061589593999e+01 6.086260280133009775e+35 1.008209035244390019e+06
-1.022136061775381677e+01 6.258926421028850208e+35 1.008213687716710032e+06
-9.877986436098581180e+00 6.399905846349209983e+35 1.008217677507560002e+06
-9.608652042137691751e+00 6.523800821371200292e+35 1.008221326675459975e+06
-9.365445112198358402e+00 6.649199749572660364e+35 1.008225089301489992e+06
-9.086472241033334285e+00 6.816763249701150402e+35 1.008230281019250047e+06
-8.840007074875757098e+00 6.990199911104549741e+35 1.008235885582390008e+06
-8.817673677665879950e+00 7.006352351743669507e+35 1.008236407267980045e+06
-8.773230217222589999e+00 7.039418971269169969e+35 1.008237490788750001e+06
-8.702568964858073741e+00 7.093990799517869267e+35 1.008239319085019990e+06
-8.583843912580050528e+00 7.193937563706319724e+35 1.008242775170910056e+06
-8.466445822588866577e+00 7.302965007513280381e+35 1.008246659794989973e+06
-8.376659852656302974e+00 7.391899360673959695e+35 1.008250025789399981e+06
-8.306863047182559967e+00 7.467193884606999901e+35 1.008252927409230033e+06
-8.246544272347819060e+00 7.533741110694090074e+35 1.008255710070380010e+06
-8.193759282992687076e+00 7.595093336761650122e+35 1.008258410015520058e+06
-8.148161139222793281e+00 7.652237883265790559e+35 1.008261001875060028e+06
-8.109575896029127762e+00 7.700512411866519559e+35 1.008263432143850019e+06
-8.078366209636442363e+00 7.742356679630100116e+35 1.008265596443810035e+06
-8.051050558657152578e+00 7.778769651582500651e+35 1.008267682980239973e+06
-8.026606321131112054e+00 7.814866038816190720e+35 1.008269732842099969e+06
-8.004479610390262678e+00 7.845105129528579725e+35 1.008271772340010037e+06
-7.990277406293898821e+00 7.866917162278370381e+35 1.008273170856470009e+06
-7.973130905418656766e+00 7.892850479794359695e+35 1.008275036647840054e+06
-7.957971049996558577e+00 7.913080242030689877e+35 1.008276847594749997e+06
-7.941045032494002953e+00 7.940876742161360226e+35 1.008279206366589991e+06
-7.922799049702007324e+00 7.945930281893119483e+35 1.008282360402030055e+06
-7.906467529654037207e+00 8.002136851258909927e+35 1.008285422605820000e+06
-7.890781156515004113e+00 8.025457152315690590e+35 1.008288522128480021e+06
-7.876866876787971705e+00 8.049178903068769680e+35 1.008291319233619957e+06
-7.863121854112250730e+00 8.068405314056349856e+35 1.008294148042700021e+06
-7.849481220007874072e+00 8.093079144524989746e+35 1.008296986042900011e+06
-7.835671888198703527e+00 8.118240765986600248e+35 1.008299909809830016e+06
-7.820583303051535040e+00 8.146040450197810194e+35 1.008303135612630052e+06
-7.804114766098791733e+00 8.187629290423409404e+35 1.008306685771969962e+06
-7.787254110531648621e+00 8.230594291913019684e+35 1.008310361570989946e+06
-7.769541925197700039e+00 8.276666840418079471e+35 1.008314373087269953e+06
-7.750750706647522748e+00 8.381024835945469477e+35 1.008318694756989949e+06
-7.730743265157798305e+00 8.467881301598460625e+35 1.008323408095730003e+06
-7.709396803868003190e+00 8.796727769804570418e+35 1.008328572406069958e+06
-7.686700017278781161e+00 9.520409492775329893e+35 1.008334253287600004e+06
-7.663077786361100152e+00 1.190214277685809996e+36 1.008340619843730005e+06
-7.639024358446476981e+00 1.665131123524920089e+36 1.008347346459510038e+06
-7.614332597644533962e+00 1.940257373902739868e+36 1.008354508794349968e+06
-7.589101291057886556e+00 2.336121045784779994e+36 1.008362125107389991e+06
-7.563322305824840441e+00 2.979017696801869845e+36 1.008370297792320023e+06
-7.538146226521348581e+00 3.548818234033500139e+36 1.008378679296129965e+06
-7.513665854348801076e+00 3.864814860449589773e+36 1.008387173565429985e+06
-7.489999974495731294e+00 4.409503288650830153e+36 1.008395773624290014e+06
-7.466360522434115410e+00 6.792448697871329665e+36 1.008405564053370035e+06
-7.447909514332422987e+00 6.673169776083760368e+36 1.008413374630740029e+06
-7.425009516300633550e+00 6.857597600230579467e+36 1.008423384801849956e+06
-7.403120628587203100e+00 7.115121277257070198e+36 1.008433289603119949e+06
-7.381773605942726135e+00 7.526981002001470173e+36 1.008443386883580009e+06
-7.360769222141243517e+00 7.835408228580449812e+36 1.008453692045800039e+06
-7.339985043945489451e+00 8.149323003593239682e+36 1.008464269168179948e+06
-7.319307813770137727e+00 8.474273680869750548e+36 1.008475208330349997e+06
-7.298765396204544231e+00 8.804502321627280307e+36 1.008486501281130011e+06
-7.278250996489077806e+00 9.150392737435999670e+36 1.008498236424930044e+06
-7.257936322654131800e+00 9.674978071283020347e+36 1.008510502700150013e+06
-7.237712281406857073e+00 1.005506625306250011e+37 1.008523220927749993e+06
-7.218110605987021700e+00 1.042730160057930033e+37 1.008536050304770004e+06
-7.199938058416591957e+00 1.077923954485429919e+37 1.008548394292550045e+06
-7.182633806980447844e+00 1.112179793394730018e+37 1.008560567974240053e+06
-7.166252066585002467e+00 1.145497363220429998e+37 1.008572471109580016e+06
-7.150537899811752141e+00 1.178448057563709927e+37 1.008584260825810023e+06
-7.135269248072290793e+00 1.211426867773669891e+37 1.008596095235320041e+06
-7.120272386615397409e+00 1.244602580339980024e+37 1.008608101151359966e+06
-7.105343470349907875e+00 1.278187514503429914e+37 1.008620433958349982e+06
-7.090174763550749049e+00 1.314025451758850039e+37 1.008633354334759992e+06
-7.074798691290197894e+00 1.352573361755599969e+37 1.008646844613609952e+06
-7.059666372922947630e+00 1.391354926278499968e+37 1.008660489717000048e+06
-7.045729183795629069e+00 1.427568595330499962e+37 1.008673361343850032e+06
-7.032668555155396461e+00 1.462136382493050087e+37 1.008685695395829971e+06
-7.020312782318796962e+00 1.495514853662280112e+37 1.008697603435899946e+06
-7.008522604941390455e+00 1.527840258602259900e+37 1.008709184197350056e+06
-6.997192462615203112e+00 1.559295130700589997e+37 1.008720512648200034e+06
-6.986184103763662279e+00 1.590124089720210027e+37 1.008731708908039960e+06
-6.975480302440701053e+00 1.620202536901340091e+37 1.008742772001000005e+06
-6.964863863307982683e+00 1.650229711756160088e+37 1.008753916669990052e+06
-6.954384535725694150e+00 1.679814051326630057e+37 1.008765080331559991e+06
-6.943969191866926849e+00 1.709200214829269924e+37 1.008776333544529974e+06
-6.933535491902148351e+00 1.738572096380109907e+37 1.008787763736400055e+06
-6.923002793133491650e+00 1.768218983201500086e+37 1.008799452960080002e+06
-6.912317556911148131e+00 1.798151414309409957e+37 1.008811460780399968e+06
-6.901631594024365768e+00 1.827788907162539996e+37 1.008823614365239977e+06
-6.890985082020051777e+00 1.857346884354239951e+37 1.008835865903099999e+06
-6.880458074680063874e+00 1.887540598217199910e+37 1.008848126441349974e+06
-6.870024451927747577e+00 1.911254301020180013e+37 1.008860395133750048e+06
-6.859564919286640361e+00 1.938546889310519900e+37 1.008872817951119971e+06
-6.849054814607370645e+00 1.968212336921110030e+37 1.008885421374220052e+06
-6.838558688439661637e+00 1.997808641489290009e+37 1.008898115866570035e+06
-6.827774762350600213e+00 2.031368593557659898e+37 1.008911273099610000e+06
-6.817002500523813069e+00 2.061562298245109949e+37 1.008924507224550005e+06
-6.806263045029481873e+00 2.118166542471180085e+37 1.008937802377969958e+06
-6.795453288417775184e+00 2.166421730505689786e+37 1.008951257016820018e+06
-6.784533883561380208e+00 2.229078378603530061e+37 1.008964926238619955e+06
-6.773432055342709646e+00 2.264123294448599859e+37 1.008978867822799948e+06
-6.762065337825333700e+00 2.308462966249669961e+37 1.008993185612650006e+06
-6.750345462758559734e+00 2.369462083284729878e+37 1.009008006986759952e+06
-6.738164234906435013e+00 2.412208936211489834e+37 1.009023446171590011e+06
-6.725441698508802801e+00 2.492460149654720029e+37 1.009039613489430049e+06
-6.712186949793249369e+00 2.550191986118430070e+37 1.009056466425289982e+06
-6.698710222030058503e+00 2.615808612857000216e+37 1.009073603596859961e+06
-6.685255037969909608e+00 2.691916027443500189e+37 1.009090734693750041e+06
-6.671819538518320769e+00 2.771173577837270148e+37 1.009107841470399988e+06
-6.658291435800492764e+00 2.850324549920869962e+37 1.009125046736059943e+06
-6.644607313151936978e+00 2.945825872942040213e+37 1.009142427134130034e+06
-6.630660353024723008e+00 3.040285053980599978e+37 1.009160105217640055e+06
-6.616431902773911133e+00 3.110316053654229784e+37 1.009178089687300031e+06
-6.601942921493900940e+00 3.215833016400029801e+37 1.009196331526670023e+06
-6.587151212326716632e+00 3.297530560043829866e+37 1.009214878726909985e+06
-6.572803295595804229e+00 3.378400775877980030e+37 1.009232788064099965e+06
-6.558324102865299210e+00 3.468198186871510236e+37 1.009250783801379963e+06
-6.542525441152974963e+00 3.559090504313169861e+37 1.009270300799670047e+06
-6.526725492993136868e+00 3.650034570315690177e+37 1.009289690092219971e+06
-6.510411918367026374e+00 3.744407940617929932e+37 1.009309558077930007e+06
-6.494660533790010959e+00 3.834008585181209860e+37 1.009328592506740009e+06
-6.478526912425877526e+00 3.925394892546730119e+37 1.009347928362319944e+06
-6.462019653699826449e+00 4.020108997633290077e+37 1.009367536639239988e+06
-6.445257357176160440e+00 4.117677395971320159e+37 1.009387259891889989e+06
-6.428082483791513368e+00 4.218912770061359906e+37 1.009407262825889979e+06
-6.410252353583928198e+00 4.325283913790770212e+37 1.009427795659270021e+06
-6.390561796637484804e+00 4.443998850918200217e+37 1.009450186964630033e+06
-6.370980478764977306e+00 4.563517537522199763e+37 1.009472178156969952e+06
-6.351454690593527630e+00 4.683765124762910244e+37 1.009493834789479966e+06
-6.331926132435910404e+00 4.804795478097489968e+37 1.009515224864830030e+06
-6.312401274801231921e+00 4.926313270600109567e+37 1.009536343240760034e+06
-6.292820339964237064e+00 5.048421637675599726e+37 1.009557254786440055e+06
-6.273194775392767042e+00 5.170796625446789692e+37 1.009577961610189988e+06
-6.253542619757354259e+00 5.293048818302360428e+37 1.009598431911049993e+06
-6.233852794743143022e+00 5.414977846605380390e+37 1.009618673295579967e+06
-6.214127884915797040e+00 5.536308180524619608e+37 1.009638676746550016e+06
-6.194317245099227875e+00 5.657105492561780309e+37 1.009658491608869983e+06
-6.174429750535637140e+00 5.777106747489290042e+37 1.009678116393530043e+06
-6.154413397365715355e+00 5.896433793398190079e+37 1.009697588160319952e+06
-6.134280563972424716e+00 6.014843512520440430e+37 1.009716886601730017e+06
-6.113977030094247311e+00 6.132459146794550318e+37 1.009736054860880016e+06
-6.093517156434245408e+00 6.249032703202889775e+37 1.009755076830529957e+06
-6.072843585745431483e+00 6.364722771444149788e+37 1.009773987348190043e+06
-6.052007995400344953e+00 6.479096134060770196e+37 1.009792726274979999e+06
-6.031030108424602076e+00 6.591894884143650313e+37 1.009811272978530033e+06
-6.009861608006758615e+00 6.703277062923070418e+37 1.009829656454170006e+06
-5.988510035327635705e+00 6.813091033344199585e+37 1.009847859187399969e+06
-5.966923382540699095e+00 6.921474740094109972e+37 1.009865911139920005e+06
-5.945110457745613530e+00 7.028245514760699837e+37 1.009883798372430028e+06
-5.923014264000812545e+00 7.133555884165130025e+37 1.009901551423509954e+06
-5.900643312401371077e+00 7.237230876711930468e+37 1.009919148568980047e+06
-5.877934395917691290e+00 7.339523269833089909e+37 1.009936625194409979e+06
-5.854961012577405199e+00 7.439901842094200427e+37 1.009953910584270023e+06
-5.831734945910284296e+00 7.538231197249349559e+37 1.009970985111210030e+06
-5.808199540537316352e+00 7.634698029778890410e+37 1.009987876650050050e+06
-5.784353754745097831e+00 7.729167281935089757e+37 1.010004572225249954e+06
-5.760132201889064163e+00 7.821885465081899670e+37 1.010021103490310023e+06
-5.735529148165369406e+00 7.912732765952869806e+37 1.010037458142590011e+06
-5.710512360645225272e+00 8.001653437138869662e+37 1.010053643389019999e+06
-5.685148137592477724e+00 8.088409529877539833e+37 1.010069600664049969e+06
-5.659417078248225152e+00 8.172991436076750279e+37 1.010085329039119999e+06
-5.633244041906436905e+00 8.255549585389199909e+37 1.010100861047180020e+06
-5.606609262496931478e+00 8.336059400123940242e+37 1.010116191198520013e+06
-5.579476659593638033e+00 8.414559198082669555e+37 1.010131324319930049e+06
-5.551923295512096956e+00 8.490789765260240442e+37 1.010146202828309964e+06
-5.523911115771625191e+00 8.564826890335239838e+37 1.010160836960140034e+06
-5.495344422233756632e+00 8.636846056006290295e+37 1.010175261232270044e+06
-5.466209847218124196e+00 8.706837026586839947e+37 1.010189466268960037e+06
-5.436615395621629432e+00 8.774595244935509993e+37 1.010203387777409982e+06
-5.406448045483557507e+00 8.840231502792049636e+37 1.010217068642399972e+06
-5.375648990244371817e+00 8.903899280546370759e+37 1.010230521013939986e+06
-5.344304039317648858e+00 8.965435118049399334e+37 1.010243696698740008e+06
-5.312345703423488885e+00 9.024993359556320929e+37 1.010256616223469959e+06
-5.279692733834963292e+00 9.082718950850479127e+37 1.010269300697810017e+06
-5.246441514202160761e+00 9.138506714467860533e+37 1.010281705287270015e+06
-5.212497987668029964e+00 9.192517551184759369e+37 1.010293859238340054e+06
-5.177798481017816812e+00 9.244899480855199989e+37 1.010305777860180009e+06
-5.142458939837524667e+00 9.295595399333930913e+37 1.010317418695840053e+06
-5.106295865465654060e+00 9.344895721099399749e+37 1.010328840074109961e+06
-5.069422070751897991e+00 9.392780420954089705e+37 1.010340005607450032e+06
-5.031742108316393569e+00 9.439468000191420284e+37 1.010350946202439955e+06
-4.993265972938388586e+00 9.485059791909640179e+37 1.010361662712319987e+06
-4.953926474350737408e+00 9.529788908785159982e+37 1.010372178946839995e+06
-4.913738305855076760e+00 9.573761299731079829e+37 1.010382499484139960e+06
-4.872653723461553454e+00 9.617238782288340098e+37 1.010392646654929966e+06
-4.830686917295679450e+00 9.660344519656060927e+37 1.010402631157350028e+06
-4.787706554721808061e+00 9.703375579972280228e+37 1.010412499926520046e+06
-4.743831514002522454e+00 9.746527862489299203e+37 1.010422243628690019e+06
-4.698917647358030081e+00 9.790067569272309897e+37 1.010431917306810035e+06
-4.653024430765071884e+00 9.834200688393540175e+37 1.010441532856230042e+06
-4.606109537737211213e+00 9.879186288539229132e+37 1.010451128355239984e+06
-4.558067288802703843e+00 9.925423611305059436e+37 1.010460754475299967e+06
-4.508954740536864847e+00 9.973101822306249470e+37 1.010470434127919958e+06
-4.458748200559057295e+00 1.002249457958130008e+38 1.010480209824969992e+06
-4.407371659297496080e+00 1.007397759377009934e+38 1.010490135289320024e+06
-4.354780937224859372e+00 1.012784819739969993e+38 1.010500262198530021e+06
-4.301046857552137226e+00 1.018438435634809989e+38 1.010510620255460031e+06
-4.246107408427633345e+00 1.024390330948310080e+38 1.010521268239689991e+06
-4.189906290645012632e+00 1.030675079540910016e+38 1.010532265068799956e+06
-4.132395724387606606e+00 1.037326677196380030e+38 1.010543669555500033e+06
-4.073669932520715520e+00 1.044364294743050043e+38 1.010555512501909980e+06
-4.013559364655520767e+00 1.051829082074010030e+38 1.010567879613789963e+06
-3.951979670760920271e+00 1.059759715246509986e+38 1.010580839459690033e+06
-3.889206478081177920e+00 1.068150944769419993e+38 1.010594381420120015e+06
-3.825038167706225067e+00 1.077038941646980058e+38 1.010608597662669956e+06
-3.759345042315544561e+00 1.086462495828460069e+38 1.010623563105999958e+06
-3.692392571771051735e+00 1.096406613908950092e+38 1.010639256995870033e+06
-3.623977955227019265e+00 1.106900869680620078e+38 1.010655766169129987e+06
-3.554065717849880457e+00 1.117962052775910015e+38 1.010673132420339971e+06
-3.482834917027503252e+00 1.129568409832060016e+38 1.010691336903410032e+06
-3.410001813259441406e+00 1.141752275516769962e+38 1.010710475878510042e+06
-3.335842899366980419e+00 1.154472770443440027e+38 1.010730487613189965e+06
-3.260176941752433777e+00 1.167734938807909923e+38 1.010751428566380055e+06
-3.183119865250773728e+00 1.181505887344400090e+38 1.010773262230759952e+06
-3.104523749789223075e+00 1.195779200690089973e+38 1.010796020272569964e+06
-3.024562736914958805e+00 1.210499633834199950e+38 1.010819629337630002e+06
-2.943076119292527437e+00 1.225649418586050039e+38 1.010844107418010011e+06
-2.860288171970751137e+00 1.241153531232649910e+38 1.010869343827759963e+06
-2.775966640590922907e+00 1.256992877702980077e+38 1.010895360279500019e+06
-2.690318254812154919e+00 1.273086718897539951e+38 1.010922029905020026e+06
-2.603273243294097483e+00 1.289380971376299937e+38 1.010949304978940054e+06
-2.514788063796004280e+00 1.305821008017760040e+38 1.010977118710950017e+06
-2.425061427871696651e+00 1.322311263184410083e+38 1.011005319252799964e+06
-2.333960252755787224e+00 1.338796862850650063e+38 1.011033853070429992e+06
-2.241422710765618831e+00 1.355218808131670039e+38 1.011062634443860035e+06
-2.147686322132358328e+00 1.371474306513880078e+38 1.011091474218180054e+06
-2.052670211851364002e+00 1.387492782530819920e+38 1.011120285441579996e+06
-1.956313304952345788e+00 1.403211376801229989e+38 1.011148964250370045e+06
-1.858647661283612251e+00 1.418555043405030066e+38 1.011177373269199976e+06
-1.759806585701880977e+00 1.433480882238760006e+38 1.011202736181149958e+06
-1.659727484075119719e+00 1.447887293034599952e+38 1.011227636229560012e+06
-1.558399450586875901e+00 1.461780445998169959e+38 1.011252644567379961e+06
-1.455785251106135547e+00 1.475177504679809935e+38 1.011276659720730036e+06
-1.351876609085593373e+00 1.487864015663480061e+38 1.011300083952259971e+06
-1.246653740498004481e+00 1.499731148449970011e+38 1.011322650330779958e+06
-1.140158638590946794e+00 1.510723063145600041e+38 1.011344137898909976e+06
-1.032405721984105185e+00 1.520800838823810039e+38 1.011364344535939978e+06
-9.233500440313946456e-01 1.529931741957600050e+38 1.011383123343499959e+06
-8.129748451465275139e-01 1.538083378798350043e+38 1.011400335085139959e+06
-7.012335940089542419e-01 1.545224095806039937e+38 1.011415854059290024e+06
-5.881000579975079745e-01 1.551324171345710047e+38 1.011429558680639951e+06
-4.735166596074122936e-01 1.556355789330289976e+38 1.011441337790769991e+06
-3.574469297891482711e-01 1.560295086143270069e+38 1.011451091747099999e+06
-2.398475465888623148e-01 1.563120899817300053e+38 1.011458711254670052e+06
-1.207175510644447058e-01 1.564816624360100082e+38 1.011464103641930036e+06
0.000000000000000000e+00 1.565366560585720065e+38 1.011467184138379991e+06
1.223872042610310018e-01 1.564758492956699906e+38 1.011467877938569989e+06
2.465201452432665974e-01 1.562983325440389995e+38 1.011466108940409962e+06
3.725171521946322173e-01 1.560031358995499919e+38 1.011461814711989951e+06
4.865641203650739044e-01 1.556913519618910082e+38 1.011455937635189970e+06
5.891996459977235645e-01 1.553427543065740003e+38 1.011449133277960005e+06
6.817916377331130207e-01 1.549720515569219986e+38 1.011441786396819982e+06
7.648978304641786963e-01 1.545972800840370088e+38 1.011434234330100007e+06
8.392367909837048501e-01 1.542288237871449950e+38 1.011426727374930051e+06
9.054784906038548797e-01 1.538748461816789925e+38 1.011419451675569988e+06
9.642844671907369047e-01 1.535408459553900007e+38 1.011412539573049988e+06
1.016315490851411596e+00 1.532301497697100004e+38 1.011406074344260036e+06
1.062342913966858760e+00 1.529431978583220009e+38 1.011400086353900027e+06
1.103191184345632792e+00 1.526786763851220073e+38 1.011394562248470029e+06
1.140013768657809123e+00 1.524307520951170085e+38 1.011389414531789953e+06
1.174141785042593256e+00 1.521914896335029912e+38 1.011384498475720058e+06
1.207867306307889521e+00 1.519421693469710085e+38 1.011379495346680051e+06
1.250131617765873671e+00 1.515933752621869917e+38 1.011372985948599991e+06
1.326870444259839132e+00 1.508732929275370046e+38 1.011360365693549975e+06
1.406724421103717759e+00 1.501866789512290041e+38 1.011346289450919954e+06
1.499272087094141170e+00 1.493198491760640047e+38 1.011329015786450007e+06
1.611097782675642520e+00 1.482034777345509954e+38 1.011306777132840012e+06
1.748423922254005447e+00 1.467532298899839936e+38 1.011277591435050010e+06
1.896562641515629366e+00 1.451634859213440021e+38 1.011244250999239972e+06
2.032197640946833417e+00 1.437177891202430093e+38 1.011212473087579943e+06
2.154963110835524276e+00 1.423784890721299959e+38 1.011182901859550038e+06
2.265435611392604187e+00 1.411507528167040092e+38 1.011155728559360025e+06
2.364334102603606880e+00 1.400356063061129945e+38 1.011131014476689976e+06
2.452656815963564441e+00 1.390277591813050003e+38 1.011108666250020033e+06
2.531214964721584693e+00 1.381231703545789925e+38 1.011088613239819999e+06
2.600804641842842102e+00 1.373161588527420035e+38 1.011070729776500026e+06
2.662262570520397276e+00 1.365993717868049983e+38 1.011054856909540016e+06
2.716546803218079731e+00 1.359630036930450051e+38 1.011040783367619966e+06
2.764680438616778702e+00 1.353959670703390002e+38 1.011028267888169969e+06
2.808134493767283857e+00 1.348804294211709962e+38 1.011016942293339991e+06
2.848924606252694502e+00 1.343913727162920055e+38 1.011006287729540025e+06
2.891260949138086289e+00 1.338731463072330072e+38 1.010995193791850004e+06
2.967504923552041873e+00 1.328686826187600008e+38 1.010975097056469996e+06
3.063932453398592770e+00 1.316381395966960049e+38 1.010949448442689958e+06
3.167726418294478208e+00 1.303346417777960087e+38 1.010921764887130004e+06
3.292628493858501315e+00 1.287361535500969935e+38 1.010888503952799947e+06
3.446893717220518738e+00 1.267607805451879908e+38 1.010847618634709972e+06
3.633231388084823266e+00 1.244076061134979955e+38 1.010798839365449967e+06
3.825008305546361953e+00 1.220816589508340066e+38 1.010749677901000017e+06
3.996575643453979865e+00 1.200896942924759951e+38 1.010706795141029987e+06
4.151151142665185034e+00 1.183317208556180085e+38 1.010669170158619992e+06
4.288874219782883301e+00 1.167992158536369941e+38 1.010636472813050030e+06
4.412209009984508157e+00 1.154507030374960079e+38 1.010607871775030042e+06
4.521899203769862652e+00 1.142726368628360022e+38 1.010582977170240018e+06
4.619585567095782608e+00 1.132394261759859968e+38 1.010561241805469966e+06
4.706105398945510387e+00 1.123379910236380012e+38 1.010542332839119947e+06
4.782519483036594465e+00 1.115524655328140030e+38 1.010525899607890053e+06
4.849910958611872047e+00 1.108679674234730025e+38 1.010511614733449998e+06
4.909456749621313065e+00 1.102694088565100077e+38 1.010499154094900005e+06
4.962552861717995256e+00 1.097400943981390051e+38 1.010488169467470027e+06
5.011441495473263785e+00 1.092548090003910002e+38 1.010478159343910054e+06
5.060088975587859750e+00 1.087709630163949918e+38 1.010468289964269963e+06
5.128208284295396879e+00 1.080742294238080054e+38 1.010454615570600028e+06
5.227579490892821923e+00 1.070596911354980059e+38 1.010434969046339975e+06
5.357967083487892523e+00 1.057559368905939917e+38 1.010409739800769952e+06
5.509603061800589785e+00 1.042945931017640021e+38 1.010381205276730005e+06
5.697316357138333842e+00 1.025449989009460006e+38 1.010347138582709944e+06
5.881152371584903449e+00 1.009559228330189931e+38 1.010315088513419963e+06
6.043375617184210569e+00 9.964018758025370944e+37 1.010287938290940016e+06
6.188905343966325745e+00 9.850698457629960458e+37 1.010264508328989963e+06
6.318187097233021632e+00 9.753750607953830529e+37 1.010244402646810049e+06
6.433431004290468991e+00 9.669960356847449291e+37 1.010227030897189979e+06
6.535722844273550436e+00 9.597650052856200808e+37 1.010212032674069982e+06
6.626278164825635031e+00 9.535206484043639164e+37 1.010199077619050047e+06
6.706252948293695226e+00 9.481263133798310174e+37 1.010187881705950014e+06
6.776858013414312154e+00 9.434551726250910872e+37 1.010178184484579950e+06
6.839446916477754712e+00 9.393820297444010892e+37 1.010169731375060044e+06
6.895791116723557934e+00 9.357622229488309968e+37 1.010162233069429989e+06
6.948994131322251633e+00 9.323672353485069996e+37 1.010155244858950027e+06
7.007232475560158491e+00 9.286234236680269634e+37 1.010147675626800046e+06
7.123126780585153028e+00 9.207563191527460570e+37 1.010132908612619969e+06
7.276408480975078419e+00 9.107457630215809819e+37 1.010113846357999952e+06
7.453433433111058548e+00 8.997989699456749194e+37 1.010092612314239959e+06
7.649439454165985808e+00 8.884136996150439647e+37 1.010070137828900013e+06
7.866837391571607441e+00 8.765908984113419112e+37 1.010046508890899946e+06
8.111770037270616740e+00 8.641919242229920257e+37 1.010021498295060010e+06
8.393248376145493239e+00 8.510602540144740425e+37 1.009994768566339975e+06
8.724747368396492675e+00 8.369995297260740151e+37 1.009965849284600001e+06
9.110948947869474068e+00 8.224592351564659711e+37 1.009935286566360039e+06
9.517405798804247752e+00 8.093590269739610082e+37 1.009906286998259951e+06
9.946444639324909076e+00 7.971957324646619855e+37 1.009878645046059974e+06
1.039947908939211629e+01 7.858087689401730009e+37 1.009852144041349995e+06
1.087855314929038286e+01 7.750618795025909910e+37 1.009826538656100049e+06
1.138568513264181092e+01 7.648313350218289586e+37 1.009801598740219953e+06
1.192320480506168678e+01 7.549763918379840396e+37 1.009777082605989999e+06
1.249365008354652673e+01 7.453473666000370018e+37 1.009752745669260039e+06
1.309975412857602350e+01 7.358114023360810201e+37 1.009728374395070015e+06
1.372138145146891475e+01 7.267765276680979950e+37 1.009704634342389996e+06
1.427662456169491634e+01 7.198767273702570440e+37 1.009684447949060006e+06
1.476950355761800893e+01 7.138705354664010263e+37 1.009667027828049962e+06
1.520711980792111717e+01 7.084768011719729590e+37 1.009651772668170044e+06
1.559552413749042898e+01 7.036215951917129733e+37 1.009638331655320013e+06
1.594063258962705731e+01 6.992369801825919752e+37 1.009626429360929993e+06
1.624776402697898448e+01 6.952728031801349640e+37 1.009615856262609945e+06
1.652181539859157056e+01 6.916754437236190060e+37 1.009606421814289992e+06
1.676710405657649972e+01 6.884032733319130433e+37 1.009597974295940017e+06
1.698704005253966898e+01 6.854246253880539612e+37 1.009590387083639973e+06
1.718514868553029373e+01 6.826942850722479533e+37 1.009583535876099952e+06
1.736301779779023491e+01 6.802157580139919895e+37 1.009577369573159958e+06
1.752334294599131681e+01 6.779493750173640460e+37 1.009571797859210055e+06
1.766752132264082320e+01 6.758911018902839722e+37 1.009566774641250027e+06
1.779704578136443160e+01 6.740251920435800062e+37 1.009562251401129994e+06
1.791336601768853143e+01 6.723346851708000227e+37 1.009558179915140034e+06
1.801810332151944749e+01 6.707962215505730185e+37 1.009554503580610035e+06
1.811447172239422798e+01 6.693469451347870237e+37 1.009551106942969956e+06
1.820876191309071146e+01 6.678522973609119532e+37 1.009547752228779951e+06
1.833088569273240864e+01 6.655492610552380287e+37 1.009543277180460049e+06
1.847440098185325041e+01 6.627288440909300193e+37 1.009537858745479956e+06
1.860249285527970642e+01 6.604579766455949589e+37 1.009532960528090014e+06
1.871759486282826401e+01 6.584646497106470362e+37 1.009528561362260021e+06
1.882206124841468409e+01 6.566598347947950381e+37 1.009524572182980017e+06
1.891975974373053759e+01 6.549401404113339882e+37 1.009520837482659961e+06
1.902116603654576465e+01 6.530341719281509703e+37 1.009516921879180009e+06
1.922296455924515612e+01 6.480935351939970220e+37 1.009508791580260033e+06
1.941177499981131405e+01 6.442745158504109666e+37 1.009501092373210005e+06
1.962848734878934920e+01 6.397109455986210294e+37 1.009492328410470043e+06
1.983936252136481926e+01 6.356365254563690260e+37 1.009483920879710000e+06
2.002866941801039502e+01 6.322434128180429866e+37 1.009476531228429987e+06
2.019960042729508132e+01 6.292463476583800470e+37 1.009469985434980015e+06
2.035365033979178406e+01 6.265767437278690431e+37 1.009464170801419998e+06
2.049246851025964133e+01 6.241866130008680438e+37 1.009458988788819988e+06
2.061732997521176003e+01 6.220479285496059941e+37 1.009454365783190005e+06
2.073109269147971645e+01 6.200906132451550398e+37 1.009450177429059986e+06
2.083799125635414384e+01 6.182174217000449925e+37 1.009446249360349961e+06
2.094976977558690123e+01 6.161283160446060433e+37 1.009442106617999962e+06
2.117076701889163814e+01 6.108390323109540000e+37 1.009433582617799984e+06
2.136686845356598496e+01 6.071421292398980446e+37 1.009426002528870013e+06
2.154465794895077124e+01 6.039429679008649689e+37 1.009419262228309992e+06
2.170510516385547817e+01 6.011169516189010241e+37 1.009413275359479943e+06
2.184994573114090599e+01 5.985863204960130267e+37 1.009407938482590020e+06
2.198057004751171917e+01 5.963156352723249758e+37 1.009403170130550046e+06
2.210029557449161075e+01 5.942226319581469872e+37 1.009398828228969942e+06
2.221352049172855914e+01 5.922080134485669557e+37 1.009394731945659965e+06
2.233491539722308517e+01 5.898882412268610140e+37 1.009390297146919998e+06
2.257649125918396749e+01 5.841104844599430035e+37 1.009381134825809975e+06
2.277990669812425040e+01 5.804462570576610168e+37 1.009373479757089983e+06
2.301562187843956053e+01 5.757902273113859761e+37 1.009364770402380032e+06
2.322807116981130093e+01 5.721005038264530316e+37 1.009357087119500036e+06
2.342026476218597963e+01 5.688631635366279851e+37 1.009350291728500044e+06
2.359414605284109712e+01 5.659740798895710010e+37 1.009344248959559947e+06
2.375157907800166868e+01 5.633764016625569938e+37 1.009338844424059964e+06
2.389389471436152235e+01 5.610421207393000245e+37 1.009334004072219948e+06
2.402459759177872911e+01 5.588865329634610366e+37 1.009329585396919982e+06
2.414817502602818422e+01 5.568125567341740463e+37 1.009325414477830054e+06
2.427897634039982222e+01 5.544622438071380279e+37 1.009320955593670020e+06
2.445469264508574270e+01 5.508857223028819610e+37 1.009314819319879985e+06
2.461341771818115376e+01 5.480758935171320018e+37 1.009309257832910051e+06
2.475733450133702718e+01 5.455995674284390321e+37 1.009304263273179997e+06
2.489016705626272596e+01 5.433173239687299912e+37 1.009299689691259991e+06
2.501750232776976191e+01 5.410878842981370447e+37 1.009295319791040034e+06
2.515977540833409876e+01 5.383812098927540250e+37 1.009290380651419982e+06
2.543174075731076300e+01 5.322002851947590263e+37 1.009280649813669967e+06
2.565064067297498696e+01 5.286127939752839712e+37 1.009272991795339971e+06
2.587311408368987031e+01 5.247262232957699856e+37 1.009265424558880040e+06
2.607400070855510421e+01 5.214566843377810053e+37 1.009258737090999959e+06
2.625648691257811151e+01 5.185387872955369829e+37 1.009252777825749945e+06
2.642231895693112165e+01 5.159189906112790035e+37 1.009247442273910041e+06
2.657351646010647528e+01 5.135475383484950165e+37 1.009242631185319973e+06
2.671432040727813728e+01 5.113265100376499701e+37 1.009238183682529954e+06
2.685220863088034093e+01 5.090915242506819900e+37 1.009233832766370033e+06
2.702058336918707937e+01 5.060267118999039781e+37 1.009228419052919955e+06
2.724634054253692739e+01 5.016987638224809622e+37 1.009221042602380039e+06
2.744807366013992578e+01 4.984900172384619882e+37 1.009214540872739977e+06
2.763226168841356412e+01 4.956425853144230085e+37 1.009208731690700050e+06
2.780011397792259231e+01 4.930857679681360045e+37 1.009203523413839983e+06
2.795430872050928883e+01 4.907440999151139855e+37 1.009198794548030011e+06
2.809983343339990824e+01 4.885082984555239668e+37 1.009194361123110051e+06
2.824915799414156936e+01 4.860984480716880070e+37 1.009189794478129945e+06
2.849564249970717356e+01 4.812910581432900044e+37 1.009182013189979945e+06
2.871652570978039876e+01 4.778788521570729950e+37 1.009175126478840015e+06
2.891733256683801301e+01 4.748825656383869594e+37 1.009169010306049953e+06
2.910043723398121074e+01 4.721833248862479730e+37 1.009163530669959961e+06
2.926790765294572338e+01 4.697278729238720423e+37 1.009158579658169998e+06
2.942402100775507279e+01 4.674249810064409559e+37 1.009154000737310038e+06
2.957668786903377622e+01 4.651147464560819761e+37 1.009149532450829982e+06
2.975551879289560020e+01 4.621256382573840230e+37 1.009144205552140018e+06
2.995312391151674092e+01 4.588387304014360085e+37 1.009138259451469989e+06
3.013368331227684394e+01 4.561193835222169771e+37 1.009132873862490058e+06
3.030017005174886435e+01 4.536539257021280105e+37 1.009127971081580035e+06
3.045818391811917536e+01 4.512953678160230466e+37 1.009123356251630001e+06
3.062118252838263288e+01 4.487486470705509722e+37 1.009118584860460018e+06
3.086713368762866594e+01 4.442694453002009725e+37 1.009111200414999970e+06
3.108805856679100543e+01 4.410083436446110150e+37 1.009104664067400037e+06
3.128963827784173191e+01 4.381204461304809930e+37 1.009098838373829960e+06
3.147444582486059517e+01 4.355048398131480139e+37 1.009093590951510007e+06
3.164581680606352165e+01 4.330875033302789591e+37 1.009088785802930011e+06
3.181025303943897597e+01 4.307386344771309813e+37 1.009084206920190016e+06
3.198591335068340413e+01 4.280763676233299985e+37 1.009079282868389972e+06
3.220852380842552520e+01 4.244100291568650230e+37 1.009072932896299986e+06
3.241148014433565550e+01 4.215321299539190138e+37 1.009067209105869988e+06
3.259755568651598878e+01 4.189641740714789793e+37 1.009062056988990051e+06
3.277198287140345201e+01 4.165586015311750163e+37 1.009057290481740027e+06
3.294211352805723436e+01 4.141733467682239962e+37 1.009052670590779977e+06
3.313519816266489215e+01 4.112374252850019815e+37 1.009047365335830022e+06
3.334243538402370177e+01 4.081221537184670078e+37 1.009041639127389994e+06
3.353220665393746458e+01 4.055129990415049898e+37 1.009036459315279964e+06
3.371054418734274805e+01 4.030795869896870072e+37 1.009031659338569967e+06
3.388547821441898122e+01 4.006608209617580051e+37 1.009026988673090003e+06
3.408689011301612481e+01 3.976441422555220155e+37 1.009021554537069984e+06
3.438044847335550003e+01 3.929273295389880116e+37 1.009013562152420054e+06
3.464918689354090020e+01 3.894924640130429948e+37 1.009006491497720010e+06
3.493027177397743799e+01 3.858286225498580169e+37 1.008999330531119951e+06
3.518554420102736913e+01 3.828371434067590108e+37 1.008993037473359960e+06
3.541862136081908830e+01 3.801697420264600235e+37 1.008987441462679999e+06
3.563275845808675513e+01 3.777479018840429834e+37 1.008982395102430019e+06
3.583095036927261390e+01 3.755217795606149947e+37 1.008977784677639953e+06
3.601953158961259760e+01 3.733839008211850199e+37 1.008973430505000055e+06
3.620996964056394063e+01 3.711472398246159970e+37 1.008969026563990046e+06
3.645898839313304052e+01 3.677998206280689822e+37 1.008963106166579993e+06
3.672514059842796996e+01 3.645192624840750002e+37 1.008956791675810004e+06
3.696699512956547551e+01 3.618649789822479870e+37 1.008951185507319984e+06
3.718948578191339038e+01 3.594579612982619890e+37 1.008946134150950005e+06
3.739542261298629455e+01 3.572441116370220027e+37 1.008941524109540042e+06
3.759161040579783730e+01 3.551123491627179990e+37 1.008937167638350045e+06
3.778977221186505631e+01 3.528858152357519778e+37 1.008932764534380054e+06
3.804201102291699499e+01 3.496769842439320183e+37 1.008927009147159988e+06
3.831450372360995971e+01 3.464533674646110208e+37 1.008920802101209993e+06
3.862203979014884681e+01 3.428807095543249976e+37 1.008913913193639950e+06
3.890121141940471716e+01 3.400917649508440064e+37 1.008907861047909944e+06
3.915622636760235764e+01 3.375912999430859895e+37 1.008902472937630024e+06
3.939083817315986380e+01 3.353039957833830048e+37 1.008897599312279955e+06
3.960816636838717386e+01 3.331876918710829993e+37 1.008893128491300042e+06
3.981554950683494098e+01 3.311339273829150001e+37 1.008888878029069980e+06
4.002436697232769802e+01 3.289896539516969928e+37 1.008884579481719993e+06
4.028045381378615275e+01 3.260251833105389764e+37 1.008879144629469956e+06
4.053484003609628417e+01 3.233201065629299863e+37 1.008873726340400055e+06
4.076975942106219009e+01 3.209543803284100025e+37 1.008868786408449989e+06
4.098891684465343133e+01 3.187578110652079990e+37 1.008864228435309953e+06
4.120041960978414863e+01 3.166087218471499842e+37 1.008859855165009969e+06
4.141963465284788981e+01 3.142866675040039899e+37 1.008855299606840010e+06
4.171460829753777944e+01 3.107497280747300126e+37 1.008848980809840024e+06
4.198213981077424251e+01 3.080713297118049841e+37 1.008843333906349959e+06
4.222840798721881583e+01 3.056374769799240005e+37 1.008838235331799951e+06
4.245682170573854819e+01 3.033947695761369802e+37 1.008833570481349947e+06
4.267518200521590188e+01 3.012314453007660177e+37 1.008829144808660029e+06
4.289577485391055234e+01 2.989874150920400018e+37 1.008824674298239988e+06
4.316067391284741461e+01 2.960273825858969996e+37 1.008819179634360014e+06
4.342439780352287926e+01 2.932886390369370126e+37 1.008813705298069981e+06
4.366757519514067098e+01 2.908999707023649917e+37 1.008808732931399951e+06
4.389563520235242322e+01 2.886704072427659860e+37 1.008804127659069956e+06
4.411804151427350007e+01 2.864703181966270091e+37 1.008799666959660011e+06
4.435329566258587874e+01 2.840479618341159839e+37 1.008794927512670052e+06
4.462971899253898300e+01 2.810034831277560198e+37 1.008789228583790013e+06
4.488282602757681161e+01 2.785312921217579958e+37 1.008784076784239965e+06
4.511866907312651165e+01 2.762504688155050150e+37 1.008779347566919983e+06
4.534610315391910262e+01 2.740376690577449850e+37 1.008774830746700056e+06
4.557884977792855352e+01 2.717227326483919839e+37 1.008770218075799989e+06
4.586467062550946139e+01 2.686287434853329967e+37 1.008764437215790036e+06
4.612572033519973047e+01 2.661235285765119789e+37 1.008759198027709965e+06
4.636832549306564033e+01 2.638141624570740210e+37 1.008754402475379989e+06
4.660070263993111439e+01 2.616006670935389974e+37 1.008749858940780046e+06
4.683575731364544481e+01 2.593299686233089833e+37 1.008745285770470044e+06
4.711035612330306321e+01 2.564976502167450171e+37 1.008739866312660044e+06
4.738415632254327647e+01 2.538195025487289982e+37 1.008734453720189980e+06
4.763728274160530418e+01 2.514763521798019958e+37 1.008729535871159984e+06
4.787678210120066069e+01 2.492805994218449912e+37 1.008724952350580017e+06
4.811357100243913010e+01 2.470982035624519846e+37 1.008720463461600011e+06
4.837239103164756671e+01 2.446187015166509943e+37 1.008715542471489985e+06
4.866458225448150188e+01 2.417268109607630056e+37 1.008709897029640037e+06
4.893204670431441627e+01 2.393471287808639916e+37 1.008704821330599952e+06
4.918187212277553044e+01 2.371610781089760106e+37 1.008700170469000004e+06
4.942340539608267136e+01 2.350559824075549968e+37 1.008695737210419960e+06
4.967226235647103749e+01 2.328565733397620181e+37 1.008691199874429964e+06
4.997822121571516618e+01 2.299543619138160015e+37 1.008685539878580021e+06
5.041138161878916435e+01 2.258331494980479827e+37 1.008677563036600011e+06
5.077429380672401749e+01 2.231890146494860228e+37 1.008671245220039971e+06
5.115227842904278077e+01 2.202529429172449911e+37 1.008664889428689959e+06
5.149239284385112114e+01 2.178877934515660112e+37 1.008659376831669942e+06
5.180120243501733057e+01 2.157889395620649919e+37 1.008654506832640036e+06
5.208413732727058232e+01 2.138905364644720060e+37 1.008650125746250036e+06
5.234947800674126484e+01 2.121105033486889939e+37 1.008646063251149957e+06
5.260637872709776275e+01 2.103708296664469968e+37 1.008642149775619968e+06
5.287146403806400485e+01 2.085153959752060083e+37 1.008638093857320026e+06
5.319892573321703821e+01 2.059865439278689971e+37 1.008632930287120049e+06
5.367778753870516084e+01 2.021898786872760043e+37 1.008625290269999998e+06
5.407960442299372517e+01 1.997886361455410094e+37 1.008619219601260033e+06
5.451643764830077998e+01 1.969291360453920028e+37 1.008612802246870007e+06
5.490811696051969193e+01 1.946842065511450055e+37 1.008607256222310010e+06
5.526175853118184023e+01 1.926937977847159963e+37 1.008602377062579966e+06
5.558268387350835837e+01 1.909035642811899959e+37 1.008598017140500015e+06
5.587956995627610013e+01 1.892460504222910059e+37 1.008594022474220023e+06
5.616039017617003992e+01 1.876650859475389982e+37 1.008590256447240012e+06
5.643730078800581396e+01 1.860660416983869962e+37 1.008586528647330008e+06
5.673625604153494351e+01 1.842362896352450020e+37 1.008582436110140057e+06
5.712492124480195343e+01 1.815995215468530058e+37 1.008576888621279970e+06
5.747555692691821605e+01 1.795342465624529954e+37 1.008571927642520051e+06
5.779688562275259756e+01 1.776679778325000066e+37 1.008567459916580003e+06
5.809629326942376792e+01 1.759492431017930024e+37 1.008563353461639956e+06
5.838438385113840923e+01 1.742938305068070036e+37 1.008559434477370000e+06
5.867701445418060757e+01 1.725770951916529950e+37 1.008555452089359984e+06
5.902287082886323333e+01 1.703814181249320017e+37 1.008550633417890058e+06
5.939464146635145880e+01 1.680313746786649899e+37 1.008545359626100049e+06
5.973320769317797385e+01 1.660897934482470010e+37 1.008540652411740040e+06
6.004737336680409499e+01 1.643233226506670033e+37 1.008536368191409972e+06
6.034753934253240004e+01 1.626468381665319967e+37 1.008532329178879969e+06
6.064902543192147277e+01 1.609474099188760117e+37 1.008528296478659962e+06
6.098972358068567701e+01 1.589194248762280039e+37 1.008523680885539972e+06
6.139418289178865962e+01 1.563914099184750029e+37 1.008518055164629943e+06
6.176084507678751834e+01 1.543833434012119996e+37 1.008513074288610020e+06
6.209789293271023780e+01 1.525863646148019975e+37 1.008508603337459965e+06
6.241565641295164824e+01 1.509149572780689901e+37 1.008504462398019969e+06
6.272746096187620424e+01 1.492734850323200027e+37 1.008500439765859977e+06
6.305741834451328032e+01 1.474880000493350013e+37 1.008496173869919963e+06
6.350772128356038593e+01 1.448126142407539941e+37 1.008490175437549944e+06
6.391850922504090704e+01 1.426569530118239999e+37 1.008484764215860050e+06
6.429349454166367650e+01 1.407550271760999975e+37 1.008479943035330041e+06
6.464158434863202274e+01 1.390347864056949920e+37 1.008475560530149960e+06
6.464191642310470343e+01 1.398334708036720099e+37 1.008875778691699961e+06
6.464202418751665391e+01 1.398342116173029956e+37 1.008877168876689975e+06
6.464215555775444955e+01 1.398338573140930050e+37 1.008878750260659959e+06
6.464231000223662704e+01 1.398340418496640081e+37 1.008880539517950034e+06
6.464249343858682550e+01 1.398342659840060020e+37 1.008882566296790028e+06
6.464271239744266495e+01 1.398345403302920034e+37 1.008884839221509988e+06
6.464297699325834401e+01 1.398348798691890112e+37 1.008887366878070054e+06
6.464330223569413647e+01 1.398353072639460079e+37 1.008890143263590056e+06
6.464369618502678350e+01 1.398358454786769907e+37 1.008893043680349947e+06
6.464408878356334753e+01 1.398364385424150051e+37 1.008895452435889980e+06
6.464449479442555457e+01 1.398370582894830048e+37 1.008897541752279969e+06
6.464491117940633558e+01 1.398377093761279903e+37 1.008899272425720003e+06
6.464535507830441929e+01 1.398384060231910034e+37 1.008900743233529967e+06
6.464583335458883084e+01 1.398391705894329887e+37 1.008901964568799944e+06
6.464636444073403254e+01 1.398400255172429959e+37 1.008902967062360025e+06
6.464697476199944504e+01 1.398410170818370090e+37 1.008903781074239989e+06
6.464769849480944686e+01 1.398422059355760097e+37 1.008904398663599975e+06
6.464861746208043769e+01 1.398437170309280016e+37 1.008904820378500037e+06
6.464990077062975615e+01 1.398458161514710024e+37 1.008905012333889958e+06
6.465204220259329304e+01 1.398491599522869932e+37 1.008904924250129960e+06
6.465630365221295506e+01 1.398540024475770005e+37 1.008904577861319995e+06
6.466478393695433624e+01 1.398430842309599986e+37 1.008904730022549978e+06
6.468165970355039462e+01 1.396825009504700089e+37 1.008907337085230043e+06
6.471524247911293060e+01 1.389327276846569939e+37 1.008915280070299981e+06
6.478207220247713849e+01 1.370812540229480007e+37 1.008930118380830041e+06
6.491506335194571875e+01 1.343627452545210007e+37 1.008948943629930029e+06
6.517971573938848451e+01 1.317182414770699900e+37 1.008964766785920016e+06
6.553297412549727596e+01 1.301023374476370061e+37 1.008970951251339982e+06
6.599379613861674443e+01 1.286147510519810101e+37 1.008969676296459977e+06
6.655571749946102500e+01 1.268728758101060084e+37 1.008962924519640044e+06
6.705792782836942933e+01 1.255266574474129971e+37 1.008955340908730053e+06
6.751040614099474624e+01 1.242590517168800059e+37 1.008947895563849946e+06
6.792270412750076503e+01 1.230551663877849954e+37 1.008940809316870058e+06
6.830324220060720108e+01 1.219060336270120014e+37 1.008934093210260035e+06
6.866269825524068438e+01 1.207794064638950059e+37 1.008927619654749986e+06
6.901750823872862384e+01 1.196132797065830102e+37 1.008921100748089957e+06
6.939530934469075873e+01 1.182840661886260038e+37 1.008913971663839999e+06
6.992107342678355053e+01 1.161621418247839986e+37 1.008903492592770024e+06
7.056671382882632315e+01 1.136698867621399965e+37 1.008890472433010000e+06
7.129696558020077646e+01 1.111357791554409910e+37 1.008876250704649952e+06
7.195454339034040459e+01 1.091378523352930062e+37 1.008864086299470044e+06
7.254757491138298064e+01 1.073703099462950097e+37 1.008853475378539995e+06
7.308443701601936482e+01 1.057958777101830048e+37 1.008844083589309943e+06
7.357383196268347092e+01 1.043680445488540021e+37 1.008835638380190008e+06
7.402466888012713753e+01 1.030506289021610043e+37 1.008827920584119973e+06
7.444820155997877009e+01 1.017984939342850007e+37 1.008820689342519967e+06
7.485930439367075451e+01 1.005549313617430006e+37 1.008813648979760008e+06
7.528168993649887852e+01 9.922654713070060239e+36 1.008806339615390054e+06
7.578188192256493494e+01 9.750870353435100043e+36 1.008797408481850056e+06
7.654440175683703274e+01 9.470997290733479789e+36 1.008783288082989980e+06
7.723257489257957786e+01 9.259359237998699484e+36 1.008770987481780001e+06
7.785895161982625723e+01 9.070141903777579786e+36 1.008760082278740010e+06
7.843424073353526182e+01 8.898739258665819748e+36 1.008750247156340047e+06
7.896868382493266836e+01 8.740126435490250043e+36 1.008741204671549960e+06
7.946970226967823692e+01 8.590820201644670511e+36 1.008732764252969995e+06
7.995468301523942500e+01 8.444704310849110136e+36 1.008724594798550010e+06
8.044392153885564767e+01 8.294628022039490138e+36 1.008716312527509988e+06
8.098941347107756883e+01 8.119421931232899551e+36 1.008706918926859973e+06
8.195967361974180676e+01 7.782214043807930331e+36 1.008689582353399950e+06
8.278414283180609345e+01 7.543116729114270048e+36 1.008675445900729974e+06
8.374781218639691360e+01 7.255478907845070227e+36 1.008659223919040058e+06
8.464328755118185654e+01 7.003834258957249951e+36 1.008644481582849985e+06
8.548192443748121150e+01 6.769115178481989692e+36 1.008630818330990034e+06
8.627393876167479903e+01 6.549904904091979744e+36 1.008618008311089943e+06
8.702972636278718710e+01 6.343133362139730363e+36 1.008605854036620003e+06
8.775990416971035302e+01 6.144470668200140302e+36 1.008594140426610014e+06
8.847703125659609213e+01 5.949263822967869977e+36 1.008582618961579981e+06
8.921006950983428396e+01 5.749710172684709930e+36 1.008570809750669985e+06
9.001679706320283003e+01 5.530395578846709878e+36 1.008557762334770057e+06
9.125214333177427761e+01 5.199272215328730079e+36 1.008537816700950032e+06
9.227842460581450723e+01 4.939126825851020142e+36 1.008521428749999963e+06
9.376433547679334879e+01 4.588728871343269829e+36 1.008498655781319947e+06
9.525456628433312289e+01 4.269926196637219851e+36 1.008476768505019951e+06
9.678285573510220274e+01 3.965573162141549968e+36 1.008455187828460010e+06
9.838226157505414449e+01 3.673402289796229794e+36 1.008433567125350004e+06
