# time luminosity radius
-2.103915659931953996e+01 4.621798132501869691e+35 1.008318735795940040e+06
-1.980189178092405200e+01 4.712247208132759843e+35 1.008319650276020053e+06
-1.836432821629568934e+01 4.833919479138669959e+35 1.008320857944290037e+06
-1.697625638323370367e+01 4.970256894873280368e+35 1.008322351374519989e+06
-1.558368067338597029e+01 5.131082282147859782e+35 1.008324433089819970e+06
-1.417424314300296828e+01 5.328985802570339957e+35 1.008327509547549998e+06
-1.275063512090127915e+01 5.586425436106660078e+35 1.008332272441099980e+06
-1.172926010529045016e+01 5.818885136673089662e+35 1.008337181227199966e+06
-1.102810529927955940e+01 6.011239767087169826e+35 1.008341640368780005e+06
-1.052485663880361244e+01 6.172004692205829998e+35 1.008345645643180003e+06
-1.013990313198883086e+01 6.312042480064170346e+35 1.008349335084290011e+06
-9.814405707991681993e+00 6.445663203877319971e+35 1.008353013809269993e+06
-9.430248864169698209e+00 6.631528842133570032e+35 1.008358353696450009e+06
-9.283309981925413013e+00 6.708037468295870252e+35 1.008360579837159952e+06
-9.144846212060656399e+00 6.784804833385090073e+35 1.008362860089650028e+06
-8.981787046126555651e+00 6.883259219973120593e+35 1.008365846224969951e+06
-8.958609108987729996e+00 6.897393713927280316e+35 1.008366279372390010e+06
-8.912485014123376459e+00 6.926522315585180273e+35 1.008367174642510014e+06
-8.820698065333999693e+00 6.986960082537699897e+35 1.008369092128020013e+06
-8.805020935134962201e+00 6.997384505426220449e+35 1.008369424151399988e+06
-8.773823446070309728e+00 7.018636949413410177e+35 1.008370104398919968e+06
-8.711740442842710763e+00 7.062354112504759457e+35 1.008371534584240057e+06
-8.677473493095021695e+00 7.087409431367829519e+35 1.008372348524839967e+06
-8.651777808961924165e+00 7.106108882581659898e+35 1.008372970385269960e+06
-8.625268802570644766e+00 7.126077823004780348e+35 1.008373622629399993e+06
-8.588577294431161135e+00 7.153406313505140549e+35 1.008374548168609967e+06
-8.515561193227767944e+00 7.211639870059149878e+35 1.008376508926789975e+06
-8.382610168715473264e+00 7.328059346004669962e+35 1.008380591569849988e+06
-8.286391579837072641e+00 7.418617639662519549e+35 1.008383870294749970e+06
-8.200827261083759367e+00 7.504406797588400722e+35 1.008387148655629950e+06
-8.131972937844693661e+00 7.578982739338419878e+35 1.008390055683130049e+06
-8.073075231746770442e+00 7.644980991908560602e+35 1.008392820725749945e+06
-8.034922891994938254e+00 7.689599861952329285e+35 1.008394736761679989e+06
-8.005780637846328318e+00 7.724346995583220141e+35 1.008396294520759955e+06
-7.983176758338231593e+00 7.753918466667040585e+35 1.008397562168280012e+06
-7.964104484650306404e+00 7.777391030511199317e+35 1.008398681499390048e+06
-7.946683244546875358e+00 7.797843164946150069e+35 1.008399748672049958e+06
-7.928252801648341119e+00 7.821684767856329810e+35 1.008400937742869952e+06
-7.901674080931115896e+00 7.857674997092619685e+35 1.008402799124559970e+06
-7.877200265647843480e+00 7.895181989473289984e+35 1.008404659473850043e+06
-7.854385826911311597e+00 7.921119385177289809e+35 1.008406517211270053e+06
-7.839977523195557296e+00 7.943221870874380209e+35 1.008407763967690058e+06
-7.817391135555226356e+00 7.975597862281539751e+35 1.008409950170370052e+06
-7.797248024551663548e+00 8.005819377496270128e+35 1.008412109701970010e+06
-7.778172596357762814e+00 8.033665635557659547e+35 1.008414490958150011e+06
-7.759877594595309347e+00 8.064547815464609379e+35 1.008417205754389986e+06
-7.742032201553229243e+00 8.100491579481320040e+35 1.008420164650939987e+06
-7.725675714784301817e+00 8.121375956349889293e+35 1.008423116214690031e+06
-7.710305810382124037e+00 8.139406511986969574e+35 1.008426048221930047e+06
-7.696826113504357636e+00 8.162652221725340127e+35 1.008428726545989979e+06
-7.689756811654660851e+00 8.177564093386700551e+35 1.008430180021550041e+06
-7.678892984229605645e+00 8.192516568092010132e+35 1.008432431721449946e+06
-7.664962380484212190e+00 8.216642184974829387e+35 1.008435345285139978e+06
-7.650464513571932912e+00 8.239944719351749742e+35 1.008438439593940042e+06
-7.634070510393939912e+00 8.276334103754879302e+35 1.008441966884440044e+06
-7.614852594328112900e+00 8.311397080085280501e+35 1.008446148569489946e+06
-7.594113386003300548e+00 8.356894832029889813e+35 1.008450749358679983e+06
-7.572537830739747733e+00 8.423796813393169716e+35 1.008456012529090047e+06
-7.550086400820873678e+00 8.604532279220039624e+35 1.008461873019039980e+06
-7.527951733674854040e+00 9.035094212761450268e+35 1.008467768541289959e+06
-7.503808080393355340e+00 9.865912819989880246e+35 1.008474393932239967e+06
-7.478204955288674682e+00 1.158139324814789969e+36 1.008481766504350002e+06
-7.453836365952156484e+00 1.493462550404989993e+36 1.008489107613350032e+06
-7.430583625449799001e+00 1.788535489330269899e+36 1.008496345756120048e+06
-7.406286323152016848e+00 2.481545521750530127e+36 1.008504257402349962e+06
-7.383283478906378150e+00 2.735771303544880209e+36 1.008512003919600043e+06
-7.360863111738581210e+00 3.935189644865160055e+36 1.008520012227779953e+06
-7.338712012104224414e+00 4.159496375942010035e+36 1.008528210822939989e+06
-7.316536086320411414e+00 4.458166430882030100e+36 1.008536663372220006e+06
-7.292415454110596329e+00 4.799704125865130147e+36 1.008546269681190024e+06
-7.269105808751191944e+00 5.158320994216990266e+36 1.008555982888699975e+06
-7.246472543978597969e+00 5.724587040070989794e+36 1.008565951263259980e+06
-7.224803125718608499e+00 6.864276963322119796e+36 1.008576286820200039e+06
-7.203782413445878774e+00 7.129620270898429583e+36 1.008586818746360019e+06
-7.183279973280150443e+00 7.466814951989720449e+36 1.008597577327879961e+06
-7.163245209085289389e+00 7.822069993707539865e+36 1.008608554669640027e+06
-7.143522249010857195e+00 8.196944402150399776e+36 1.008619822795849992e+06
-7.124312220897991210e+00 8.587106740997340265e+36 1.008631263385170023e+06
-7.106715400004759431e+00 9.073799175805520104e+36 1.008642289879660006e+06
-7.090508886962197721e+00 9.455021454399189785e+36 1.008652883680460043e+06
-7.075538218021392822e+00 9.815868383615309762e+36 1.008663049322990002e+06
-7.061554881569463760e+00 1.016602684870320036e+37 1.008672877107199980e+06
-7.048361217021010816e+00 1.050593865581870009e+37 1.008682452197480015e+06
-7.035670704324729741e+00 1.084109982701020087e+37 1.008691949066299945e+06
-7.023438201867975295e+00 1.117286580052269967e+37 1.008701379260150017e+06
-7.011343265359755605e+00 1.150837277054870087e+37 1.008710984808680019e+06
-6.999346461321692914e+00 1.184991443610889995e+37 1.008720796440629987e+06
-6.987190047104377300e+00 1.220147240802220109e+37 1.008731036613019998e+06
-6.974666357971727848e+00 1.256893145424169961e+37 1.008741911761919968e+06
-6.961433946737088263e+00 1.296907308935930011e+37 1.008753770387129975e+06
-6.947073982446454465e+00 1.341086220686549893e+37 1.008767086231749970e+06
-6.933774394216015935e+00 1.384074993897559996e+37 1.008779803378729965e+06
-6.921102305524982512e+00 1.424927880909660007e+37 1.008792282016600017e+06
-6.909024063730612397e+00 1.464142732691400027e+37 1.008804508142229985e+06
-6.897431353922002017e+00 1.501860767640189913e+37 1.008816554030330037e+06
-6.886175539868418127e+00 1.538580985672569988e+37 1.008828547836379963e+06
-6.875238742271903902e+00 1.574378261099439942e+37 1.008840485473299981e+06
-6.864403230545576662e+00 1.609887147573200069e+37 1.008852593838330009e+06
-6.853333657549228519e+00 1.646126786110269923e+37 1.008865261468659970e+06
-6.842479777813423425e+00 1.681607235973359971e+37 1.008877982354109990e+06
-6.831685526587534696e+00 1.716592092940410084e+37 1.008890925178440055e+06
-6.821122048364486545e+00 1.750575175873960118e+37 1.008903870683840010e+06
-6.810645509685855359e+00 1.784021540805149953e+37 1.008916986917359987e+06
-6.800164290820248425e+00 1.817162300116609999e+37 1.008930389890730032e+06
-6.789721942797768861e+00 1.849822385383789965e+37 1.008944015542540001e+06
-6.779288678138982505e+00 1.882404501944459897e+37 1.008957898031770019e+06
-6.769077178672887385e+00 1.913180238065639986e+37 1.008971731643939973e+06
-6.759009107656311244e+00 1.943460534902210040e+37 1.008985609901739983e+06
-6.749074713152367622e+00 1.972991376798850097e+37 1.008999533499759971e+06
-6.739101098675746471e+00 2.002156666249580113e+37 1.009013737486880040e+06
-6.729291383642703295e+00 2.030422790256910037e+37 1.009027912671640050e+06
-6.719326242629904300e+00 2.058692377492220064e+37 1.009042524701740011e+06
-6.709400995809119195e+00 2.083952880302139978e+37 1.009057255361009971e+06
-6.699249702098313719e+00 2.110365853540630041e+37 1.009072497743980028e+06
-6.688957828038837761e+00 2.137649950830220176e+37 1.009088119049740024e+06
-6.678494150575716048e+00 2.166860255787119816e+37 1.009104157459820039e+06
-6.667652273084968328e+00 2.193480360341919971e+37 1.009120919952469994e+06
-6.656327977252658457e+00 2.227267184557219827e+37 1.009138574476119946e+06
-6.644687954452820122e+00 2.267792308701169858e+37 1.009156863346409984e+06
-6.632851856818888336e+00 2.318012672385599886e+37 1.009175573769339942e+06
-6.620976054575294256e+00 2.364160737405189887e+37 1.009194434823979973e+06
-6.609037359245121479e+00 2.408954272466040110e+37 1.009213471692639985e+06
-6.597034010628703982e+00 2.456038880534229892e+37 1.009232676240709960e+06
-6.584780065692029893e+00 2.525678460277350122e+37 1.009252343373819953e+06
-6.572803922113962471e+00 2.575838332007499867e+37 1.009271596219049999e+06
-6.561033596633933485e+00 2.630230658908969986e+37 1.009290547428680002e+06
-6.549395946145523340e+00 2.711731504717239953e+37 1.009309298315620050e+06
-6.537941748334560543e+00 2.768892566287539795e+37 1.009327764410890057e+06
-6.526612279878463596e+00 2.832648359284519970e+37 1.009346033075509942e+06
-6.515371674147900194e+00 2.923390281637299830e+37 1.009364157481570030e+06
-6.504208477854263037e+00 2.987614550291459922e+37 1.009382145340280025e+06
-6.493349999131169170e+00 3.062683738288449938e+37 1.009399638567800052e+06
-6.482558432850055397e+00 3.103267427024629824e+37 1.009417000288650044e+06
-6.470156643190421164e+00 3.154573796518110191e+37 1.009436913327169954e+06
-6.455387816647998989e+00 3.235570246143530222e+37 1.009460590740169981e+06
-6.438460566452704370e+00 3.325725839243389893e+37 1.009487621766429977e+06
-6.423028784047346562e+00 3.408376510068200095e+37 1.009512144896210055e+06
-6.408367712749168277e+00 3.487881721755510055e+37 1.009535324853920029e+06
-6.392232129292096943e+00 3.576018427997150034e+37 1.009560709861780051e+06
-6.373501241672784090e+00 3.677662854682200088e+37 1.009590006450510002e+06
-6.352029580913949758e+00 3.796516907960389955e+37 1.009623343333350029e+06
-6.330849461373873055e+00 3.916571960968090209e+37 1.009655964439720032e+06
-6.309797480585984886e+00 4.038290223988249924e+37 1.009688171104750014e+06
-6.288847548130434006e+00 4.161392546220470057e+37 1.009719999196909950e+06
-6.267915729549713433e+00 4.285989139019869919e+37 1.009751578542990028e+06
-6.247035923355724663e+00 4.411458757892209997e+37 1.009782869911339949e+06
-6.226255100453272462e+00 4.537207872018959966e+37 1.009813808970539947e+06
-6.205497354443650693e+00 4.663347559660650053e+37 1.009844516219999990e+06
-6.184753149398602545e+00 4.789636435815110071e+37 1.009875009006330045e+06
-6.163952497649006546e+00 4.916211966752750209e+37 1.009905388027490000e+06
-6.143095744366291910e+00 5.042794898637980309e+37 1.009935649852960021e+06
-6.122242199140600860e+00 5.168771249637260354e+37 1.009965707319349982e+06
-6.101356733997818083e+00 5.294153738124530012e+37 1.009995610100680031e+06
-6.080435387499164790e+00 5.418757314949969918e+37 1.010025362126479973e+06
-6.059417108888737857e+00 5.542776202373399924e+37 1.010055049758229987e+06
-6.038305652327835560e+00 5.666013993387669630e+37 1.010084657531989971e+06
-6.017037878336850554e+00 5.788637986713309981e+37 1.010114259373510024e+06
-5.995644322480075061e+00 5.910329463361610199e+37 1.010143800939479959e+06
-5.974183572456240654e+00 6.030621012099519940e+37 1.010173196644869982e+06
-5.952597326424438506e+00 6.149696942830709963e+37 1.010202521488539991e+06
-5.930886266985908151e+00 6.267410621792019802e+37 1.010231758895120001e+06
-5.908990566327702254e+00 6.383942491137000436e+37 1.010260975576270022e+06
-5.886913734953850508e+00 6.499192307938470299e+37 1.010290156658050022e+06
-5.864590986166149378e+00 6.613341905700920169e+37 1.010319377471350017e+06
-5.842082042421679944e+00 6.725987934937169554e+37 1.010348543966950034e+06
-5.819418597617186606e+00 6.836820027738399589e+37 1.010377601265419973e+06
-5.796539175498764962e+00 6.946034213412930140e+37 1.010406613029959961e+06
-5.773440708289854228e+00 7.053561292807610436e+37 1.010435571436950006e+06
-5.750056483317166567e+00 7.159573656795549880e+37 1.010464547067539999e+06
-5.726383348403032869e+00 7.264013313912119821e+37 1.010493524978820002e+06
-5.702433589554857463e+00 7.366671443625599789e+37 1.010522472608909942e+06
-5.678230996476486325e+00 7.467330696338100379e+37 1.010551344327419996e+06
-5.653760097571648657e+00 7.566002901077670237e+37 1.010580144293510006e+06
-5.628945877251680940e+00 7.662886593200350377e+37 1.010608942022379953e+06
-5.603773179056588560e+00 7.757904002931390084e+37 1.010637736869630055e+06
-5.578225928300525993e+00 7.851086454928729534e+37 1.010666526120380033e+06
-5.552358424582052976e+00 7.942127362572230049e+37 1.010695228059060057e+06
-5.526140221976675093e+00 8.030982825911900148e+37 1.010723856269409996e+06
-5.499483838793821633e+00 8.117891509216649912e+37 1.010752485548540018e+06
-5.472358810307923704e+00 8.202883971448550306e+37 1.010781122179009952e+06
-5.444869422237388790e+00 8.285584643605129820e+37 1.010809635281539988e+06
-5.416940925177186728e+00 8.366138850824310207e+37 1.010838088896309957e+06
-5.388528069597668946e+00 8.444605729170889854e+37 1.010866488617629977e+06
-5.359590477833990008e+00 8.521063994704770010e+37 1.010894854197410052e+06
-5.330203257617540658e+00 8.595253828102980789e+37 1.010923086002149968e+06
-5.300300337199587375e+00 8.667313051377139586e+37 1.010951223723259987e+06
-5.269772535655647516e+00 8.737423038861690888e+37 1.010979339806549950e+06
-5.238759855506941676e+00 8.805319609640099912e+37 1.011007278817710001e+06
-5.207174663024488837e+00 8.871118818825609952e+37 1.011035095350299962e+06
-5.174923667742405087e+00 8.935009783971960635e+37 1.011062841389529989e+06
-5.142115921422373503e+00 8.996858141119660513e+37 1.011090396242339979e+06
-5.108642364502884448e+00 9.056820896118470555e+37 1.011117825465840055e+06
-5.074512210732791573e+00 9.114967648081519828e+37 1.011145093542790040e+06
-5.039704622409772128e+00 9.171364801836619492e+37 1.011172191598540056e+06
-5.004126879211980850e+00 9.226211493680479100e+37 1.011199163879610016e+06
-4.967898606962990016e+00 9.279425846590249884e+37 1.011225896824149997e+06
-4.930813629936892539e+00 9.331359948154900758e+37 1.011252517889230046e+06
-4.893035157234407961e+00 9.381934067284890850e+37 1.011278888863630011e+06
-4.854383004771079868e+00 9.431458410601240672e+37 1.011305116102110012e+06
-4.814982756506651640e+00 9.479949114161700874e+37 1.011331098554749973e+06
-4.774644165998324752e+00 9.527741678383880929e+37 1.011356946778079960e+06
-4.733493139035999775e+00 9.574901186333600530e+37 1.011382568656950025e+06
-4.691396182926837355e+00 9.621703223112810520e+37 1.011408040828509955e+06
-4.648399403027724475e+00 9.668309514743240811e+37 1.011433333604080020e+06
-4.604458742483984679e+00 9.715027657631779431e+37 1.011458474670759984e+06
-4.559447368374094367e+00 9.762121386160090915e+37 1.011483541852439987e+06
-4.513495952356606722e+00 9.809757184331669476e+37 1.011508475216459949e+06
-4.466501654940657318e+00 9.858250160801100033e+37 1.011533350366489962e+06
-4.418373500055167824e+00 9.907931351441780573e+37 1.011558239801040036e+06
-4.369224546768236905e+00 9.958967743862380746e+37 1.011583118830019957e+06
-4.318974759429693222e+00 1.001172676912870083e+38 1.011608069755219971e+06
-4.267557799059432000e+00 1.006649883373860065e+38 1.011633174237609957e+06
-4.214914718177169561e+00 1.012370354758349908e+38 1.011658516395700048e+06
-4.161095906165428460e+00 1.018354018561390089e+38 1.011684136714839959e+06
-4.106064569787122309e+00 1.024636409338330087e+38 1.011710127504340024e+06
-4.049805898917838931e+00 1.031244711962359925e+38 1.011736577232940006e+06
-3.992285516229458153e+00 1.038214155231120034e+38 1.011763593198489980e+06
-3.933334100292995572e+00 1.045586257038520062e+38 1.011791354265079950e+06
-3.873093312897253782e+00 1.053371974871890065e+38 1.011819902645839960e+06
-3.811600535816978663e+00 1.061603524758840088e+38 1.011849331382369972e+06
-3.748649804736487567e+00 1.070314742084120086e+38 1.011879861649599974e+06
-3.684297888423316181e+00 1.079525646030009954e+38 1.011911592286129948e+06
-3.618651064578443766e+00 1.089238905241209911e+38 1.011944600587210036e+06
-3.551461085677146912e+00 1.099497437557119993e+38 1.011979149112539948e+06
-3.482917329354677349e+00 1.110289591529299911e+38 1.012015276945549995e+06
-3.412958214932586998e+00 1.121631821828479982e+38 1.012053152925690054e+06
-3.341495047090575099e+00 1.133536387620469965e+38 1.012092963298209943e+06
-3.268641924194525927e+00 1.145986701838820059e+38 1.012134774539500009e+06
-3.194215049850754440e+00 1.158994005050389984e+38 1.012178829910440021e+06
-3.118474703456740826e+00 1.172506854627659990e+38 1.012225099704560009e+06
-3.041135853389278054e+00 1.186544928430589917e+38 1.012273879909079988e+06
-2.962449973507318646e+00 1.201045978948409997e+38 1.012325122057550005e+06
-2.882219503400847316e+00 1.216004477453119954e+38 1.012379057961430051e+06
-2.800632007594686002e+00 1.231344316947890060e+38 1.012435648136010044e+06
-2.717603559256531298e+00 1.247046228016109935e+38 1.012495029408290051e+06
-2.633080112107563764e+00 1.263069838978769962e+38 1.012557303320509964e+06
-2.547220302687492222e+00 1.279333773440570013e+38 1.012622400586370029e+06
-2.461821871169377118e+00 1.295470143663390018e+38 1.012688914380509988e+06
-2.385163710161577910e+00 1.310119980489650026e+38 1.012750015573689947e+06
-2.317181306309066713e+00 1.323063174416030013e+38 1.012805330250549945e+06
-2.257082913245540112e+00 1.334425682710709925e+38 1.012855099897040054e+06
-2.203643144457601011e+00 1.344438508738899989e+38 1.012900035560250049e+06
-2.156569887825753540e+00 1.353202155595370003e+38 1.012940130696950015e+06
-2.114962876425124705e+00 1.360881960429310073e+38 1.012975967705819989e+06
-2.078416243137326092e+00 1.367583587552920052e+38 1.013007745117860031e+06
-2.046293822524603456e+00 1.373430546007739917e+38 1.013035904447949957e+06
-2.018071625847369432e+00 1.378532975030669966e+38 1.013060818340779981e+06
-1.993220348027534783e+00 1.382995585890220057e+38 1.013082888526550028e+06
-1.971094317850656807e+00 1.386936941584269998e+38 1.013102642010589945e+06
-1.951056870515458286e+00 1.390474509274960069e+38 1.013120613755660015e+06
-1.932312958932016045e+00 1.393745124201729998e+38 1.013137495739449980e+06
-1.913455660396721214e+00 1.396972650849329974e+38 1.013154546673340024e+06
-1.889087066694628447e+00 1.400942249238560010e+38 1.013176684166599996e+06
-1.840593565197195858e+00 1.408239377085329939e+38 1.013221110321710003e+06
-1.777871222817339003e+00 1.417861209643830081e+38 1.013278895623030025e+06
-1.707148506538942456e+00 1.428548424226130004e+38 1.013344510957280057e+06
-1.623621528560761362e+00 1.440453241563709909e+38 1.013422580873450032e+06
-1.526078887749463320e+00 1.453513517408099947e+38 1.013514240464159986e+06
-1.427184611151460558e+00 1.466297213071089998e+38 1.013607462153139990e+06
-1.326636722253169864e+00 1.478396460867939956e+38 1.013702419136020006e+06
-1.224480715114623308e+00 1.489766247606100094e+38 1.013798822255159961e+06
-1.120854276872705668e+00 1.500350738211270049e+38 1.013896260217049974e+06
-1.015759133035317063e+00 1.510101621827680058e+38 1.013994427344989963e+06
-9.091914004529826343e-01 1.518978790606500054e+38 1.014092984125550021e+06
-8.011262472136877477e-01 1.526945289252210039e+38 1.014191574527540011e+06
-6.915435593691654503e-01 1.533966507743540083e+38 1.014289802502520033e+06
-5.804120308021083474e-01 1.540010123289280014e+38 1.014387242944499943e+06
-4.676975580514408648e-01 1.545046341693849922e+38 1.014483431737700012e+06
-3.533539865748025477e-01 1.549047666895519913e+38 1.014577871018750011e+06
-2.373348699766211212e-01 1.551989137395149939e+38 1.014670013778149965e+06
-1.195700670359656215e-01 1.553847593720550034e+38 1.014759280261929962e+06
0.000000000000000000e+00 1.554603017874540086e+38 1.014845027292090002e+06
1.213601772324182093e-01 1.554241265347649906e+38 1.014926507374510053e+06
2.445835882681421936e-01 1.552746719469249999e+38 1.015002982517219963e+06
3.697592627722769976e-01 1.550108615812029958e+38 1.015073661363039981e+06
4.970133150345645845e-01 1.546316971612249919e+38 1.015137705396480043e+06
6.264611706719733775e-01 1.541366028431789934e+38 1.015194197724950034e+06
7.580894496641121805e-01 1.535263859963280082e+38 1.015242117220249958e+06
8.920110891922377050e-01 1.528010876095980049e+38 1.015280453650619951e+06
1.028408295533154160e+00 1.519608779119830025e+38 1.015308136800620006e+06
1.167280942841898650e+00 1.510082657691980083e+38 1.015324032629759982e+06
1.308761841908562928e+00 1.499444144079070074e+38 1.015327013396690018e+06
1.453070767689496279e+00 1.487702274904319923e+38 1.015315918849559966e+06
1.598389595688786358e+00 1.475116338008090038e+38 1.015290159379199962e+06
1.729772241029422730e+00 1.463549164018220027e+38 1.015254956617000047e+06
1.847808025195263326e+00 1.452729303474060078e+38 1.015213810986969969e+06
1.954195509373676032e+00 1.442629254783660087e+38 1.015169054974789964e+06
2.049593360163271427e+00 1.433333713083149988e+38 1.015122823378039990e+06
2.134847415145486593e+00 1.424845423241310076e+38 1.015076709277709946e+06
2.210746788361575454e+00 1.417155757790980013e+38 1.015031916238659993e+06
2.278052364825271070e+00 1.410239870316670082e+38 1.014989308570340043e+06
2.337538360210601240e+00 1.404056100842240010e+38 1.014949439193819999e+06
2.390127994469366968e+00 1.398531975713090042e+38 1.014912496411320055e+06
2.436798524111509323e+00 1.393582272629420017e+38 1.014878399975799955e+06
2.478998115053400397e+00 1.389052461536489971e+38 1.014846516446970054e+06
2.518529242195654660e+00 1.384745292674490031e+38 1.014815736898469971e+06
2.559341224085073918e+00 1.380174902693619938e+38 1.014782992383350036e+06
2.628575695795007050e+00 1.371726458571130004e+38 1.014724671621800051e+06
2.719679838570300490e+00 1.360844664138100050e+38 1.014643194169559982e+06
2.817554993263911456e+00 1.349384318471070087e+38 1.014550661812069942e+06
2.934924210770986974e+00 1.335214590564319946e+38 1.014433248950480018e+06
3.079277552140410990e+00 1.317589358506820042e+38 1.014280362940729945e+06
3.259095255634747446e+00 1.295587195859469935e+38 1.014079742287370027e+06
3.443725719465874135e+00 1.273828570412409994e+38 1.013867303220030037e+06
3.634090273582842201e+00 1.251704727192849965e+38 1.013646074001710047e+06
3.830406912777107209e+00 1.229333278183390015e+38 1.013420368721219944e+06
4.032871268573217094e+00 1.206806182072460021e+38 1.013194849741989980e+06
4.241608425916638225e+00 1.184221220058790065e+38 1.012974142991530010e+06
4.457055169274099171e+00 1.161632924966319962e+38 1.012761985551140038e+06
4.679669956676661968e+00 1.139096230559649957e+38 1.012561227040720056e+06
4.909690719796344638e+00 1.116692301613630017e+38 1.012373842856650008e+06
5.114985453430563211e+00 1.097904661393349924e+38 1.012222603510739980e+06
5.298272469779476523e+00 1.081721633968050008e+38 1.012099666455239989e+06
5.462520610773935914e+00 1.067657246466380015e+38 1.011998445931500057e+06
5.609496727527584881e+00 1.055417473872659948e+38 1.011914435545969987e+06
5.740269299596548080e+00 1.044803523306799954e+38 1.011844461911879946e+06
5.856994835194200277e+00 1.035535700773799960e+38 1.011785512133189943e+06
5.960724659904371947e+00 1.027471356661739966e+38 1.011735700761200045e+06
6.052641695539932698e+00 1.020459483244380017e+38 1.011693456983170006e+06
6.133852918224874884e+00 1.014369742000450038e+38 1.011657529649210046e+06
6.205526343663223088e+00 1.009076250087170089e+38 1.011626854904950014e+06
6.268938969704322517e+00 1.004453602378970022e+38 1.011600487451490015e+06
6.325684660580009222e+00 1.000359152927789960e+38 1.011577482603990007e+06
6.378405283670872450e+00 9.965748752188700298e+37 1.011556593384359963e+06
6.432740504271350801e+00 9.926565759858610744e+37 1.011535530825869995e+06
6.536288532253820449e+00 9.847583879064959300e+37 1.011496752483180026e+06
6.667214896704535931e+00 9.751370685087689190e+37 1.011449720561739989e+06
6.823376234271563590e+00 9.639937466126279305e+37 1.011396414128090022e+06
7.012140483537223190e+00 9.510138125775810525e+37 1.011335749360990012e+06
7.221580156881827861e+00 9.374984652865899706e+37 1.011272899757759995e+06
7.456246422952972353e+00 9.232783460264800344e+37 1.011207742490850040e+06
7.722370201430749148e+00 9.082605903751320123e+37 1.011140065357489977e+06
8.032455929322168231e+00 8.921173948418580275e+37 1.011068749253769987e+06
8.388127331912983209e+00 8.754060005124969445e+37 1.010995762665919960e+06
8.706419656227808446e+00 8.626947167525830386e+37 1.010937439860070008e+06
8.988440635555889457e+00 8.525154640208690589e+37 1.010890646957739955e+06
9.238122903567273170e+00 8.441518085680749663e+37 1.010852522962710005e+06
9.459763228311203420e+00 8.371506694448440397e+37 1.010820939957760042e+06
9.656887571734841913e+00 8.312206635278199910e+37 1.010794420970140025e+06
9.832924663554877043e+00 8.261368932918830463e+37 1.010771856386680040e+06
9.989749944768846035e+00 8.217723961829489981e+37 1.010752558072890039e+06
1.013006721739657223e+01 8.179836633920629737e+37 1.010735881132210023e+06
1.025523025792790577e+01 8.146973973720220066e+37 1.010721441223339993e+06
1.036670646507991478e+01 8.118413153797559639e+37 1.010708905574409990e+06
1.046577898313989863e+01 8.093573805154770015e+37 1.010698008049260010e+06
1.055369666620390490e+01 8.071941303042890243e+37 1.010688520110339974e+06
1.063181839312892407e+01 8.053013390526800328e+37 1.010680226711509982e+06
1.070181346387835220e+01 8.036235906332140448e+37 1.010672899228419992e+06
1.076669541944283992e+01 8.020690124380210422e+37 1.010666185743410024e+06
1.083333485311595723e+01 8.004329734658850094e+37 1.010659342847789987e+06
1.095775300270179287e+01 7.968372801377720311e+37 1.010646557946000015e+06
1.109452111064456403e+01 7.930313038480320064e+37 1.010632540084679960e+06
1.127635317674139515e+01 7.878177405347460250e+37 1.010614043269880000e+06
1.147551239788299426e+01 7.824937168193049550e+37 1.010594117692020023e+06
1.169926718098577112e+01 7.767858063775009994e+37 1.010572328148699948e+06
1.195281831425381824e+01 7.706230275342209833e+37 1.010548492423629970e+06
1.224535698769614100e+01 7.638525068411370408e+37 1.010522160224289983e+06
1.257061130652436987e+01 7.568700189843009938e+37 1.010494376657929970e+06
1.285742836125427857e+01 7.517594377319140103e+37 1.010471378701120033e+06
1.311204334459034726e+01 7.475311746234099780e+37 1.010452045949249994e+06
1.333975774730788544e+01 7.438519396112520279e+37 1.010435454754309962e+06
1.354365143895847723e+01 7.406071137349059928e+37 1.010421052025320008e+06
1.372593961132224649e+01 7.377382914770559714e+37 1.010408472551419982e+06
1.388973970740335062e+01 7.351709520474169910e+37 1.010397352284159977e+06
1.403648655157303438e+01 7.328847054192809939e+37 1.010387538813360035e+06
1.416795081470627338e+01 7.308446756970460456e+37 1.010378847062450019e+06
1.428549386584199965e+01 7.290276062621380329e+37 1.010371146813270054e+06
1.439045595133211464e+01 7.274096773970640275e+37 1.010364322518870002e+06
1.448427029745653272e+01 7.259648533046330389e+37 1.010358260339500033e+06
1.456878330983454362e+01 7.246578942716210209e+37 1.010352824211489991e+06
1.464747587993042544e+01 7.234170183605290231e+37 1.010347774155859952e+06
1.472917074407450855e+01 7.220444600310380241e+37 1.010342507327839965e+06
1.489174352365080267e+01 7.184166373129780105e+37 1.010331654807480052e+06
1.505862064834218472e+01 7.150465963405530294e+37 1.010320288448830019e+06
1.525534801214234903e+01 7.109919961511520452e+37 1.010306784563070047e+06
1.547526508517330512e+01 7.065999273408360099e+37 1.010291703407080029e+06
1.572503819409757853e+01 7.017146446596740090e+37 1.010274760076700011e+06
1.601314770517637953e+01 6.962044608972290301e+37 1.010255579598229961e+06
1.628541320149088278e+01 6.916689443401520401e+37 1.010238084929289995e+06
1.652943599794525653e+01 6.879254263509770309e+37 1.010222988671249943e+06
1.674809075391385704e+01 6.846520521871240399e+37 1.010209863303740043e+06
1.694496423669625074e+01 6.817122106148850355e+37 1.010198299985580030e+06
1.712164611031766981e+01 6.790778613257110406e+37 1.010188082733929972e+06
1.728079680848168209e+01 6.766959913411679604e+37 1.010178982100510038e+06
1.742382009583525360e+01 6.745528950981530239e+37 1.010170871454920038e+06
1.755220551684033126e+01 6.726267064701589707e+37 1.010163637472679955e+06
1.766741150245070457e+01 6.708952197610460106e+37 1.010157178541349946e+06
1.777104836242506281e+01 6.693314039863040145e+37 1.010151388975530048e+06
1.786628559930250049e+01 6.678710513971950198e+37 1.010146077854710049e+06
1.795920132356695831e+01 6.663843085446879605e+37 1.010140882225050009e+06
1.807759339257609099e+01 6.641791321379999891e+37 1.010134133251270046e+06
1.826213050488149747e+01 6.601988334007240132e+37 1.010123215326279984e+06
1.845768351008882746e+01 6.563730954703809641e+37 1.010111454596569994e+06
1.867957781016593799e+01 6.520635699434859564e+37 1.010098095817780006e+06
1.893177178164478391e+01 6.472624450896909689e+37 1.010083031459329999e+06
1.917011951998574659e+01 6.432297593654700354e+37 1.010069133688910049e+06
1.938568276946898550e+01 6.398102398647390030e+37 1.010056920110660023e+06
1.957974279351765290e+01 6.367987764640410088e+37 1.010046185604810016e+06
1.975485022924840450e+01 6.340932113984229723e+37 1.010036671907090000e+06
1.991267770971171558e+01 6.316579540532229712e+37 1.010028209435540019e+06
2.005484281771350652e+01 6.294645054374140217e+37 1.010020661093040020e+06
2.018289963959250599e+01 6.274872163348409966e+37 1.010013911712369998e+06
2.029867779719643295e+01 6.256928550132829896e+37 1.010007841191189946e+06
2.040573968394892290e+01 6.240064198551010033e+37 1.010002242607109947e+06
2.051166750182164833e+01 6.222583117029189897e+37 1.009996686654340010e+06
2.065678289486095309e+01 6.194117360811919698e+37 1.009988887596920016e+06
2.085717665130505338e+01 6.152150505984409648e+37 1.009977775206850027e+06
2.106666673574363813e+01 6.112399670732660050e+37 1.009966078018640052e+06
2.126810968847712502e+01 6.077000731625180400e+37 1.009954966349900002e+06
2.144874297903152183e+01 6.047294252192329682e+37 1.009945188324320014e+06
2.161278828565264121e+01 6.020651432824549975e+37 1.009936464705439983e+06
2.176096789783332497e+01 5.996791400380769738e+37 1.009928696217759978e+06
2.189435647026402876e+01 5.975423870665850361e+37 1.009921780771409976e+06
2.201600515190511942e+01 5.955825530364340300e+37 1.009915524872230017e+06
2.213007213239325210e+01 5.937115092646699632e+37 1.009909684163550031e+06
2.224792433745460585e+01 5.916575432178400094e+37 1.009903622162249987e+06
2.247652783879311755e+01 5.865465314134580153e+37 1.009891348969880026e+06
2.267684402992017567e+01 5.830301123510579627e+37 1.009880600500670029e+06
2.290121813898440450e+01 5.788451015497219548e+37 1.009868684832880041e+06
2.310368320910492912e+01 5.754646724246429799e+37 1.009858130142900045e+06
2.328679778554942459e+01 5.724924484432229957e+37 1.009848783269769978e+06
2.345244236808503047e+01 5.698326671851629870e+37 1.009840470280449954e+06
2.360236181056825444e+01 5.674363914836280073e+37 1.009833044305659947e+06
2.373841733852168545e+01 5.652635084653989712e+37 1.009826369677740033e+06
2.386446275043999776e+01 5.632278550297940246e+37 1.009820224424210028e+06
2.398764483857667074e+01 5.611698001516580081e+37 1.009814221825949964e+06
2.414103805681224912e+01 5.582544844322730404e+37 1.009806610817370005e+06
2.433628917584428564e+01 5.543657794619409938e+37 1.009796719221709995e+06
2.451087102555902675e+01 5.513619816126610021e+37 1.009787902564499993e+06
2.466962580569088459e+01 5.487089568020800096e+37 1.009779990910539986e+06
2.481371585099259391e+01 5.463312601404279677e+37 1.009772895846719970e+06
2.494666455365950242e+01 5.441271723592579871e+37 1.009766409020849969e+06
2.507494937564479187e+01 5.419461121573320334e+37 1.009760175722719985e+06
2.522239398310193792e+01 5.391906062418699824e+37 1.009752932934370008e+06
2.542180959030520171e+01 5.351253673875449825e+37 1.009742939950310043e+06
2.560012105311034247e+01 5.320175846885839587e+37 1.009734045312799979e+06
2.576192880672169849e+01 5.292876749602190442e+37 1.009726095342520042e+06
2.591000187618192285e+01 5.268134003581300288e+37 1.009718917842649971e+06
2.604733843175927177e+01 5.245149025687479928e+37 1.009712329274349962e+06
2.618172849866095930e+01 5.222052401688180263e+37 1.009705912412000005e+06
2.634689738677116111e+01 5.190353882899719658e+37 1.009697923135380028e+06
2.655553931306349114e+01 5.149019334070600016e+37 1.009687698898929986e+06
2.674244375689886510e+01 5.117161211583909934e+37 1.009678644160759985e+06
2.691290485061472282e+01 5.088991259459019600e+37 1.009670542174319969e+06
2.706822765979450196e+01 5.063705833798730251e+37 1.009663278499189997e+06
2.721260769921354949e+01 5.040144291038380114e+37 1.009656610991330002e+06
2.735291343356948346e+01 5.016775626565640377e+37 1.009650175771020004e+06
2.751800367352552712e+01 4.986564412461549951e+37 1.009642532147309976e+06
2.770360025746049359e+01 4.952461432168900248e+37 1.009633875285270042e+06
2.787239154375856742e+01 4.924386972719890107e+37 1.009626071261049947e+06
2.802720757276983932e+01 4.899240852420010281e+37 1.009619013395610033e+06
2.817306293238652870e+01 4.875515885082149771e+37 1.009612439151449944e+06
2.832178103597834706e+01 4.850417149736089869e+37 1.009605759495540056e+06
2.855534685484599322e+01 4.804122276195030317e+37 1.009595034633290023e+06
2.877886616147588938e+01 4.766874912507619959e+37 1.009584893073100015e+06
2.898786564951296896e+01 4.734019221734830235e+37 1.009575651511430042e+06
2.917813601868692786e+01 4.705300063865429544e+37 1.009567447560840053e+06
2.935196534992428496e+01 4.679526958797569781e+37 1.009560111052770051e+06
2.951239820552291349e+01 4.655932715965670143e+37 1.009553451948949951e+06
2.966536640282720327e+01 4.633247027923789734e+37 1.009547174366489984e+06
2.982738517754478380e+01 4.607866669029440178e+37 1.009540520571680041e+06
3.012884883477818221e+01 4.551141331708320451e+37 1.009527759747050004e+06
3.036437397735426202e+01 4.520417025687260330e+37 1.009518135114650009e+06
3.061271167296217754e+01 4.484169020945149962e+37 1.009508276221510023e+06
3.083771721133962274e+01 4.454133145536769812e+37 1.009499578218320035e+06
3.104308578185737133e+01 4.427311989523210199e+37 1.009491829965039971e+06
3.123102764098439366e+01 4.403074348425109726e+37 1.009484867465279996e+06
3.140445197978988290e+01 4.380822298248130133e+37 1.009478530477549997e+06
3.156915447366191074e+01 4.359458381971410441e+37 1.009472563360290020e+06
3.173883826856035739e+01 4.336342024934380212e+37 1.009466403829789953e+06
3.200357408873969689e+01 4.293304448510530043e+37 1.009456476463319967e+06
3.224127517058514059e+01 4.262783368536740453e+37 1.009447707687770016e+06
3.245803708792664111e+01 4.235863734285059889e+37 1.009439915083419997e+06
3.265658252028515562e+01 4.211481409001179797e+37 1.009432920192050049e+06
3.283962085819803178e+01 4.189111180371640026e+37 1.009426566561950021e+06
3.301303676416864619e+01 4.167697864875210125e+37 1.009420603208189947e+06
3.318851028557401150e+01 4.145170464944340052e+37 1.009414571756670019e+06
3.343255885818507522e+01 4.108685589240919883e+37 1.009405952100820024e+06
3.368313643732108176e+01 4.075651898216209930e+37 1.009397147544239997e+06
3.394497668044641614e+01 4.042128065464209933e+37 1.009388114330620039e+06
3.418388651753775775e+01 4.014538162706379807e+37 1.009380098019780009e+06
3.440257047355407849e+01 3.989829274849960072e+37 1.009372937595149968e+06
3.460384436754975468e+01 3.967251285944559902e+37 1.009366462751129991e+06
3.479158838564762846e+01 3.946148165354210222e+37 1.009360493967870018e+06
3.497360013861907646e+01 3.925228388191770172e+37 1.009354735635919962e+06
3.517312059109099209e+01 3.900348323342889871e+37 1.009348346406809986e+06
3.541931537206983194e+01 3.867400193247240027e+37 1.009340299466160010e+06
3.564378310233587399e+01 3.841737280338770231e+37 1.009333052710960037e+06
3.585083254595519975e+01 3.818544997814079967e+37 1.009326486739750020e+06
3.604463047202443704e+01 3.796841840432480170e+37 1.009320422204919974e+06
3.623269942001206800e+01 3.775398473827339904e+37 1.009314577276519965e+06
3.643788125668652356e+01 3.750197954645849908e+37 1.009308137083919952e+06
3.675099888164550066e+01 3.706417600191569818e+37 1.009298027926670038e+06
3.702432513679377735e+01 3.677405280169760138e+37 1.009289470795820002e+06
3.728093868849100545e+01 3.649972796434559800e+37 1.009281671763809980e+06
3.751587436121189967e+01 3.625540796018819970e+37 1.009274690463579958e+06
3.773267389769898728e+01 3.603157086084040048e+37 1.009268354160820018e+06
3.793556477752281353e+01 3.582192009460249906e+37 1.009262489386109984e+06
3.813290848932228982e+01 3.561378019630349942e+37 1.009256810153670027e+06
3.834795508004026487e+01 3.536913956870460178e+37 1.009250543958159979e+06
3.863765496900305152e+01 3.500473266760099783e+37 1.009241879413180053e+06
3.889818019326776266e+01 3.473889371311519899e+37 1.009234246331140050e+06
3.913720066455425695e+01 3.449914666272349770e+37 1.009227407417459995e+06
3.935824431909713894e+01 3.427834350759540127e+37 1.009221187683669967e+06
3.956693291908595711e+01 3.406854464433530181e+37 1.009215377293089987e+06
3.977207142667612061e+01 3.385773131275320209e+37 1.009209685616640025e+06
4.000228203739970922e+01 3.360021496159409953e+37 1.009203196703150054e+06
4.031919619126711041e+01 3.321480558282839933e+37 1.009194051223749993e+06
4.060357141931308433e+01 3.293867843439020195e+37 1.009186065759049961e+06
4.086419727653264999e+01 3.268966514454049810e+37 1.009178945176590001e+06
4.110423260380048305e+01 3.246214372404290177e+37 1.009172513782890048e+06
4.132731636369135231e+01 3.225107001101610037e+37 1.009166610692929942e+06
4.154137909447308630e+01 3.204531043990160006e+37 1.009160979647489963e+06
4.176018998963991180e+01 3.182655933750889996e+37 1.009155205657019978e+06
4.204772772942669690e+01 3.149859174418070120e+37 1.009147372845389997e+06
4.231366286566480994e+01 3.123982518810790233e+37 1.009140194697709987e+06
4.255879727896535769e+01 3.100644674288790101e+37 1.009133691282849992e+06
4.278705392859410495e+01 3.078973101519489886e+37 1.009127711746399989e+06
4.300674335745861754e+01 3.057829528107149903e+37 1.009121995264590019e+06
4.323265188146615401e+01 3.035274738957419805e+37 1.009116103500479949e+06
4.351859442738350481e+01 3.003460816867939962e+37 1.009108441996879992e+06
4.377930100978119299e+01 2.978422734448789852e+37 1.009101524817259982e+06
4.402093564276583493e+01 2.955452238198450023e+37 1.009095216241959948e+06
4.424905549240065739e+01 2.933792027277699852e+37 1.009089331880089943e+06
4.447398953541414812e+01 2.912097725600029772e+37 1.009083562294229981e+06
4.472213712049415335e+01 2.886632060490629874e+37 1.009077130211150041e+06
4.502150183008052409e+01 2.854435468328499969e+37 1.009069238509219955e+06
4.529280274803750217e+01 2.829363221487140067e+37 1.009062234063550015e+06
4.554433522379258648e+01 2.806418412645510053e+37 1.009055876397259999e+06
4.578097690956201404e+01 2.784937415446090164e+37 1.009049984358369955e+06
4.601129297941224650e+01 2.763849060093650226e+37 1.009044299903430045e+06
4.625602898566285148e+01 2.740439353445510005e+37 1.009038240954710054e+06
4.655601859447779134e+01 2.709353494136249800e+37 1.009030637886630022e+06
4.682792572182370350e+01 2.685038347428739909e+37 1.009023861832030001e+06
4.708034560445230454e+01 2.662680164840190014e+37 1.009017686083170003e+06
4.731998855370329693e+01 2.641477710876770089e+37 1.009011899899289943e+06
4.755682906974107027e+01 2.620280811301119909e+37 1.009006219909989974e+06
4.781721943808952346e+01 2.595692451375089816e+37 1.008999926079649944e+06
4.810229746904224157e+01 2.568194104598540213e+37 1.008992933001630008e+06
4.836446551140397787e+01 2.545151405396359788e+37 1.008986591819409980e+06
4.861081733478931710e+01 2.523696570405170209e+37 1.008980719792959979e+06
4.885162529972149059e+01 2.502578174779529941e+37 1.008975033493079944e+06
4.910686086845817044e+01 2.479461271131050063e+37 1.008969004631530028e+06
4.940696558478521183e+01 2.450696678774789859e+37 1.008961790851420024e+06
4.968119813961675391e+01 2.427120056571369882e+37 1.008955278923809994e+06
4.993680462788324803e+01 2.405411101870540038e+37 1.008949309602800058e+06
5.018335309752728790e+01 2.384510820717939901e+37 1.008943624472709955e+06
5.043469310208456591e+01 2.362927466087199964e+37 1.008937862926520058e+06
5.073745219944976270e+01 2.334965733703050186e+37 1.008930820936089964e+06
5.102953882538713515e+01 2.310065354614890083e+37 1.008924057060190011e+06
5.129937074799090624e+01 2.288066053772000001e+37 1.008917928349709953e+06
5.155452244769548997e+01 2.267551689753500033e+37 1.008912233152630040e+06
5.180595411214744672e+01 2.247329181259619913e+37 1.008906687754519982e+06
5.207950112927937880e+01 2.224575497506400181e+37 1.008900660823039943e+06
5.250289734790567309e+01 2.185839903193470196e+37 1.008891141124380054e+06
5.284041491826064885e+01 2.162741414467009776e+37 1.008883892892029951e+06
5.326963141735177487e+01 2.128719021697140231e+37 1.008874895551020047e+06
5.384240277577191591e+01 2.087098785815480057e+37 1.008863428560310043e+06
5.435368605877738446e+01 2.058025199903269989e+37 1.008853939615829964e+06
5.481195523031055927e+01 2.032428518589799953e+37 1.008845809493470006e+06
5.522284990624757484e+01 2.009791210198820063e+37 1.008838707415780053e+06
5.559309782763011754e+01 1.989639886860670016e+37 1.008832417443090002e+06
5.592880221281666309e+01 1.971508603674940042e+37 1.008826779000720009e+06
5.623641383717767894e+01 1.954918525874300089e+37 1.008821650733520044e+06
5.652387538645416498e+01 1.939286925020549971e+37 1.008816873178389971e+06
5.680141922330949455e+01 1.923866309536460032e+37 1.008812248768049991e+06
5.708810901956167072e+01 1.907174236710669939e+37 1.008807416045899969e+06
5.743916411709506065e+01 1.884419519513729939e+37 1.008801274493600009e+06
5.785389839130220935e+01 1.857553016226899894e+37 1.008793868997890037e+06
5.822800604091025889e+01 1.836807740728140022e+37 1.008787372059980058e+06
5.856827742489986122e+01 1.818324235657019998e+37 1.008781606326850015e+06
5.888184130401350558e+01 1.801470595723150090e+37 1.008776385470099980e+06
5.917727384157478809e+01 1.785562849222450094e+37 1.008771513754660031e+06
5.946834520949050784e+01 1.769567385016959929e+37 1.008766721817960031e+06
5.978109694807790220e+01 1.751497715591410091e+37 1.008761513678819989e+06
6.017077807517489418e+01 1.726903060886449988e+37 1.008754795859599952e+06
6.052369002182967961e+01 1.707162725313099940e+37 1.008748758451520000e+06
6.084842354618012905e+01 1.689284402639719991e+37 1.008743292288320023e+06
6.115512599732028320e+01 1.672553542077990111e+37 1.008738196899869945e+06
6.145644911465933546e+01 1.656058761292229989e+37 1.008733227661999990e+06
6.177840601518983021e+01 1.637773211649219965e+37 1.008727892192560015e+06
6.219308144657406956e+01 1.612124487386559942e+37 1.008720817252479959e+06
6.256772684864699841e+01 1.591713127366800069e+37 1.008714502449759981e+06
6.291115781216649339e+01 1.573455223122680024e+37 1.008708835521760047e+06
6.323317095031961799e+01 1.556600891568980097e+37 1.008703610035769991e+06
6.354636167519493029e+01 1.540249493331230044e+37 1.008698584618830006e+06
6.387182442168705165e+01 1.522876907312380006e+37 1.008693366525870049e+06
6.428535995224956423e+01 1.498780108379360018e+37 1.008686562403409975e+06
6.469702064793091267e+01 1.476368826382350044e+37 1.008679788480689982e+06
6.507214442046824843e+01 1.457335829416979933e+37 1.008673759210180026e+06
6.541938345931703225e+01 1.440134580762169913e+37 1.008668294586419943e+06
6.575043407641351223e+01 1.423861897483090037e+37 1.008663158795100055e+06
6.608126979123335332e+01 1.407480379228260010e+37 1.008658061585059972e+06
6.644819805526640266e+01 1.388444109433189961e+37 1.008652351756970049e+06
6.693714143114630133e+01 1.360904374643640109e+37 1.008644490602280013e+06
6.737816093396395445e+01 1.339741823088789957e+37 1.008637588217310025e+06
6.777966188912978396e+01 1.321023702359050060e+37 1.008631469310580054e+06
6.815221908630337566e+01 1.303953387870439957e+37 1.008625902998380014e+06
6.850663039390929043e+01 1.287819558156839972e+37 1.008620673921440030e+06
6.885872935532825068e+01 1.271639467197830089e+37 1.008615501581719960e+06
6.924128193903015926e+01 1.253365260929700045e+37 1.008609829638620024e+06
6.977680650138063356e+01 1.225645102522549970e+37 1.008601633867420023e+06
7.025874251889763400e+01 1.203611812133119903e+37 1.008594368501220015e+06
7.069889296003384516e+01 1.184086951834469889e+37 1.008587882437800057e+06
7.110691150423372164e+01 1.166386195626929958e+37 1.008581978935810039e+06
7.149372915609274060e+01 1.149775491767609959e+37 1.008576449534849962e+06
7.187461917620385066e+01 1.133356827359829929e+37 1.008571034155730042e+06
7.227831194008467719e+01 1.115508011214720004e+37 1.008565263992130058e+06
7.281828615308040753e+01 1.089722455829969988e+37 1.008557306085580029e+06
7.336512883286923170e+01 1.065099877489470005e+37 1.008549245016389992e+06
7.386643589130835608e+01 1.044049150115000010e+37 1.008542027777340030e+06
7.433080105500994250e+01 1.025106328759289942e+37 1.008535481174099958e+06
7.476700403634458780e+01 1.007524629389039982e+37 1.008529409827630036e+06
7.519219377147965133e+01 9.904055297724450121e+36 1.008523533504480030e+06
7.562821905198507011e+01 9.726718029356599876e+36 1.008517502869560034e+06
7.613636473531369120e+01 9.510048022099629807e+36 1.008510338404039969e+06
7.680157544772373512e+01 9.215670887908030534e+36 1.008500722876440035e+06
7.741218257119180635e+01 8.976444539974289937e+36 1.008492129126769956e+06
7.797726691479329020e+01 8.761324069400710476e+36 1.008484349240990006e+06
7.850827735674101859e+01 8.562714751167120463e+36 1.008477147416120046e+06
7.901626532216323540e+01 8.374074719915290331e+36 1.008470306933769956e+06
7.951987859996734187e+01 8.188167531765910424e+36 1.008463556657920009e+06
8.004874542372999713e+01 7.991299315608920316e+36 1.008456443006890011e+06
8.070741957408608869e+01 7.735607728657300188e+36 1.008447388902059989e+06
8.150423879356821999e+01 7.430465914341259973e+36 1.008436355902420008e+06
8.227754896366968751e+01 7.163341013433859913e+36 1.008425987952889991e+06
8.301190464629326016e+01 6.917739391395640159e+36 1.008416342581919977e+06
8.371586303086951375e+01 6.686744833644370060e+36 1.008407207852980006e+06
8.439967224351130426e+01 6.466381751516249967e+36 1.008398404120440013e+06
8.507942551106680185e+01 6.250926736708849900e+36 1.008389702040789998e+06
8.578598451038124040e+01 6.028769113144930560e+36 1.008380662318720017e+06
8.660834111517760903e+01 5.769969869820599441e+36 1.008370074059690000e+06
8.787462775857420638e+01 5.384120943921820338e+36 1.008353916798910010e+06
8.898028205207083374e+01 5.080456676598460159e+36 1.008340214095280040e+06
9.023394694528542459e+01 4.754121495090799924e+36 1.008325177349679987e+06
9.149925613438244909e+01 4.450525164371400115e+36 1.008310522779699997e+06
9.279126185778295621e+01 4.161597082347740071e+36 1.008296057389609981e+06
9.414709770592162386e+01 3.882773804843919849e+36 1.008281472318180022e+06
9.559323025576304644e+01 3.612468757628760183e+36 1.008266632894559996e+06
