# time luminosity radius
-2.060311170812929049e+01 4.637396172203929874e+35 1.008303282651019981e+06
-1.893698324522119947e+01 4.770789229488170289e+35 1.008304182384870015e+06
-1.721006782512995414e+01 4.933689781154989731e+35 1.008305797512360034e+06
-1.540126899928145576e+01 5.144616480519120273e+35 1.008308645693280036e+06
-1.349755554299918003e+01 5.440476726885210138e+35 1.008313961106330040e+06
-1.334390454275126103e+01 5.472194527806509959e+35 1.008314419754380011e+06
-1.303813905225251801e+01 5.524986918445189716e+35 1.008315429213959957e+06
-1.242966572617297061e+01 5.642622131941970262e+35 1.008317847104090033e+06
-1.231858782704512123e+01 5.665037539076029776e+35 1.008318306916570058e+06
-1.209754280776542146e+01 5.710944920572150006e+35 1.008319290507890051e+06
-1.165766321940463968e+01 5.811666614794540081e+35 1.008321557566600037e+06
-1.082860832565347664e+01 6.054160697806880004e+35 1.008327572338809958e+06
-1.027024958260881249e+01 6.253811894997120330e+35 1.008333004043639987e+06
-9.857777736833668314e+00 6.427992660392650331e+35 1.008338145881869947e+06
-9.587453853731858544e+00 6.557095117654669711e+35 1.008342121048019966e+06
-9.381692914888844825e+00 6.665365698280540430e+35 1.008345593582720030e+06
-9.214267966934130527e+00 6.761919159337290708e+35 1.008348753976449952e+06
-9.062705919030122459e+00 6.857439145598749537e+35 1.008351943466869998e+06
-8.892160408271593042e+00 6.977290768598849841e+35 1.008356044028040022e+06
-8.730848621577024460e+00 7.105201537706289292e+35 1.008360468885040027e+06
-8.614236348163103685e+00 7.206624978760789661e+35 1.008364101864009979e+06
-8.510566786731942557e+00 7.304970480116689936e+35 1.008367714575789985e+06
-8.423561201911070384e+00 7.390529100604869617e+35 1.008371139844569960e+06
-8.355700242420425639e+00 7.467895885744079320e+35 1.008374081001990009e+06
-8.295060355449095368e+00 7.538367827737190140e+35 1.008377004853600054e+06
-8.245028052406269126e+00 7.599402461766219381e+35 1.008379657556100050e+06
-8.209765813444391824e+00 7.642832705229180479e+35 1.008381680335070007e+06
-8.183592625442543067e+00 7.676813920831809588e+35 1.008383275528770057e+06
-8.162560905868303962e+00 7.704165097371819769e+35 1.008384630943089956e+06
-8.145010368665680289e+00 7.727314676304250073e+35 1.008385817748870002e+06
-8.128799360914854333e+00 7.749616137108030626e+35 1.008386952349390020e+06
-8.116836697387043387e+00 7.766728056906440408e+35 1.008387824574050028e+06
-8.105205591302365065e+00 7.783651507912039379e+35 1.008388704979829956e+06
-8.082059690175810829e+00 7.817233374363770353e+35 1.008390628729830030e+06
-8.053054933727253228e+00 7.861263059269190551e+35 1.008393368709939998e+06
-8.027840378665132448e+00 7.896758104364739943e+35 1.008396066597420024e+06
-8.009199703155900352e+00 7.934027335624970274e+35 1.008398425599919981e+06
-7.987811133716604672e+00 7.966900784598769780e+35 1.008401486807779991e+06
-7.968334548088023439e+00 8.024507063616909854e+35 1.008404532185190008e+06
-7.949683190279756673e+00 8.038030598488040387e+35 1.008407706355559989e+06
-7.933162830406217836e+00 8.053367094532349421e+35 1.008410702503319946e+06
-7.918621989607345313e+00 8.089952563613139266e+35 1.008413477949119988e+06
-7.904681683474336751e+00 8.104268823364080064e+35 1.008416225399750052e+06
-7.891212554808589630e+00 8.132450097463499472e+35 1.008418914595069946e+06
-7.877008310373639688e+00 8.157958760678980497e+35 1.008421840347029967e+06
-7.861611305444967002e+00 8.188590029185129536e+35 1.008425208849490038e+06
-7.845491539512295276e+00 8.217947360473369461e+35 1.008429049911989947e+06
-7.831546334826271050e+00 8.108779527457099749e+35 1.008432367728300043e+06
-7.813617724314099178e+00 8.300540086155860407e+35 1.008436677043240052e+06
-7.794606177587411366e+00 8.406962720090890136e+35 1.008441286459640018e+06
-7.774015997230890207e+00 8.645785567554369345e+35 1.008446417017310043e+06
-7.751688324584392831e+00 9.146030821714569930e+35 1.008452074510509963e+06
-7.727895119271124713e+00 1.012646357809349992e+36 1.008458264310800005e+06
-7.703220247087301686e+00 1.229327973057660005e+36 1.008464979515220039e+06
-7.678773959414684214e+00 1.655664010210380082e+36 1.008471847319270018e+06
-7.655791799508733675e+00 1.903759573052489887e+36 1.008478486565380008e+06
-7.633745945175178349e+00 2.221256753362619972e+36 1.008485047390770051e+06
-7.612098084515309893e+00 2.808633265693019859e+36 1.008491736318800016e+06
-7.589585026347776875e+00 3.949417694046269774e+36 1.008499193472970044e+06
-7.563311904945294373e+00 4.104410855816390018e+36 1.008508213691390003e+06
-7.535184450389351696e+00 4.547975672106940186e+36 1.008518353551900014e+06
-7.507963771131471731e+00 4.871921301666669716e+36 1.008528677983890055e+06
-7.481621286322479136e+00 5.220576633424229827e+36 1.008539219367119949e+06
-7.456424730436992832e+00 5.766729492428889823e+36 1.008549886008359957e+06
-7.432166139013133943e+00 6.138249318391559705e+36 1.008560626878779964e+06
-7.408920170375495218e+00 6.509972478141010011e+36 1.008571375807150034e+06
-7.386437888344516978e+00 6.887656514489619508e+36 1.008582181904900004e+06
-7.364414296069298871e+00 7.497504614216399583e+36 1.008593411091570044e+06
-7.342603861427051015e+00 7.913718418834600212e+36 1.008605092810850008e+06
-7.321152527336380444e+00 8.332810624200330466e+36 1.008617179870920023e+06
-7.300231162444106303e+00 8.754559078701759942e+36 1.008629570105149993e+06
-7.279688617418287322e+00 9.181157922266320565e+36 1.008642326670499984e+06
-7.260663226916221902e+00 9.594495469707040273e+36 1.008654668246760033e+06
-7.243086587783182040e+00 9.991264258282900194e+36 1.008666586793730035e+06
-7.226694761804537848e+00 1.037158102592940039e+37 1.008678176096779993e+06
-7.210732717736391351e+00 1.075283043612120034e+37 1.008689925601940020e+06
-7.195402759825810790e+00 1.113402023429489913e+37 1.008701648440230056e+06
-7.180370202346239239e+00 1.152154593459689941e+37 1.008713577578239958e+06
-7.165318664046935737e+00 1.192160111472340024e+37 1.008725966380379978e+06
-7.149840139740263112e+00 1.234512542084680021e+37 1.008739194366959971e+06
-7.134782760855159722e+00 1.278001318408039955e+37 1.008752527662090026e+06
-7.120762634673155844e+00 1.320442148261760016e+37 1.008765355093489983e+06
-7.107496462413109839e+00 1.361404509485539966e+37 1.008777871517859981e+06
-7.094841781174181961e+00 1.401304290787699954e+37 1.008790161736879963e+06
-7.082630603486904874e+00 1.440560224676460013e+37 1.008802356292049983e+06
-7.070798550310428254e+00 1.479302854536659933e+37 1.008814491904400056e+06
-7.059072157077025622e+00 1.518331919741799935e+37 1.008826839145909995e+06
-7.047501701148576103e+00 1.557440308620800085e+37 1.008839339222299983e+06
-7.035990336007671431e+00 1.596861494458480114e+37 1.008852097227800055e+06
-7.024427100070170127e+00 1.636843074863399913e+37 1.008865244521389948e+06
-7.012697954021859914e+00 1.677710952210279887e+37 1.008878927773720003e+06
-7.000724985817214474e+00 1.719674403264510107e+37 1.008893260784700047e+06
-6.988466812297701836e+00 1.762813666640789932e+37 1.008908321518330020e+06
-6.976167442582664080e+00 1.806108010673460050e+37 1.008923817106429953e+06
-6.964175427609006874e+00 1.848175260086169948e+37 1.008939286212360021e+06
-6.952523339074105024e+00 1.888870988717289963e+37 1.008954663749670028e+06
-6.941112495798734017e+00 1.929027973410289945e+37 1.008970048752969946e+06
-6.929973138147033751e+00 1.967942793691890099e+37 1.008985373217570013e+06
-6.918818250400363468e+00 2.006973050661139953e+37 1.009001013539199950e+06
-6.907856917605386116e+00 2.045154920338030027e+37 1.009016645577010000e+06
-6.896987160653225146e+00 2.082945394509070118e+37 1.009032382862939965e+06
-6.886293881630990654e+00 2.118814351344049893e+37 1.009048069912860054e+06
-6.875687120278598741e+00 2.153836782598140159e+37 1.009063821466370020e+06
-6.865151790349045768e+00 2.188236417779670071e+37 1.009079628740580054e+06
-6.854567040500114672e+00 2.217071236706449900e+37 1.009095662499409984e+06
-6.844084431970259175e+00 2.252767480131289941e+37 1.009111674404639984e+06
-6.833831487369025126e+00 2.289397061611780198e+37 1.009127460347500048e+06
-6.823719485604669899e+00 2.310412036502670109e+37 1.009143122760000057e+06
-6.813726045424118638e+00 2.338904665376479801e+37 1.009158682497650036e+06
-6.803798779044882394e+00 2.371559990465880060e+37 1.009174206439609989e+06
-6.793871902918908745e+00 2.406682620413029806e+37 1.009189792860680027e+06
-6.783920864603715017e+00 2.445162456353950017e+37 1.009205475674389978e+06
-6.773946138346218504e+00 2.470712932479749768e+37 1.009221236068779952e+06
-6.763864809952792712e+00 2.511778451175500129e+37 1.009237201583449962e+06
-6.753626694116974249e+00 2.562791934256840120e+37 1.009253452378739952e+06
-6.743087594673852436e+00 2.693596170874570220e+37 1.009270212241929956e+06
-6.732470069851842709e+00 2.729520326361840156e+37 1.009287088902399992e+06
-6.721670805913163349e+00 2.804619549628839995e+37 1.009304269793909974e+06
-6.710493168531684205e+00 2.843754731204589858e+37 1.009322041296140058e+06
-6.699244468662072904e+00 2.938011380884820186e+37 1.009339915947259986e+06
-6.687726288146222942e+00 2.963270003403059873e+37 1.009358197796709952e+06
-6.675468553890823387e+00 3.072084907940980206e+37 1.009377625314819976e+06
-6.663086789718363434e+00 3.130697229210219887e+37 1.009397210576159996e+06
-6.650430043329834007e+00 3.204581027732950225e+37 1.009417183783279965e+06
-6.638351334186154418e+00 3.273347879528989944e+37 1.009436205723750056e+06
-6.625502638693433255e+00 3.342713813593240009e+37 1.009456366252769949e+06
-6.611780794482911006e+00 3.413828900921400113e+37 1.009477798858930008e+06
-6.596570818845066242e+00 3.492117558437129980e+37 1.009501436349150026e+06
-6.575909218779997900e+00 3.600331554400320233e+37 1.009533375061749946e+06
-6.555285020251176320e+00 3.712462708176139782e+37 1.009565003136000014e+06
-6.534371251647826284e+00 3.829346280405110077e+37 1.009596825880349963e+06
-6.513426720717689022e+00 3.949364967678760139e+37 1.009628447330289986e+06
-6.492580666672438383e+00 4.070419034431569826e+37 1.009659663152309950e+06
-6.471848742017755285e+00 4.191958152980180144e+37 1.009690464281679946e+06
-6.451226019911700860e+00 4.314056446653719578e+37 1.009720864498869982e+06
-6.430691323228529654e+00 4.436774362394450254e+37 1.009750904973570025e+06
-6.410173366370145231e+00 4.560239832132070141e+37 1.009780692039379966e+06
-6.389669283715193160e+00 4.684200352297580063e+37 1.009810234686810058e+06
-6.369116281581227668e+00 4.808745144370870003e+37 1.009839621292799944e+06
-6.348602074969676323e+00 4.933031534249660312e+37 1.009868733460349962e+06
-6.328115806987625547e+00 5.056906866562120244e+37 1.009897585268980009e+06
-6.307599143779953010e+00 5.180479786608590367e+37 1.009926256946180016e+06
-6.287055097971460782e+00 5.303511811636410346e+37 1.009954742225200054e+06
-6.266425592184532434e+00 5.426146988090640329e+37 1.009983121291629970e+06
-6.245719690297846682e+00 5.548161081272270222e+37 1.010011374239390017e+06
-6.224877680826466531e+00 5.669737774693739937e+37 1.010039575278230011e+06
-6.203942401058156975e+00 5.790447971572600372e+37 1.010067658322519972e+06
-6.182952439208747819e+00 5.909940440791049586e+37 1.010095567889470025e+06
-6.161855248676147312e+00 6.028360933798439567e+37 1.010123363811739953e+06
-6.140655973649700172e+00 6.145596339864599821e+37 1.010151034457030008e+06
-6.119300487829605117e+00 6.261743301001369614e+37 1.010178637106530019e+06
-6.097796950067277066e+00 6.376651252004829777e+37 1.010206150420989958e+06
-6.076087463312433101e+00 6.490464120836129853e+37 1.010233641275480040e+06
-6.054181222265469842e+00 6.603031638079750416e+37 1.010261083735769964e+06
-6.032064535000245087e+00 6.714283375348620366e+37 1.010288480815320043e+06
-6.009774766571354121e+00 6.823888180242739627e+37 1.010315775810190011e+06
-5.987309871357865632e+00 6.931732895581399828e+37 1.010342957974849967e+06
-5.964613353862660006e+00 7.038031358143690058e+37 1.010370084173860028e+06
-5.941687103753793053e+00 7.142630952263609797e+37 1.010397137256329996e+06
-5.918468270174344070e+00 7.245692105275729777e+37 1.010424174271640019e+06
-5.894958056131144986e+00 7.347085193832500289e+37 1.010451179087140015e+06
-5.871133282824303024e+00 7.446782206715950047e+37 1.010478160312640015e+06
-5.847048265495686792e+00 7.544468787347890293e+37 1.010505038944859989e+06
-5.822690528599196114e+00 7.640095189706919869e+37 1.010531812718600035e+06
-5.797992621985031292e+00 7.733802071656269955e+37 1.010558538371540024e+06
-5.772944321914110333e+00 7.825596984759369972e+37 1.010585207788449945e+06
-5.747468080953694880e+00 7.915666536852159678e+37 1.010611882211770047e+06
-5.721626904836739413e+00 8.003580954672539614e+37 1.010638471492570010e+06
-5.695449945371365175e+00 8.089211702269929674e+37 1.010664927462349995e+06
-5.668856331103597768e+00 8.172771187158920178e+37 1.010691310868849978e+06
-5.641819848955492489e+00 8.254256760165770160e+37 1.010717624159340048e+06
-5.614266904143732972e+00 8.333794106112989880e+37 1.010743911240100046e+06
-5.586313662788597867e+00 8.411019007794420321e+37 1.010770038041859982e+06
-5.557914177989005111e+00 8.486025202854419916e+37 1.010796025669540046e+06
-5.528967321530217305e+00 8.558988233867579168e+37 1.010821940505929990e+06
-5.499465847315150313e+00 8.629926544562719062e+37 1.010847770354739972e+06
-5.469507974252337590e+00 8.698597177756420599e+37 1.010873388763890020e+06
-5.438974684439017437e+00 8.765214258937270644e+37 1.010898878024330013e+06
-5.407801240246044472e+00 8.829904869273279163e+37 1.010924263252969948e+06
-5.376115286519052461e+00 8.892443704938160511e+37 1.010949415473870002e+06
-5.343800662420107983e+00 8.953021922803100939e+37 1.010974403114079963e+06
-5.310777914666687138e+00 9.011833649455679612e+37 1.010999258554180036e+06
-5.277196362483664416e+00 9.068699534479709245e+37 1.011023845830040053e+06
-5.242893554168404080e+00 9.123865505422579871e+37 1.011048260641949950e+06
-5.207892124861245975e+00 9.177406109392170450e+37 1.011072461324049975e+06
-5.177777752323891036e+00 9.222661523963930115e+37 1.011092756015649997e+06
-5.151891025307122618e+00 9.260219422322130595e+37 1.011109837582980050e+06
-5.129479460709262639e+00 9.291769756988480166e+37 1.011124359604389989e+06
-5.109796968768932857e+00 9.318736209868210265e+37 1.011136911047520000e+06
-5.091891192394541577e+00 9.342601247293769477e+37 1.011148163009559968e+06
-5.073728104238398373e+00 9.365880527032840207e+37 1.011159396983930026e+06
-5.039986121439142153e+00 9.404531563239740230e+37 1.011179683365539997e+06
-5.003333360757096671e+00 9.447771480822619417e+37 1.011201005931489985e+06
-4.963937489737872966e+00 9.492478817175459195e+37 1.011223195641480037e+06
-4.923634859384037554e+00 9.536987604233280926e+37 1.011245169853140018e+06
-4.882366284175077453e+00 9.581078477242389126e+37 1.011266960553220008e+06
-4.840126474766293541e+00 9.624935182751400247e+37 1.011288565208379994e+06
-4.796896235420717858e+00 9.668683782843380749e+37 1.011309993826230057e+06
-4.752692612280952744e+00 9.712470536630979302e+37 1.011331244005789980e+06
-4.707376702543115243e+00 9.756644478735389263e+37 1.011352388220270048e+06
-4.661083033293834887e+00 9.801261553791780739e+37 1.011373378952570027e+06
-4.613707171112764627e+00 9.846629165004739851e+37 1.011394283620310016e+06
-4.565190598033950664e+00 9.893002654894820367e+37 1.011415153475650004e+06
-4.515616484728525393e+00 9.940632522408980839e+37 1.011435985122869955e+06
-4.464898480160627514e+00 9.989854134761949828e+37 1.011456852768430021e+06
-4.412961860027280636e+00 1.004099241742009951e+38 1.011477832311560051e+06
-4.359803273255238310e+00 1.009433616173790002e+38 1.011498977002679952e+06
-4.305439868563553318e+00 1.015019210652680067e+38 1.011520339598219958e+06
-4.249839446551050059e+00 1.020884133277170031e+38 1.011542001192720025e+06
-4.192975693033076823e+00 1.027066546471199956e+38 1.011564044364199974e+06
-4.134693048530607484e+00 1.033603093938650090e+38 1.011586612678939942e+06
-4.075010801956523210e+00 1.040524008620339997e+38 1.011609787869669963e+06
-4.014093973382841796e+00 1.047843375495280084e+38 1.011633599461870035e+06
-3.951751229629735462e+00 1.055599942910489994e+38 1.011658223945609992e+06
-3.887888084631413221e+00 1.063831301371209943e+38 1.011683804763410008e+06
-3.822702514604316093e+00 1.072538562454939926e+38 1.011710370795169962e+06
-3.756039303552825004e+00 1.081751156746179974e+38 1.011738098778009997e+06
-3.687761264998698607e+00 1.091503786074550011e+38 1.011767162405319978e+06
-3.618156510681728832e+00 1.101774988977060047e+38 1.011797550865530036e+06
-3.546946332382503897e+00 1.112597505507400006e+38 1.011829502072450006e+06
-3.474246642595971934e+00 1.123964723528589957e+38 1.011863074009509990e+06
-3.400044004985829815e+00 1.135870666322969966e+38 1.011898379552709986e+06
-3.324257423984818161e+00 1.148316756237739994e+38 1.011935559434090042e+06
-3.246961118871695362e+00 1.161278941046570047e+38 1.011974670417299960e+06
-3.168053784305811860e+00 1.174747595501619996e+38 1.012015850768049946e+06
-3.087673548230668530e+00 1.188677343864130079e+38 1.012059101183269988e+06
-3.005695751053281128e+00 1.203047919835280015e+38 1.012104552746000001e+06
-2.922159196226857603e+00 1.217816472665099930e+38 1.012152234306180035e+06
-2.837113890287582763e+00 1.232927749578939927e+38 1.012202151408900041e+06
-2.750444249264546670e+00 1.248345259561790077e+38 1.012254394844489987e+06
-2.662382934577181004e+00 1.263980004655939996e+38 1.012308826087840018e+06
-2.572757205431116745e+00 1.279788049181050079e+38 1.012365537114919978e+06
-2.481586802954552695e+00 1.295705010071929984e+38 1.012424482493820018e+06
-2.389018398418556899e+00 1.311639808695479931e+38 1.012485515771529987e+06
-2.294957353384234011e+00 1.327528314851149963e+38 1.012548628430670011e+06
-2.199380025471327826e+00 1.343292764377710038e+38 1.012613744102420053e+06
-2.102451813756488264e+00 1.358854669421260088e+38 1.012680639865480014e+06
-2.004136962743359618e+00 1.374134505920500031e+38 1.012749209958640044e+06
-1.904377733008004725e+00 1.389053245227039992e+38 1.012819341921229963e+06
-1.803155609493842348e+00 1.403544648423239999e+38 1.012890875376309967e+06
-1.700564742117421702e+00 1.417529501202920088e+38 1.012963548692079959e+06
-1.596637425071094185e+00 1.430925316123790031e+38 1.013037122057670029e+06
-1.491360490981605835e+00 1.443668246826340033e+38 1.013111365449270001e+06
-1.384717294407892041e+00 1.455695672894950020e+38 1.013186027940909960e+06
-1.276692432264098898e+00 1.466947816101449986e+38 1.013260832911179983e+06
-1.167289816701668315e+00 1.477367579137140085e+38 1.013335465994499973e+06
-1.056493767668143846e+00 1.486899884801630007e+38 1.013409601526089944e+06
-9.443245459406170994e-01 1.495498593094389988e+38 1.013482864726049942e+06
-8.307761989126447588e-01 1.503118629542480008e+38 1.013554870122150052e+06
-7.158885976677993312e-01 1.509723150645700032e+38 1.013625188872330007e+06
-5.996836316480766982e-01 1.515273785148840028e+38 1.013693376541799982e+06
-4.822240098001202568e-01 1.519756015006040054e+38 1.013758948309730040e+06
-3.635640599241014570e-01 1.523138335919340012e+38 1.013821410295750014e+06
-2.437501924287062138e-01 1.525404209667449916e+38 1.013880261779339984e+06
-1.226173368777381256e-01 1.526553266642190090e+38 1.013935082973610028e+06
0.000000000000000000e+00 1.526575292741800025e+38 1.013985411679110024e+06
1.241634623438585550e-01 1.525469694588090089e+38 1.014030717533000046e+06
2.498486957774730399e-01 1.523241934001699912e+38 1.014070412516599987e+06
3.771669465786544606e-01 1.519891467988580005e+38 1.014103948266810039e+06
5.073477461555739865e-01 1.515339120381070074e+38 1.014130906975570018e+06
6.382903603225713596e-01 1.509786308616400053e+38 1.014150307045210036e+06
7.742691210005432367e-01 1.502822805536419979e+38 1.014161826294269995e+06
9.000316388410283253e-01 1.495999708043029933e+38 1.014164973715930013e+06
1.013050363078946248e+00 1.489323018692740049e+38 1.014161750401610043e+06
1.115099031012505293e+00 1.482770941917700076e+38 1.014153886429260019e+06
1.206717160428524949e+00 1.476515277634120062e+38 1.014142814083129982e+06
1.288770505096181296e+00 1.470616910373250004e+38 1.014129677914710017e+06
1.361956408989499323e+00 1.465133403842280056e+38 1.014115403256210033e+06
1.426981914715724997e+00 1.460091797038679962e+38 1.014100707705999957e+06
1.484535641458933242e+00 1.455501636752650001e+38 1.014086131247340003e+06
1.535418184881564230e+00 1.451342821872280050e+38 1.014072024394250009e+06
1.580519178038230166e+00 1.447574490477189946e+38 1.014058566853879951e+06
1.620906714058946818e+00 1.444125753992570033e+38 1.014045754526120028e+06
1.658035187807399780e+00 1.440874963449890041e+38 1.014033334863140015e+06
1.694080899716936983e+00 1.437615267502710010e+38 1.014020670681959949e+06
1.736234711002907716e+00 1.433539462398340012e+38 1.014005013845829992e+06
1.820120795469847508e+00 1.424399765402480025e+38 1.013970439083460020e+06
1.906545049554551952e+00 1.415838430843349907e+38 1.013931131961239967e+06
2.005606954611721449e+00 1.405429180397039931e+38 1.013881657186310040e+06
2.125696495364536531e+00 1.392272647758639917e+38 1.013815418843579944e+06
2.273947754452819936e+00 1.375522607258720073e+38 1.013724803956259973e+06
2.439192533580353484e+00 1.356820226819909989e+38 1.013614259260170045e+06
2.611118708722642623e+00 1.337366135436069995e+38 1.013490902688410017e+06
2.794180838493048213e+00 1.316423710771969917e+38 1.013352477458239999e+06
2.993412419717060402e+00 1.293547339042080016e+38 1.013196443287319969e+06
3.179645812488161027e+00 1.272878073025840061e+38 1.013048793469859986e+06
3.347129978297743946e+00 1.254580151413869952e+38 1.012916565405289992e+06
3.497797566844383255e+00 1.238268380114219962e+38 1.012799265221619979e+06
3.633253763036918826e+00 1.223742337186390069e+38 1.012695867947740015e+06
3.754069583825184964e+00 1.210924809952729985e+38 1.012605716551969992e+06
3.862197777110850438e+00 1.199548052328199937e+38 1.012526942088520038e+06
3.958346442334004678e+00 1.189530044387960019e+38 1.012458545637289993e+06
4.043699589790776372e+00 1.180711241954340001e+38 1.012399209403460030e+06
4.119146921599167399e+00 1.172980643615309930e+38 1.012347880886849947e+06
4.185716420746757649e+00 1.166209425574590014e+38 1.012303487727829954e+06
4.244511206503375433e+00 1.160266179354259944e+38 1.012264988653889974e+06
4.296816014786600135e+00 1.155003181665310003e+38 1.012231303811730002e+06
4.344604790763696656e+00 1.150198764753759955e+38 1.012200996959210024e+06
4.391080850298749283e+00 1.145503461449830004e+38 1.012171955027619959e+06
4.447683347636484541e+00 1.139638344707270026e+38 1.012137169783669990e+06
4.543226509675150737e+00 1.129445994296359927e+38 1.012079953684760025e+06
4.662739355859230272e+00 1.117116134513659937e+38 1.012010675081979949e+06
4.799465252115624025e+00 1.103325006546109991e+38 1.011934569219200057e+06
4.967513019117177464e+00 1.086604174122420046e+38 1.011845669300599955e+06
5.175448601352400146e+00 1.066599651846880033e+38 1.011742529587680008e+06
5.403239208855666220e+00 1.045996314625239982e+38 1.011637847999720019e+06
5.659833626981708221e+00 1.024002200694790085e+38 1.011529987147239968e+06
5.954662484276923351e+00 1.000336439759219926e+38 1.011418252719920012e+06
6.275611270073568448e+00 9.767333569137870810e+37 1.011309896077109966e+06
6.608010926633141935e+00 9.545270795648550375e+37 1.011210513140909956e+06
6.959178745091776364e+00 9.330954124093879435e+37 1.011117843435790041e+06
7.336956085899146274e+00 9.121787157351700079e+37 1.011030179406009964e+06
7.751208906876854599e+00 8.915805897251329867e+37 1.010946092188779963e+06
8.215312022686703131e+00 8.711137323457379545e+37 1.010864269625460031e+06
8.748343762068543583e+00 8.505778535362200066e+37 1.010783402777959942e+06
9.336943175294436514e+00 8.314361620435370173e+37 1.010707381945849978e+06
9.912489735186682083e+00 8.159296166478430287e+37 1.010643418971700012e+06
1.045658077331609093e+01 8.032396521094929783e+37 1.010590126069730031e+06
1.093753333536733408e+01 7.934886481851079728e+37 1.010547772595930030e+06
1.136322857988125179e+01 7.855410514853839850e+37 1.010513216821720009e+06
1.173984410670527723e+01 7.789276355192070211e+37 1.010484488443900016e+06
1.207345004993840121e+01 7.733185415265520158e+37 1.010460227174200001e+06
1.236939361585245933e+01 7.685043543495150043e+37 1.010439474670869997e+06
1.263254504307406023e+01 7.643217196650379735e+37 1.010421566899450030e+06
1.286720658614649437e+01 7.606526226371090382e+37 1.010405966570049990e+06
1.307693973371351603e+01 7.574114850960409720e+37 1.010392280885990011e+06
1.326489324597059749e+01 7.545293897696129645e+37 1.010380199669459951e+06
1.343336556579743046e+01 7.519625150092790398e+37 1.010369502891959972e+06
1.358455678200698458e+01 7.496681462254570084e+37 1.010360000325639965e+06
1.371999921632232144e+01 7.476214609045730177e+37 1.010351559525729972e+06
1.384115087326790672e+01 7.457971029548689608e+37 1.010344063443460036e+06
1.394932178214367013e+01 7.441730020182949900e+37 1.010337411234249943e+06
1.404589360862155445e+01 7.427249701635270018e+37 1.010331502673769952e+06
1.413244484578899574e+01 7.414245356536460313e+37 1.010326227837270009e+06
1.421200313662120607e+01 7.402106270232690094e+37 1.010321389788659988e+06
1.429079536542121787e+01 7.389507943933349767e+37 1.010316586915940046e+06
1.440217930388462264e+01 7.368085773116139825e+37 1.010309666773500037e+06
1.455240795607096516e+01 7.336552827160369865e+37 1.010300073905779980e+06
1.473887046964955516e+01 7.296958643936690390e+37 1.010287892470109975e+06
1.494587221076653805e+01 7.255249317492089996e+37 1.010274276612629998e+06
1.517944783296843525e+01 7.209391134717369843e+37 1.010258997556820046e+06
1.544682168145664036e+01 7.157994891152160427e+37 1.010241750036849990e+06
1.568634063779609278e+01 7.118956480311770155e+37 1.010226782940029982e+06
1.590220056213729549e+01 7.085469364996239678e+37 1.010213726580779999e+06
1.609556627595156897e+01 7.056076822879229598e+37 1.010202321967420052e+06
1.626971023947407957e+01 7.029633240911779885e+37 1.010192240221849992e+06
1.642615525255678222e+01 7.005886003607879982e+37 1.010183304089779966e+06
1.656660423312860075e+01 6.984540897432580366e+37 1.010175361114599975e+06
1.669251686151255853e+01 6.965381821918680385e+37 1.010168293349809945e+06
1.680533318077505101e+01 6.948184819568919843e+37 1.010161996634050040e+06
1.690661802317481488e+01 6.932686328291059871e+37 1.010156366450470057e+06
1.699941862694686279e+01 6.918263667078639863e+37 1.010151218862849986e+06
1.708943239749351051e+01 6.903692313178060008e+37 1.010146215308859944e+06
1.720156286509882193e+01 6.882728071564319821e+37 1.010139872649329947e+06
1.737863243375613820e+01 6.843835379162250158e+37 1.010129487261509988e+06
1.757081987005949486e+01 6.804929360726830094e+37 1.010117992807990056e+06
1.778792422055266798e+01 6.761570165596570135e+37 1.010104964017639984e+06
1.802800991079129744e+01 6.714985316949099687e+37 1.010090651258690050e+06
1.824146944112726487e+01 6.678967940180670432e+37 1.010078219273159979e+06
1.843450637954811100e+01 6.647349529424809919e+37 1.010067249059200054e+06
1.860826093111245427e+01 6.619209864825779778e+37 1.010057557543460047e+06
1.876469946447468828e+01 6.593895639696850308e+37 1.010048953654780053e+06
1.890541164239402860e+01 6.571098786960010129e+37 1.010041293411480030e+06
1.903190729586640373e+01 6.550565695756860001e+37 1.010034458679749980e+06
1.914576242327166256e+01 6.532022186158390062e+37 1.010028339434860041e+06
1.925010610921890475e+01 6.514793788006579785e+37 1.010022748342399951e+06
1.935038759827148169e+01 6.497666084707669950e+37 1.010017368861799943e+06
1.946866705903084949e+01 6.474941350893099816e+37 1.010010925830050022e+06
1.963194300065515563e+01 6.439736962260099555e+37 1.010001789064430050e+06
1.977706007609958760e+01 6.412485464080100266e+37 1.009993596368629951e+06
1.990751068606914487e+01 6.388805606842859877e+37 1.009986267771080020e+06
2.002571558058843948e+01 6.367573358407839992e+37 1.009979665867320029e+06
2.013399176506209187e+01 6.348076819318050343e+37 1.009973648392020026e+06
2.023831139809044544e+01 6.328765508270789832e+37 1.009967859754850040e+06
2.036190104919660371e+01 6.303319990739620178e+37 1.009960920001449995e+06
2.057597428487497382e+01 6.251544032552120116e+37 1.009948498852950055e+06
2.077829228479822632e+01 6.210663080849240062e+37 1.009936758994139964e+06
2.100780123283038847e+01 6.163201303100449786e+37 1.009923601674729958e+06
2.121491914548096247e+01 6.125358208887470030e+37 1.009912001956179971e+06
2.140197029070986900e+01 6.092464672831750154e+37 1.009901796422359999e+06
2.157083047133346554e+01 6.063291840099530425e+37 1.009892779757290031e+06
2.172323287707695272e+01 6.037226319653419691e+37 1.009884780175040010e+06
2.186082917418389115e+01 6.013853886232659752e+37 1.009877654550589970e+06
2.198565635202976409e+01 5.992703458642809887e+37 1.009871256727569969e+06
2.210157061493373476e+01 5.972867242064150115e+37 1.009865357041490031e+06
2.221747905823576730e+01 5.952186431065100201e+37 1.009859459961430053e+06
2.238640856227721088e+01 5.916395206379569900e+37 1.009850668291380047e+06
2.258818773664825130e+01 5.874744193210920472e+37 1.009840008967680042e+06
2.279164430765376892e+01 5.836267298149750068e+37 1.009829326714750030e+06
2.297614066551614087e+01 5.804269196525549998e+37 1.009819822810280020e+06
2.314292326509894338e+01 5.776206000727349813e+37 1.009811405418809969e+06
2.329376268162741326e+01 5.751158713984629914e+37 1.009803922467609984e+06
2.343041618228016887e+01 5.728612592640919640e+37 1.009797234333810047e+06
2.355653446521318983e+01 5.707684918888540223e+37 1.009791122049010010e+06
2.367831192698213272e+01 5.686967755945340071e+37 1.009785246473070001e+06
2.382146479381481186e+01 5.659919905749249738e+37 1.009778261822239961e+06
2.407007092608546373e+01 5.605307608072380182e+37 1.009765743206629995e+06
2.428761853507603519e+01 5.568250758013069761e+37 1.009754940321539994e+06
2.448894666496198624e+01 5.534979953498099668e+37 1.009745206641210010e+06
2.467114813579246402e+01 5.505769688027849643e+37 1.009736595354010002e+06
2.483628733720979653e+01 5.479608482557490063e+37 1.009728934908809955e+06
2.498581644397927448e+01 5.456134104398990335e+37 1.009722098750920035e+06
2.512325317400973290e+01 5.434513169711070351e+37 1.009715882620829972e+06
2.525377667455177289e+01 5.413644220641109535e+37 1.009710015546999988e+06
2.539315117264050059e+01 5.389782161793689672e+37 1.009703715112890000e+06
2.565581129890051670e+01 5.334387477737759657e+37 1.009691387341759983e+06
2.587290600777487271e+01 5.300861100811649567e+37 1.009681375437509967e+06
2.608745676542457659e+01 5.266407437328389545e+37 1.009671728100119974e+06
2.628158735230681486e+01 5.236980822767339652e+37 1.009663188236400019e+06
2.645791283239668701e+01 5.210675066118899816e+37 1.009655582380980020e+06
2.661784736084518954e+01 5.187080404125489695e+37 1.009648788448930020e+06
2.676515287660004105e+01 5.165313321851660005e+37 1.009642601301889983e+06
2.690469172270968556e+01 5.144407133816519562e+37 1.009636778592059971e+06
2.705183224209758919e+01 5.120878669192290130e+37 1.009630607364360010e+06
2.732886888294888195e+01 5.065907467374090247e+37 1.009618515544340014e+06
2.755181832870584913e+01 5.034621116021869859e+37 1.009609000887459959e+06
2.777913819406239782e+01 5.000015467224529545e+37 1.009599533720699954e+06
2.798494881784426980e+01 4.970853602487229630e+37 1.009591149140120018e+06
2.817229811554716434e+01 4.944732474673829724e+37 1.009583665556440013e+06
2.834318013707525097e+01 4.921110506601989745e+37 1.009576940918840002e+06
2.850047515431651846e+01 4.899367255938340313e+37 1.009570815918490058e+06
2.864979388185020071e+01 4.878374608378120247e+37 1.009565034891249961e+06
2.880670825442939531e+01 4.854811394410969726e+37 1.009558920674970024e+06
2.904660028404032346e+01 4.812170279684070266e+37 1.009549271674270043e+06
2.926178422715747729e+01 4.781556478823940441e+37 1.009540701497790054e+06
2.945766747092420701e+01 4.754637657750110199e+37 1.009533067146089976e+06
2.963657419166702311e+01 4.730322364606219997e+37 1.009526215697970008e+06
2.980143430733005516e+01 4.707936007180440263e+37 1.009519983323520049e+06
2.995792494017223362e+01 4.686366439575870035e+37 1.009514111613800051e+06
3.012115160265238956e+01 4.662488158901860143e+37 1.009507960770410020e+06
3.039519716109498404e+01 4.613937852260120455e+37 1.009497259851190029e+06
3.063011339238437358e+01 4.582784985581160191e+37 1.009488275796639966e+06
3.085466105969680939e+01 4.552469299205139790e+37 1.009479907079959987e+06
3.105928922240855172e+01 4.525868535118050015e+37 1.009472436827110010e+06
3.124663163612422068e+01 4.501739099468869917e+37 1.009465711738960003e+06
3.141981743271753658e+01 4.479464611519199655e+37 1.009459569263059995e+06
3.158498224598588422e+01 4.457891845323960217e+37 1.009453749694830040e+06
3.175877989776199684e+01 4.433708623202849740e+37 1.009447588046220015e+06
3.200563284358941019e+01 4.394155740335199860e+37 1.009438590477189980e+06
3.222696682688547298e+01 4.365435280492219541e+37 1.009430625038460013e+06
3.243020940592396073e+01 4.339655803126260280e+37 1.009423465262569953e+06
3.261666484594752546e+01 4.316275868441770050e+37 1.009417005536679993e+06
3.279183097132772673e+01 4.294131125435450386e+37 1.009411005376580055e+06
3.296437515535217244e+01 4.271709866328919945e+37 1.009405117632879992e+06
3.317212131111591589e+01 4.241453170520300222e+37 1.009397900181669975e+06
3.346777895305422135e+01 4.195721782320050094e+37 1.009387438126849942e+06
3.373424639941367786e+01 4.163283247667070096e+37 1.009378282606760040e+06
3.397683861272525974e+01 4.134719891818330096e+37 1.009370211456159945e+06
3.419873065142019186e+01 4.108834526484940127e+37 1.009362996044700034e+06
3.440266721016087104e+01 4.085182198705569810e+37 1.009356472809560015e+06
3.459219728097377811e+01 4.063185470827520192e+37 1.009350474691860029e+06
3.477432301675435156e+01 4.041639914674249855e+37 1.009344736697269953e+06
3.496809744415804744e+01 4.017069379062809814e+37 1.009338571663770010e+06
3.519490125756419729e+01 3.986301528523120093e+37 1.009331210488609970e+06
3.540174360155651812e+01 3.961588530825190078e+37 1.009324543513010023e+06
3.559521586916525848e+01 3.938579772775570002e+37 1.009318380082929973e+06
3.578181859006872401e+01 3.916076946989120017e+37 1.009312475631579990e+06
3.598249068565201014e+01 3.890189723460829953e+37 1.009306076060899999e+06
3.630287372294696979e+01 3.842341953999649955e+37 1.009295545606859960e+06
3.657116609478543978e+01 3.813076047769549947e+37 1.009287022843400016e+06
3.683480529248481616e+01 3.782487632080469843e+37 1.009278872567150043e+06
3.707556055023451336e+01 3.756065218969640081e+37 1.009271601126739988e+06
3.729719803338230122e+01 3.731992574342039877e+37 1.009265026362139964e+06
3.750311775243608281e+01 3.709675693699280169e+37 1.009258991354880040e+06
3.770068184706906322e+01 3.687909329030569819e+37 1.009253235129400040e+06
3.790559450227010529e+01 3.664132745318060220e+37 1.009247229727320024e+06
3.816537046716257464e+01 3.630383087204729889e+37 1.009239404223219957e+06
3.840133669253555126e+01 3.604354989465629965e+37 1.009232371394159971e+06
3.861996120437106583e+01 3.580444291198010038e+37 1.009225952976719942e+06
3.882634963891177904e+01 3.557746838483210232e+37 1.009219956701979972e+06
3.902962576327263378e+01 3.534859841277629952e+37 1.009214069443730055e+06
3.926383649167837575e+01 3.505913037132320103e+37 1.009207165887419949e+06
3.950349833753716666e+01 3.477478223772289826e+37 1.009200063042999944e+06
3.972505128278862685e+01 3.452885375500990138e+37 1.009193574959840043e+06
3.993474329319724347e+01 3.429621389703199960e+37 1.009187502239829977e+06
4.014349205316102598e+01 3.405926848044129797e+37 1.009181484124180046e+06
4.039088437390455510e+01 3.375130715011470167e+37 1.009174232038049959e+06
4.063228965038433671e+01 3.347407332326049863e+37 1.009167170292999945e+06
4.085674419434508309e+01 3.322725602687719953e+37 1.009160700681949966e+06
4.107007363598677330e+01 3.299345012160020081e+37 1.009154630488669965e+06
4.128428649275156204e+01 3.275386893141810223e+37 1.009148572196820052e+06
4.154291436662606429e+01 3.243787569016829898e+37 1.009141149219159968e+06
4.183436683627951425e+01 3.209465726228079978e+37 1.009132795580859995e+06
4.211677119485102594e+01 3.179545825790869996e+37 1.009124906192220049e+06
4.237591676467854995e+01 3.153757286713800110e+37 1.009117878470679978e+06
4.261558196016994771e+01 3.130276587215289989e+37 1.009111525946730049e+06
4.284078449421213008e+01 3.108292423732480128e+37 1.009105650131530012e+06
4.306084497411211487e+01 3.086487655886439967e+37 1.009099954180100001e+06
4.329815171677910257e+01 3.061577874592430120e+37 1.009093766757969977e+06
4.356356143088487443e+01 3.032643631256870220e+37 1.009086734101200011e+06
4.380806448256771546e+01 3.008630980246840058e+37 1.009080334593349951e+06
4.403777552438259590e+01 2.986242715300529939e+37 1.009074406440619961e+06
4.426227082331024576e+01 2.964116508402370052e+37 1.009068663017609972e+06
4.450284394796472043e+01 2.939293004559930055e+37 1.009062485919800005e+06
4.485076035618840251e+01 2.899208760087459773e+37 1.009053328638499952e+06
4.513921343037509359e+01 2.874045797286540236e+37 1.009046008600799949e+06
4.542610246199183166e+01 2.847079718283259957e+37 1.009038903575710021e+06
4.568939816451165825e+01 2.823872930650660223e+37 1.009032533284649951e+06
4.593392650017631240e+01 2.802610333031090043e+37 1.009026726013059961e+06
4.616845474188448861e+01 2.782100345363189915e+37 1.009021221975440043e+06
4.640454862819751725e+01 2.761017790152609778e+37 1.009015701793350047e+06
4.668449546054762322e+01 2.733647379798020235e+37 1.009009030427900027e+06
4.703697335302422289e+01 2.698723220566429950e+37 1.009000549822509987e+06
4.737998084021091927e+01 2.669669443210899983e+37 1.008992553188179969e+06
4.770777531126805115e+01 2.643153439044169771e+37 1.008985159725210047e+06
4.800568242093140725e+01 2.620276304708610168e+37 1.008978630062000011e+06
4.827941548217495438e+01 2.599420068104699823e+37 1.008972747796950047e+06
4.853415764011151623e+01 2.580027925222000159e+37 1.008967339973020018e+06
4.877927747163630556e+01 2.561107628746790013e+37 1.008962166753310012e+06
4.902791254538169596e+01 2.541290061092150027e+37 1.008956902600919944e+06
4.932605565554695204e+01 2.514961517264890091e+37 1.008950412923100055e+06
4.964980729209491983e+01 2.487243262131900042e+37 1.008943294451490045e+06
4.994430589185503777e+01 2.464688678788519939e+37 1.008936947687219945e+06
5.021556896904075984e+01 2.444132681485080214e+37 1.008931205969500006e+06
5.047208961780415848e+01 2.424586041091450186e+37 1.008925835640909965e+06
5.072336675654514693e+01 2.405157781600040123e+37 1.008920596234209952e+06
5.099175537022529170e+01 2.383392733082109992e+37 1.008914956876400043e+06
5.130674248776631430e+01 2.356114104521090116e+37 1.008908167366969981e+06
5.159417856797517743e+01 2.333829325778539770e+37 1.008902024272099952e+06
5.186181306221988052e+01 2.313194549721160069e+37 1.008896379782219999e+06
5.211891715842648409e+01 2.293299892086269768e+37 1.008891004285519943e+06
5.238045997286099009e+01 2.272645257087869972e+37 1.008885546016120003e+06
5.268948578828712925e+01 2.246366632727809823e+37 1.008878978155020042e+06
5.299473383583244868e+01 2.221827899693020101e+37 1.008872466988170054e+06
5.327638933516573161e+01 2.200328925504710041e+37 1.008866554904400022e+06
5.354269778834714089e+01 2.180171049821459853e+37 1.008861043382939999e+06
5.380490089223894756e+01 2.160218940335429940e+37 1.008855662524090032e+06
5.408945266294176690e+01 2.137702509306120211e+37 1.008849804768980015e+06
5.442140489615849219e+01 2.110245610752360056e+37 1.008842848010870046e+06
5.472391750336100813e+01 2.087737848897489884e+37 1.008836593321730033e+06
5.500521904566267040e+01 2.067135136623729979e+37 1.008830883513330016e+06
5.527461577278154436e+01 2.047565298916269960e+37 1.008825492765640025e+06
5.554804393206723034e+01 2.027461214568270065e+37 1.008820059157239972e+06
5.586507632075517904e+01 2.002777389210599893e+37 1.008813689484620001e+06
5.621178572370263282e+01 1.975945955249049921e+37 1.008806660523299943e+06
5.652747064709546976e+01 1.953985973971449902e+37 1.008800408617909998e+06
5.681987909339659382e+01 1.934066017732350092e+37 1.008794745077110012e+06
5.709876058592635673e+01 1.915229081297100000e+37 1.008789432370890048e+06
5.737822753084765282e+01 1.896184311337290032e+37 1.008784152648370015e+06
5.769338266881823074e+01 1.873616550563499953e+37 1.008778154717170051e+06
5.805947446901700459e+01 1.846448195630450013e+37 1.008771055047780043e+06
5.839181823861144949e+01 1.824697031687219985e+37 1.008764753781859996e+06
5.869834656341117807e+01 1.805096189903630073e+37 1.008759074071589974e+06
5.898903520210296847e+01 1.786696064186039962e+37 1.008753779601520044e+06
5.927662874033558182e+01 1.768462260490320039e+37 1.008748597028990043e+06
5.958943430213548709e+01 1.747906725455089915e+37 1.008742946461179992e+06
6.001716450064850505e+01 1.717515923416989963e+37 1.008735036030070041e+06
6.040128788490255829e+01 1.694279998858889986e+37 1.008728102376910043e+06
6.075125735053734388e+01 1.673726874784900059e+37 1.008721965286119957e+06
6.107436474593123421e+01 1.655189024631550099e+37 1.008716426363680046e+06
6.137987735299975611e+01 1.637884818778620113e+37 1.008711276839350001e+06
6.168112158296571579e+01 1.620738774750240005e+37 1.008706244135539979e+06
6.200522393206483684e+01 1.601624009928990013e+37 1.008700809482289944e+06
6.242944606021046638e+01 1.574513233835960044e+37 1.008693500984139973e+06
6.281265017410623841e+01 1.552958410931480035e+37 1.008686992038420052e+06
6.316372228333784733e+01 1.533753476134930051e+37 1.008681165795400040e+06
6.349121771105274092e+01 1.516235765954349980e+37 1.008675836464739987e+06
6.380700569717737380e+01 1.499488268062429955e+37 1.008670769082969986e+06
6.412883948234957643e+01 1.482190489485300099e+37 1.008665629097389989e+06
6.451039486721856520e+01 1.460280391255630109e+37 1.008659432247680030e+06
6.494931397429900244e+01 1.434831059886920048e+37 1.008652195168470033e+06
6.534734302795550320e+01 1.414496731067210071e+37 1.008645813515280024e+06
6.571303001722844783e+01 1.396401043861090023e+37 1.008640106866289978e+06
6.605620845872908831e+01 1.379728683531620085e+37 1.008634859961729962e+06
6.638993992094765417e+01 1.363592514579169919e+37 1.008629824817160028e+06
6.673597956949379295e+01 1.346579945276820104e+37 1.008624621782460017e+06
6.716609973701997660e+01 1.323785583213440076e+37 1.008618011531520053e+06
6.782480770672555082e+01 1.288550874423260038e+37 1.008607832026049960e+06
6.848868577390385326e+01 1.259549116831080046e+37 1.008598193262140034e+06
6.930547255610872526e+01 1.224954238614789941e+37 1.008586980565730017e+06
7.005601058751926757e+01 1.197971525503589927e+37 1.008577344254620024e+06
7.073129547547432594e+01 1.174159611938570097e+37 1.008568955718940008e+06
7.134019466604513582e+01 1.153042396820279917e+37 1.008561546902769944e+06
7.189067625637107994e+01 1.134102476393650076e+37 1.008554921890150057e+06
7.239116469884174876e+01 1.116978107438759981e+37 1.008548940396619961e+06
7.285042749650892802e+01 1.101227190511149919e+37 1.008543462755030021e+06
7.327759420229995158e+01 1.086453558887529899e+37 1.008538359594639973e+06
7.368609443369496148e+01 1.072087188853500010e+37 1.008533450505360030e+06
7.409660456505662296e+01 1.057246955368619966e+37 1.008528462887509959e+06
7.454816225262766238e+01 1.040051101654619997e+37 1.008522843938080012e+06
7.530171114670520183e+01 1.008564085265180023e+37 1.008513036369679961e+06
7.602563889701559674e+01 9.822913579695500022e+36 1.008503826104220003e+06
7.668461067658790853e+01 9.597395210309559710e+36 1.008495706119169947e+06
7.728732232649053913e+01 9.395638332390959506e+36 1.008488429674200015e+06
7.784295659369672649e+01 9.211950549804810428e+36 1.008481803777009947e+06
7.836115728630102240e+01 9.041788331470300129e+36 1.008475666732680053e+06
7.885284535893879365e+01 8.880363451305240153e+36 1.008469855900630006e+06
7.933736078323272523e+01 8.718930754830030186e+36 1.008464099541270058e+06
7.984532321809092537e+01 8.545768622961799786e+36 1.008457996580039966e+06
8.048057444648293313e+01 8.314592605882759459e+36 1.008450099340899964e+06
8.122565297133405693e+01 8.043051781247119783e+36 1.008440654313529958e+06
8.191867790231481194e+01 7.812526135863929924e+36 1.008432049986370024e+06
8.256778875284362584e+01 7.601738566253659912e+36 1.008424116958659957e+06
8.318596983893075958e+01 7.403923759963760509e+36 1.008416638845760026e+06
8.378346959585906006e+01 7.214011848247969439e+36 1.008409436423150008e+06
8.438331360291340388e+01 7.023540709328619795e+36 1.008402201806879952e+06
8.502880306623410434e+01 6.816227716288600260e+36 1.008394352118870011e+06
8.592044404684565961e+01 6.522281229336469567e+36 1.008383299150850042e+06
8.677444071185891517e+01 6.256556477975829630e+36 1.008372783411770011e+06
8.773315879213623703e+01 5.969968621568689648e+36 1.008361195064779953e+06
8.865977117395959795e+01 5.709853426387409860e+36 1.008350246650389978e+06
8.956886271205439698e+01 5.461094100512620223e+36 1.008339647391199949e+06
9.047150614770362154e+01 5.219985239501190246e+36 1.008329211787850014e+06
9.138957763399230316e+01 4.982993340502609875e+36 1.008318711112419958e+06
9.236033500400662888e+01 4.739284190578659892e+36 1.008307694595559966e+06
9.350546366957132705e+01 4.464428220900890045e+36 1.008294899500890053e+06
9.525652508983330335e+01 4.068747228327999974e+36 1.008275850135340006e+06
9.680165942617168184e+01 3.764357233068069995e+36 1.008259879081089981e+06
