# time luminosity u_luminosity radius u_radius
-2.072478966228663921e+01 4.694658487799518712e+35 1.069935315919921354e+34 1.008206023127368651e+06 5.208524918733720455e+01
-1.960973814435419627e+01 4.782828310583740509e+35 1.200346879823319767e+34 1.008212903277546400e+06 5.851153067387423334e+01
-1.863556271133711562e+01 4.860492300236562740e+35 1.247536115228653531e+34 1.008214205562320421e+06 5.858329124518112252e+01
-1.808861215526121669e+01 4.908730917740723152e+35 1.269462920746678437e+34 1.008215001403587172e+06 5.855291511388082881e+01
-1.766087765558040701e+01 4.948170618080198814e+35 1.282688609465864216e+34 1.008215649051031214e+06 5.851340619320606606e+01
-1.715905828360700980e+01 4.996540074326109761e+35 1.296189314888682348e+34 1.008216449379235622e+06 5.844936422901827910e+01
-1.658513343372032978e+01 5.055844003596965049e+35 1.329487970527267534e+34 1.008217449187011458e+06 5.835879617053512192e+01
-1.593811300600646064e+01 5.130086218419209360e+35 1.342554044988971216e+34 1.008218762990635936e+06 5.827586922207024145e+01
-1.521790104577667080e+01 5.221425610269772743e+35 1.331546244364192617e+34 1.008220451604441623e+06 5.823727265511834617e+01
-1.442742796920356341e+01 5.331886065853484818e+35 1.318914578053183078e+34 1.008222567341377842e+06 5.815264039757975212e+01
-1.357171943807043135e+01 5.469655610493252128e+35 1.337236176013340579e+34 1.008225321111310506e+06 5.797215686773817112e+01
-1.266055539096123539e+01 5.633035145478536507e+35 1.342286254302416738e+34 1.008233417468085070e+06 5.695072408930266050e+01
-1.171452360038529150e+01 5.833666863746454910e+35 1.404851441444362045e+34 1.008240128581174999e+06 5.997359730216236784e+01
-1.076757525757420808e+01 6.092567988118779038e+35 1.527553170415928583e+34 1.008246662177729886e+06 6.026371912531311636e+01
-1.007761722611030564e+01 6.332524623043233690e+35 1.650693943758857846e+34 1.008253121943024336e+06 6.039929904734855626e+01
-9.569723180029541254e+00 6.546930907543012020e+35 1.748129996742812636e+34 1.008264679836253752e+06 5.863872929683407165e+01
-9.171676091005792841e+00 6.751503809234799213e+35 1.858876196201745494e+34 1.008272634397151065e+06 6.079464186347836119e+01
-8.851756382384337485e+00 6.948278450828665563e+35 1.966842045502064781e+34 1.008279327651064144e+06 6.137952313673986993e+01
-8.729571652162121609e+00 7.033200404524952029e+35 2.018496744893781102e+34 1.008282295668440405e+06 6.162908574967221398e+01
-8.626945832656929269e+00 7.109695025169864667e+35 2.064449858590727108e+34 1.008285040753563633e+06 6.183910337433793813e+01
-8.477157162909861654e+00 7.231032322858404442e+35 2.145276504026619166e+34 1.008289542621834669e+06 6.222864492347217436e+01
-8.345594616548623890e+00 7.348841408157222647e+35 2.220846178959221669e+34 1.008294165065710433e+06 6.269283370162578706e+01
-8.249399396969238296e+00 7.443232482246597848e+35 2.284699262673015451e+34 1.008298066735375440e+06 6.314588878774706870e+01
-8.167543887451756746e+00 7.530183050975187624e+35 2.344244946370103918e+34 1.008301912622165750e+06 6.369764224043279199e+01
-8.161077771073905751e+00 7.537372721579742531e+35 2.349263459578087502e+34 1.008302243006772245e+06 6.375307121948070943e+01
-8.148210199462482706e+00 7.551708681128348036e+35 2.359828718886280919e+34 1.008302913232351304e+06 6.386733328599041926e+01
-8.122603731957497075e+00 7.580544068047818892e+35 2.381441570337180212e+34 1.008304330427873414e+06 6.414283390634213333e+01
-8.117508044932037592e+00 7.586446546480677004e+35 2.386083978631577256e+34 1.008304625920097227e+06 6.420867970864641450e+01
-8.107367627730127424e+00 7.597255011386721153e+35 2.401541569115099430e+34 1.008305227082736674e+06 6.434515440505879269e+01
-8.087188197503564879e+00 7.617912982817319673e+35 2.434080460239297181e+34 1.008306480733379722e+06 6.465887372491749829e+01
-8.071592622873140499e+00 7.640868692775784967e+35 2.425430777252322829e+34 1.008307508912252611e+06 6.493274330178596188e+01
-8.067705295863561332e+00 7.645669143727096066e+35 2.430821064405766192e+34 1.008307777054695995e+06 6.500668086852355998e+01
-8.067674817604711279e+00 7.645567343357015111e+35 2.429137410978190713e+34 1.008307779347599833e+06 6.500721723847705391e+01
-8.067645547300344333e+00 7.645603133155402845e+35 2.429161967939738728e+34 1.008307781681425055e+06 6.500769518316046458e+01
-8.067622794624185190e+00 7.645630952643729874e+35 2.429181045300180261e+34 1.008307783559261821e+06 6.500804877767183143e+01
-8.067599314061226323e+00 7.645659656937816147e+35 2.429200670244557768e+34 1.008307785513581010e+06 6.500840910805720796e+01
-8.067570860206615180e+00 7.645694447800713541e+35 2.429224536371510992e+34 1.008307787892813561e+06 6.500884273820612691e+01
-8.067539478361140937e+00 7.645732821623394067e+35 2.429250894295176176e+34 1.008307790561147034e+06 6.500930862475499339e+01
-8.067511926026782021e+00 7.645766511214960430e+35 2.429274018264358534e+34 1.008307792954765609e+06 6.500970343933344964e+01
-8.067487341439118609e+00 7.645796567612921426e+35 2.429294598501439085e+34 1.008307795110444073e+06 6.501005023292869112e+01
-8.067463390703778714e+00 7.645825851377678339e+35 2.429314676688224669e+34 1.008307797232737299e+06 6.501038194461121122e+01
-8.067440647399052978e+00 7.645853656521008471e+35 2.429333714607539275e+34 1.008307799255575868e+06 6.501069491171674031e+01
-8.067416954785585403e+00 7.645882635245680064e+35 2.429353843243893112e+34 1.008307801361566177e+06 6.501102113167063123e+01
-8.067390957294264808e+00 7.645914513031529512e+35 2.429377950155143420e+34 1.008307803682339611e+06 6.501137657857189822e+01
-8.067362593603320420e+00 7.645949287557841305e+35 2.429404216279478622e+34 1.008307806199681712e+06 6.501176917620418294e+01
-8.067326609278097749e+00 7.645993407239957732e+35 2.429437565959041253e+34 1.008307809345841641e+06 6.501228075454848465e+01
-8.067287726240465418e+00 7.646041083499008109e+35 2.429473634187696295e+34 1.008307812678375514e+06 6.501285251034535406e+01
-8.067256547277793288e+00 7.646079314411804914e+35 2.429502568851879897e+34 1.008307815292858868e+06 6.501332725408570923e+01
-8.067228524188976735e+00 7.646113676693169645e+35 2.429528588071878626e+34 1.008307817581000389e+06 6.501377125808576807e+01
-8.067200747260358185e+00 7.646147740018272320e+35 2.429554414686043960e+34 1.008307819789804984e+06 6.501422795255717801e+01
-8.067171121161663905e+00 7.646184073025047333e+35 2.429581985951893272e+34 1.008307822088512126e+06 6.501473103918598895e+01
-8.067137872072635219e+00 7.646224850469898461e+35 2.429612945176194170e+34 1.008307824609518982e+06 6.501531209323339056e+01
-8.067097903782268986e+00 7.646273870018179721e+35 2.429650180694948898e+34 1.008307827580788289e+06 6.501602712063979084e+01
-8.067045503965346143e+00 7.646338137249924021e+35 2.429699010861616183e+34 1.008307831406560610e+06 6.501698402222842788e+01
-8.066963263467187062e+00 7.646439004944853365e+35 2.429775672218575981e+34 1.008307837327165063e+06 6.501850933939806509e+01
-8.066799604886909947e+00 7.646639732992489988e+35 2.429928262237739784e+34 1.008307849019554211e+06 6.502157002939314623e+01
-8.066473924322053790e+00 7.647039184272296190e+35 2.430232015755108707e+34 1.008307872312949621e+06 6.502765501754193167e+01
-8.065825820027384907e+00 7.647834101517875426e+35 2.430836871626195119e+34 1.008307918969886145e+06 6.503968528563351015e+01
-8.064734145707916468e+00 7.649177824973231514e+35 2.431914556304226533e+34 1.008307996970844222e+06 6.506012863964410542e+01
-8.063310521771200001e+00 7.651143234244107781e+35 2.436624024995252206e+34 1.008308098482600879e+06 6.508773677096813515e+01
-8.061750205961288884e+00 7.652792370179996440e+35 2.435650545726083327e+34 1.008308209799208213e+06 6.511841799695679356e+01
-8.059889360418310389e+00 7.655065492830619196e+35 2.438390291537016679e+34 1.008308342726623989e+06 6.515577774795855248e+01
-8.057465213409159333e+00 7.657899675430800882e+35 2.440718604351275267e+34 1.008308516249704408e+06 6.520566975414115518e+01
-8.054364224895834923e+00 7.661576089682676302e+35 2.444394110298018589e+34 1.008308739637908293e+06 6.527189722864424937e+01
-8.050176293501863256e+00 7.666706627257263176e+35 2.449141186819879009e+34 1.008309044531880645e+06 6.536553359603620095e+01
-8.044317275693174452e+00 7.673958899327002389e+35 2.455447408100416899e+34 1.008309493362208013e+06 6.552318006540151885e+01
-8.036127509287325665e+00 7.684295725359172176e+35 2.464855223697662321e+34 1.008310118938554311e+06 6.572289998910351017e+01
-8.024366894678678364e+00 7.699377084133978553e+35 2.479423800001628065e+34 1.008311041192433331e+06 6.602163437944453506e+01
-8.007337627117522061e+00 7.725158423536365810e+35 2.513762728144937759e+34 1.008312458332288195e+06 6.649432678340107827e+01
-7.982104514376260340e+00 7.753875684223538868e+35 2.525126652585193137e+34 1.008314759953428875e+06 6.733115264940778388e+01
-7.961507664876990020e+00 7.776379774852263198e+35 2.598036926706509173e+34 1.008316770944257383e+06 6.802511527809292602e+01
-7.943581309373257682e+00 7.809693503685093130e+35 2.559388465431503537e+34 1.008318646860304405e+06 6.864716324923962532e+01
-7.928890816663624719e+00 7.842067776182773154e+35 2.684126655915863270e+34 1.008320316034723422e+06 6.914833654609775238e+01
-7.915757820883300155e+00 7.892436788276335370e+35 3.503534517869931418e+34 1.008321938779713819e+06 6.963743267600156628e+01
-7.903149447811301798e+00 7.946967222744494720e+35 5.178304647604623257e+34 1.008323538193481392e+06 7.011696783809134104e+01
-7.889351251709740609e+00 8.019583061106020423e+35 7.574166474888824141e+34 1.008325344512155512e+06 7.065475521410019155e+01
-7.870321186346700415e+00 8.171434665351853065e+35 1.343270109649993217e+35 1.008327973261554027e+06 7.143255878533463488e+01
-7.851114076736848801e+00 8.330928013572562286e+35 1.956963188344071400e+35 1.008330790305378148e+06 7.224317748442426534e+01
-7.831192280194954947e+00 8.578489195551679690e+35 2.883091737602940882e+35 1.008333924793159124e+06 7.308980213576113272e+01
-7.812587787077063695e+00 9.034823786760493034e+35 4.692946700894264551e+35 1.008337018996409606e+06 7.389991215104063826e+01
-7.795427544566337019e+00 9.303042179080007757e+35 5.401561250181301853e+35 1.008340088316899724e+06 7.456398037136544588e+01
-7.779048412368865684e+00 9.570910084525301907e+35 5.653385062465470587e+35 1.008343132455430226e+06 7.526481950883997740e+01
-7.763041695812717080e+00 9.955273102121196975e+35 6.154346288477492543e+35 1.008346241252705688e+06 7.594872468131842425e+01
-7.748561275744577870e+00 1.037353636774077565e+36 6.775344876215613430e+35 1.008349147177011706e+06 7.657338565593082080e+01
-7.734777111356379464e+00 1.094604217452566696e+36 7.777914227682882889e+35 1.008352004347535432e+06 7.717706507686662576e+01
-7.720938997372286394e+00 1.140548682523332629e+36 8.459386748078816268e+35 1.008354937244754052e+06 7.779367232083630768e+01
-7.708023849671008065e+00 1.187185799540033858e+36 8.900495591127414496e+35 1.008357733130616369e+06 7.838573539334433349e+01
-7.693177167064277455e+00 1.244204534853869285e+36 9.448789113309822616e+35 1.008361030531648314e+06 7.906388537923682236e+01
-7.678340744460001588e+00 1.311018807606280276e+36 1.015473786537493059e+36 1.008364406249710708e+06 7.975277086697091988e+01
-7.662749366398202255e+00 1.395783145706333278e+36 1.112238850616436864e+36 1.008368056569896522e+06 8.048120987355981981e+01
-7.646055605699075386e+00 1.522966675361150454e+36 1.216965202649129611e+36 1.008372095351382741e+06 8.127748597804610142e+01
-7.628070518141612411e+00 1.670922198924986348e+36 1.363014406527276706e+36 1.008376717103105388e+06 8.196113328380144480e+01
-7.608597247948637232e+00 1.861771133596687851e+36 1.519057640262572486e+36 1.008381845190080232e+06 8.277903657293984452e+01
-7.587637756252661347e+00 2.070853618889834899e+36 1.693456895589869643e+36 1.008387550615391578e+06 8.377195536670888032e+01
-7.565108258364489302e+00 2.308319213521843255e+36 1.856453466324129602e+36 1.008393944369096542e+06 8.493689063388126215e+01
-7.541377264278708026e+00 2.569625683952645962e+36 1.915761743096018423e+36 1.008400999806897016e+06 8.619715814507858909e+01
-7.516536598443053663e+00 2.927505406108007488e+36 2.007990530290941360e+36 1.008408705436704564e+06 8.762010255799694391e+01
-7.491904296737629920e+00 3.317635629779370476e+36 2.072777815199310835e+36 1.008416706490156939e+06 8.914918190165725775e+01
-7.467294757661875337e+00 3.802117759503705780e+36 2.206774275605584033e+36 1.008425111496672034e+06 9.078704564352251793e+01
-7.442619174107676372e+00 4.163499280390607074e+36 2.236815425780675482e+36 1.008433953308162047e+06 9.254628639955841152e+01
-7.418074294138932601e+00 4.620862498622091497e+36 2.288322781194457175e+36 1.008443463368414203e+06 9.388233089485333949e+01
-7.394019360392121598e+00 5.017134558444708858e+36 2.343015464212746406e+36 1.008453101090015261e+06 9.554613330128491100e+01
-7.370651180332060903e+00 5.427359054401996894e+36 2.418362585227732971e+36 1.008462850353376474e+06 9.739497737854613035e+01
-7.347743033693404868e+00 5.826453675536860616e+36 2.482744978548661296e+36 1.008472844637404778e+06 9.939292273579323478e+01
-7.325592295528622344e+00 6.231987221901559086e+36 2.542580367078908562e+36 1.008482980370274861e+06 1.014771873159909603e+02
-7.304106135154142976e+00 6.668541658223856073e+36 2.507732669591737831e+36 1.008493243482590187e+06 1.036837389499697224e+02
-7.283349679812090471e+00 7.205184295174523112e+36 2.412433052904286799e+36 1.008503617778250366e+06 1.059980543446092014e+02
-7.263210452772909775e+00 7.694674448536323202e+36 2.384039116986127157e+36 1.008514139055099338e+06 1.084025796396836796e+02
-7.243529603380011395e+00 8.146413933298686875e+36 2.413800101957927223e+36 1.008524878731918638e+06 1.108918265781496757e+02
-7.224279226182261482e+00 8.573874613664342833e+36 2.441418847555859429e+36 1.008535829821317922e+06 1.134958347799960592e+02
-7.205276488530216739e+00 8.971272512941463372e+36 2.498623076595818420e+36 1.008547099459704128e+06 1.162375856618307495e+02
-7.186946875706780702e+00 9.363066106701566255e+36 2.548602846502800418e+36 1.008558399969027727e+06 1.190283106996218692e+02
-7.169447198917623609e+00 9.841863868433345228e+36 2.495278477810433491e+36 1.008569638817500207e+06 1.218047237683882997e+02
-7.153269221773371100e+00 1.019675333529023419e+37 2.551833237147854052e+36 1.008580403823565925e+06 1.245084241231710394e+02
-7.137939496344188228e+00 1.055463905470729193e+37 2.620482199739980998e+36 1.008590972571222577e+06 1.271819795185889888e+02
-7.123436224792385474e+00 1.087363127212609816e+37 2.686030180855491698e+36 1.008601295331694069e+06 1.298214690306618877e+02
-7.109791120747104287e+00 1.118129108840429543e+37 2.745814658686220976e+36 1.008611306884784717e+06 1.323945515977384559e+02
-7.096381733805174008e+00 1.149156366463598666e+37 2.803135932551788428e+36 1.008621433854968403e+06 1.350038898788146469e+02
-7.083354971895460039e+00 1.180367183814593017e+37 2.852946237555593342e+36 1.008631548496089876e+06 1.376192971813875374e+02
-7.070450550847453997e+00 1.212656816887566902e+37 2.889960619090457924e+36 1.008641867768105818e+06 1.402716495550735090e+02
-7.057312836579512805e+00 1.245651560869207589e+37 2.931591768213929604e+36 1.008652664907293161e+06 1.430529120149528524e+02
-7.043637167837005109e+00 1.280072813069300892e+37 2.983214253298313677e+36 1.008664228438441060e+06 1.460309368220472948e+02
-7.030262640590080991e+00 1.316706329002959473e+37 3.016365548474040902e+36 1.008675879087211099e+06 1.489996616493909016e+02
-7.017414113419363275e+00 1.352045755300002405e+37 3.045181295907536716e+36 1.008687381183438469e+06 1.519126422146887307e+02
-7.005552435846766457e+00 1.385543414937559967e+37 3.057666576399233444e+36 1.008698272812361829e+06 1.546427990874188936e+02
-6.993559749244013801e+00 1.418960859993747294e+37 3.084832418889450318e+36 1.008709542448105407e+06 1.574469138997647804e+02
-6.982299545721616596e+00 1.449798027975097018e+37 3.124210079406877331e+36 1.008720354524676804e+06 1.601217944578640697e+02
-6.971351889515062794e+00 1.479817273747012069e+37 3.156919210673136159e+36 1.008731088998402003e+06 1.627435973433950096e+02
-6.960552905424265191e+00 1.510326423522283459e+37 3.190494030927176303e+36 1.008741877722316538e+06 1.653571613346271931e+02
-6.949773551226826385e+00 1.541042225166693592e+37 3.223077081950240131e+36 1.008752864986344939e+06 1.679689773804082620e+02
-6.938896362291416153e+00 1.573525359189915156e+37 3.260184068097467507e+36 1.008764153367079329e+06 1.706107660586798715e+02
-6.927818284311797470e+00 1.607408877509478716e+37 3.301244421455512668e+36 1.008775858395326068e+06 1.733024963840185819e+02
-6.916557324235327542e+00 1.643836506430511987e+37 3.354020226169618546e+36 1.008787975925596198e+06 1.760268803823084909e+02
-6.904908459342550486e+00 1.681719830495652109e+37 3.403107676291271896e+36 1.008800743416415295e+06 1.788311502589438646e+02
-6.893553826870629564e+00 1.718387779076624047e+37 3.452035266693894920e+36 1.008813412045657751e+06 1.815468378249632337e+02
-6.882518745027482510e+00 1.753853954143575651e+37 3.491814376443197457e+36 1.008825933899683645e+06 1.841734555065795576e+02
-6.871809667063644156e+00 1.790903872875794686e+37 3.558152055042197462e+36 1.008838281463311170e+06 1.867091325900037475e+02
-6.861481121275573969e+00 1.825678291154493653e+37 3.615059497407298779e+36 1.008850374041506788e+06 1.891323459667889892e+02
-6.851433434465434402e+00 1.861120940650154561e+37 3.682624103267259263e+36 1.008862303496892448e+06 1.914782254922173479e+02
-6.841624858177965507e+00 1.895414066235689366e+37 3.734728687604426476e+36 1.008874100814858568e+06 1.937521980280647824e+02
-6.831975220120511949e+00 1.929957907246841781e+37 3.790284529663906756e+36 1.008885859773949254e+06 1.959607588783489689e+02
-6.822385906416457146e+00 1.965873376550307592e+37 3.868064740048009402e+36 1.008897683090826264e+06 1.981349229690897289e+02
-6.812811361305648461e+00 1.999723622658904441e+37 3.921658188189535670e+36 1.008909619857468526e+06 2.002810313748334750e+02
-6.803363235812867060e+00 2.035143790507261867e+37 3.985363597669695705e+36 1.008921528189257486e+06 2.023658097448962678e+02
-6.793856331001734361e+00 2.071532579883971813e+37 4.068699814340139543e+36 1.008933629702332197e+06 2.044320820637247209e+02
-6.784245856862980872e+00 2.107963006203085620e+37 4.141278661617651848e+36 1.008945981966852327e+06 2.064840043596693988e+02
-6.774560966849094257e+00 2.144730447939647760e+37 4.214132653027118481e+36 1.008958546380629181e+06 2.085048365990982120e+02
-6.764781229256186634e+00 2.182234978645555927e+37 4.293229536762618129e+36 1.008971346041984507e+06 2.104940583445479660e+02
-6.754758102237246931e+00 2.221674939780228536e+37 4.385620953346654891e+36 1.008984572657628916e+06 2.124816474672938114e+02
-6.744348568579880521e+00 2.263209828117201412e+37 4.470181454086662393e+36 1.008998417565927375e+06 2.144876857342692631e+02
-6.733540030953008682e+00 2.305787758617338637e+37 4.550347276518290079e+36 1.009012901240833104e+06 2.165061753113043039e+02
-6.722555293410550803e+00 2.351795411852596602e+37 4.637836496210838782e+36 1.009027729656585609e+06 2.184916576738398533e+02
-6.711584856733679771e+00 2.394325782794352793e+37 4.713685206805256365e+36 1.009042634184651426e+06 2.204110193657124626e+02
-6.700638592941686511e+00 2.440896108341399962e+37 4.815350773855482820e+36 1.009057592587143998e+06 2.222623702884908710e+02
-6.689652865228708833e+00 2.484692766024240362e+37 4.881685592371517514e+36 1.009072683499771170e+06 2.240525202821667392e+02
-6.678526344941928983e+00 2.534688992871268005e+37 4.982730356797917426e+36 1.009088037227113731e+06 2.258028598037067525e+02
-6.667168369953287765e+00 2.582804625050621447e+37 5.056552520785424040e+36 1.009103774981574388e+06 2.275264183056097522e+02
-6.655705373792443424e+00 2.635000951918071688e+37 5.150544142718184465e+36 1.009119712986167870e+06 2.291932813107188451e+02
-6.643941424525110051e+00 2.686580747376059275e+37 5.227802357909125804e+36 1.009136115679630195e+06 2.308370347119852966e+02
-6.632059040857711807e+00 2.744176477242598913e+37 5.327386386754810419e+36 1.009152724468706409e+06 2.324268304632273043e+02
-6.620418117905501276e+00 2.805161584841926176e+37 5.401685564449059771e+36 1.009169022646516445e+06 2.339136486789043090e+02
-6.608919199876254424e+00 2.861251774014130177e+37 5.454485841494712721e+36 1.009185144121104619e+06 2.353241247865018124e+02
-6.597615903883706778e+00 2.927008284155278320e+37 5.520408426023765125e+36 1.009200999131705496e+06 2.366501109083007464e+02
-6.586411105847219005e+00 2.986784437746215915e+37 5.572633537260124312e+36 1.009216720567089738e+06 2.379144538451849371e+02
-6.575366398232290521e+00 3.047580884797638394e+37 5.649265925140467718e+36 1.009232219220740371e+06 2.391156873186330358e+02
-6.564383684162748978e+00 3.104457498696439497e+37 5.698504298536758600e+36 1.009247618300857372e+06 2.402670870276434982e+02
-6.553720739466371015e+00 3.170005142115814555e+37 5.766071800519211664e+36 1.009262559018139029e+06 2.413484834150514757e+02
-6.543175953614991158e+00 3.227487706956628196e+37 5.809043546792019008e+36 1.009277315206083003e+06 2.423821324791161373e+02
-6.530864245723932981e+00 3.295319686495662472e+37 5.852261486954153767e+36 1.009294517989256652e+06 2.435539380074813778e+02
-6.518551434070104733e+00 3.369818024313716966e+37 5.875597132463400691e+36 1.009311685181873734e+06 2.446906426038226812e+02
-6.502659692690940574e+00 3.462418243029599965e+37 5.890808647012269481e+36 1.009333774048935156e+06 2.461170213786679710e+02
-6.486936809611506760e+00 3.549123345040207899e+37 5.955979655802999543e+36 1.009355534126764745e+06 2.474887210229185541e+02
-6.467904969031224027e+00 3.659257034200631744e+37 6.016917193139766873e+36 1.009381746193617233e+06 2.491060889601658062e+02
-6.448084798554191366e+00 3.776025463846546508e+37 6.093607168717799156e+36 1.009408875019760570e+06 2.507538659808515433e+02
-6.428449952451046556e+00 3.887687143013080743e+37 6.160019976481512037e+36 1.009435561214132933e+06 2.523640893136062573e+02
-6.408898906927788630e+00 4.005260553878184012e+37 6.193519019088070978e+36 1.009461935282453895e+06 2.539573795053756555e+02
-6.389424142194911838e+00 4.119777146531363053e+37 6.265528077758614135e+36 1.009487999216052005e+06 2.555510967750470570e+02
-6.370011743303621188e+00 4.239753889267306090e+37 6.281626229107818069e+36 1.009513765848250827e+06 2.571562714212740275e+02
-6.350685574754606932e+00 4.357935288920674745e+37 6.323800280837539185e+36 1.009539196546698804e+06 2.587855427687368319e+02
-6.331432555016363040e+00 4.473850170845516337e+37 6.362967893056382029e+36 1.009564309330605203e+06 2.604468782669607094e+02
-6.312192307435907423e+00 4.592739034304648962e+37 6.378195645992409885e+36 1.009589170567516121e+06 2.621532275132048539e+02
-6.292966825189068913e+00 4.711967764850671623e+37 6.376836597400487293e+36 1.009613780507683987e+06 2.639115892694446188e+02
-6.273696140066022053e+00 4.832869041849138560e+37 6.341462946976276027e+36 1.009638219446430681e+06 2.657235078090055822e+02
-6.254389503825223073e+00 4.954408818911313679e+37 6.290417299432419537e+36 1.009662465815069620e+06 2.675905199252795796e+02
-6.234987201605690643e+00 5.074967558933247999e+37 6.273586308627177727e+36 1.009686596385206911e+06 2.695207515768842654e+02
-6.215559990931069478e+00 5.195991863118352004e+37 6.237142192299610307e+36 1.009710515483034309e+06 2.715126253923588138e+02
-6.196109205891843885e+00 5.317057553594494668e+37 6.186263870145862225e+36 1.009734210820235428e+06 2.735710838814477484e+02
-6.176585098786745220e+00 5.437694486262237505e+37 6.137776817254080524e+36 1.009757749723145040e+06 2.756984530896735350e+02
-6.156995532073779032e+00 5.558003750761660233e+37 6.084913201320506025e+36 1.009781121562325628e+06 2.778926262773822486e+02
-6.137289765727473423e+00 5.678350068498941697e+37 6.020309190348154582e+36 1.009804373021306237e+06 2.801574612439474095e+02
-6.117479869193630293e+00 5.798409444905407808e+37 5.947622279616716772e+36 1.009827492733284016e+06 2.824896811449106053e+02
-6.097513041051570326e+00 5.918238428932537332e+37 5.867661641156103288e+36 1.009850525970758172e+06 2.848973730936350535e+02
-6.077403790754033253e+00 6.037586768515293228e+37 5.780839342650668576e+36 1.009873452071790933e+06 2.873728020401259755e+02
-6.057096252246992663e+00 6.156667153587520434e+37 5.688244564746502686e+36 1.009896335153680062e+06 2.899284626357145953e+02
-6.036605807166779414e+00 6.275162709963858815e+37 5.589651810556761789e+36 1.009919133381936816e+06 2.925649931767595717e+02
-6.015991002233931795e+00 6.392618667020576834e+37 5.486276309474670381e+36 1.009941779004858574e+06 2.952770299869845871e+02
-5.995204504841240123e+00 6.509127117519383537e+37 5.378186010855874623e+36 1.009964313480264624e+06 2.980635779020252585e+02
-5.974253625987330452e+00 6.624509678730804013e+37 5.266221459237258096e+36 1.009986719860507990e+06 3.009280124887375791e+02
-5.953087356203468516e+00 6.738912175383788877e+37 5.150847430385357551e+36 1.010009045403110445e+06 3.038799520991390182e+02
-5.931714551872573793e+00 6.852085657454957409e+37 5.032451839415919191e+36 1.010031258558820700e+06 3.069190201010512169e+02
-5.910079357854556292e+00 6.964261743901986232e+37 4.911956881371429345e+36 1.010053419052582583e+06 3.100513910381462779e+02
-5.888190589117584750e+00 7.075122508572728219e+37 4.789129093186704398e+36 1.010075486511463183e+06 3.132795670214323991e+02
-5.865986350574530661e+00 7.184958248877058948e+37 4.665702666991972663e+36 1.010097523365610512e+06 3.166163211249203187e+02
-5.843517843692097813e+00 7.293228226762467115e+37 4.541273179570748374e+36 1.010119444111585966e+06 3.200551018535281287e+02
-5.820819013082655147e+00 7.399839686466531577e+37 4.418926324398082165e+36 1.010141224432443269e+06 3.235917109381530281e+02
-5.797832740790909156e+00 7.504814749684896808e+37 4.298618116072933531e+36 1.010162891090289806e+06 3.272386516556932179e+02
-5.774557656201068312e+00 7.607983095691330315e+37 4.180212960401413910e+36 1.010184424690592568e+06 3.309935370219557171e+02
-5.750929229601752013e+00 7.709670538816774701e+37 4.065384920118481219e+36 1.010205890531842597e+06 3.348620350053151355e+02
-5.726943808607757092e+00 7.809432113263239530e+37 3.952386923905312582e+36 1.010227231067534885e+06 3.388518766726466538e+02
-5.702538996149087325e+00 7.907724148291159999e+37 3.844202537921626431e+36 1.010248527995902114e+06 3.429676373117020489e+02
-5.677812142937909812e+00 8.004054850850257348e+37 3.742157436088209914e+36 1.010269663879661355e+06 3.472034819932201231e+02
-5.652744621300371364e+00 8.098113052454504706e+37 3.645429103564342395e+36 1.010290613918341929e+06 3.515544710481788115e+02
-5.627263719739858061e+00 8.190301600243963504e+37 3.555721195587803262e+36 1.010311447907131282e+06 3.560395476001828570e+02
-5.601350468990858644e+00 8.280429720446685664e+37 3.472089156867648444e+36 1.010332143028963008e+06 3.606501240731517441e+02
-5.574930849950760603e+00 8.368647202347630734e+37 3.395161783328096690e+36 1.010352749566966435e+06 3.654014523570177175e+02
-5.548121574567630887e+00 8.454560457028448516e+37 3.326424779621076594e+36 1.010373167065082467e+06 3.702609925077679236e+02
-5.520884362456854433e+00 8.538160053814702680e+37 3.265330049383914887e+36 1.010393388705218676e+06 3.752465094613052088e+02
-5.493126270303037018e+00 8.619700900638186791e+37 3.212024556983274661e+36 1.010413476332398597e+06 3.803718500634263364e+02
-5.464807847747579217e+00 8.699218346845317960e+37 3.168453458634233871e+36 1.010433437366091181e+06 3.856292071452349433e+02
-5.436046533694025129e+00 8.776324653311468491e+37 3.132627829028735739e+36 1.010453165869952529e+06 3.910075527342404484e+02
-5.406750753143569455e+00 8.851157865782949236e+37 3.104186412806833643e+36 1.010472693663450074e+06 3.965046286986441828e+02
-5.376864201709395275e+00 8.923924402018727849e+37 3.083258830045676764e+36 1.010492064578010002e+06 4.021328932768417985e+02
-5.346416495012817904e+00 8.994301582344501244e+37 3.067175620877431701e+36 1.010511208548655268e+06 4.078963200246178076e+02
-5.315401470870710909e+00 9.062408818108626375e+37 3.058310288381483887e+36 1.010530131722513703e+06 4.137759043046185070e+02
-5.283740346581907943e+00 9.128355806720512872e+37 3.054111587532771482e+36 1.010548848543463624e+06 4.197785036389216202e+02
-5.251461484469473362e+00 9.192235795675353016e+37 3.053560592352036344e+36 1.010567313290328602e+06 4.259172855504431823e+02
-5.218546479503856972e+00 9.254009982638557888e+37 3.056579037761754165e+36 1.010585506904459093e+06 4.321909828178042403e+02
-5.184893404104514048e+00 9.314085087278730616e+37 3.064589068480294263e+36 1.010603517556462437e+06 4.385925963208313192e+02
-5.150619455700507388e+00 9.371938488898350804e+37 3.073180673518275922e+36 1.010621220880605048e+06 4.451106205551297421e+02
-5.115590838307980448e+00 9.428014692025196828e+37 3.083504796245671521e+36 1.010638727553469944e+06 4.517344727942755753e+02
-5.084547255741199479e+00 9.475278156563008820e+37 3.093619547192379165e+36 1.010653750953775016e+06 4.575573042746299279e+02
-5.057890173775376752e+00 9.514116901618598368e+37 3.101836755959130786e+36 1.010666287070140708e+06 4.625195273322068488e+02
-5.034867322829086334e+00 9.546665818893720607e+37 3.109594884881359835e+36 1.010676896354832570e+06 4.667670289812190845e+02
-5.014744969783350825e+00 9.574213892130864375e+37 3.117032838646366718e+36 1.010685953375794459e+06 4.704816269969776954e+02
-4.996635097428224981e+00 9.598432547155857621e+37 3.121864324405980094e+36 1.010693965395894833e+06 4.737803562311785868e+02
-4.978946351562626660e+00 9.621534502183148389e+37 3.127639210647783442e+36 1.010701658190497779e+06 4.770099776515598364e+02
-4.953806478821206838e+00 9.653594766858092921e+37 3.135833125346788987e+36 1.010712399597654585e+06 4.815414408611109707e+02
-4.919411009585019201e+00 9.695920578654218641e+37 3.144056174256287163e+36 1.010726689289629110e+06 4.877280390904651313e+02
-4.880124774586874992e+00 9.742491618787668572e+37 3.153603611237196695e+36 1.010742469435347710e+06 4.947270487884443355e+02
-4.840005640260642394e+00 9.788301893071116524e+37 3.160686539659048636e+36 1.010758045058442163e+06 5.017973157194455212e+02
-4.798845398792764172e+00 9.833748387421053706e+37 3.167337724508458161e+36 1.010773496295117540e+06 5.089540093329927686e+02
-4.756724977050907910e+00 9.878965181961553857e+37 3.173644255242702725e+36 1.010788795134376269e+06 5.161908412142289535e+02
-4.713572561391629279e+00 9.924229253819720823e+37 3.179596820042770958e+36 1.010804012369068107e+06 5.234912730284800091e+02
-4.669404724903870374e+00 9.969647198525700957e+37 3.183853532089567547e+36 1.010819123418866890e+06 5.308543224830833651e+02
-4.624219769058981910e+00 1.001550134969051990e+38 3.186913192336962183e+36 1.010834164098049980e+06 5.382785959693638915e+02
-4.577899393188999966e+00 1.006214588821340014e+38 3.188760463951067104e+36 1.010849195444636978e+06 5.457812649391104287e+02
-4.530531041469657794e+00 1.010985166089112009e+38 3.190964277722149458e+36 1.010864210269518197e+06 5.533409297743576190e+02
-4.482062491122633219e+00 1.015885383239187557e+38 3.193269021070371782e+36 1.010879257795234211e+06 5.609707495549509986e+02
-4.432409288041526452e+00 1.020955210514116287e+38 3.195224990746263382e+36 1.010894412069019745e+06 5.686785236807918409e+02
-4.381609415111597627e+00 1.026215951214397113e+38 3.196570352227234646e+36 1.010909693991759908e+06 5.764668753852035934e+02
-4.329654771281639114e+00 1.031685315075135082e+38 3.196370954363567729e+36 1.010925151896842639e+06 5.843462291899340926e+02
-4.276477646199055016e+00 1.037392365465488380e+38 3.194242500637109278e+36 1.010940853381589870e+06 5.923367242947399518e+02
-4.222014271217631176e+00 1.043394339335123485e+38 3.194474484310831720e+36 1.010956868338113069e+06 6.004636923119168159e+02
-4.166178788291290402e+00 1.049737390120805001e+38 3.197036334265873103e+36 1.010973282771551283e+06 6.087644275430615153e+02
-4.109163071669172496e+00 1.056420788064615762e+38 3.201322834336261087e+36 1.010990093743272941e+06 6.172346981427065202e+02
-4.050805776991182938e+00 1.063481598322465949e+38 3.208785260111751970e+36 1.011007447006117320e+06 6.258999781796441084e+02
-3.991025769413681701e+00 1.070965630902671318e+38 3.216950564836412887e+36 1.011025427253059577e+06 6.348063314805971231e+02
-3.929827755579026416e+00 1.078926335328514992e+38 3.229096064604296054e+36 1.011044090935329325e+06 6.440141552749485072e+02
-3.867287632223451510e+00 1.087367625971857791e+38 3.244454373856536247e+36 1.011063495507271728e+06 6.535353977523816411e+02
-3.803282010514521971e+00 1.096322255522851107e+38 3.263444260701614146e+36 1.011083790370329050e+06 6.633978683837154904e+02
-3.737757143011549488e+00 1.105810986891125276e+38 3.286055069171472360e+36 1.011105072328922106e+06 6.736550339429879841e+02
-3.670831483264919370e+00 1.115837552246398619e+38 3.313147170444964464e+36 1.011127373325567343e+06 6.843457197562154306e+02
-3.602332816895795986e+00 1.126433172734049579e+38 3.342953258804166508e+36 1.011150834569832543e+06 6.955491677745305878e+02
-3.532369770953664556e+00 1.137614218485130070e+38 3.380625947571078573e+36 1.011175411383790546e+06 7.073961184723119686e+02
-3.460861046012723818e+00 1.149376947930562437e+38 3.420593826723046973e+36 1.011201257649793057e+06 7.198915453776818367e+02
-3.387739779514959082e+00 1.161755773145997346e+38 3.462204151389112153e+36 1.011228535131460871e+06 7.330367700243256195e+02
-3.313161793892504647e+00 1.174774698934011212e+38 3.512591405099950397e+36 1.011257142127188854e+06 7.469880029106570873e+02
-3.236886580940335989e+00 1.188379185395962703e+38 3.561855274490241282e+36 1.011287267382078338e+06 7.618240557171801584e+02
-3.159133021516026929e+00 1.202444993840608836e+38 3.600665501401038232e+36 1.011318884907620144e+06 7.775786959430751040e+02
-3.079688024998176843e+00 1.217059532159713533e+38 3.644125048696011661e+36 1.011352092735155486e+06 7.943956234716488325e+02
-2.998775746062165126e+00 1.232118929820919254e+38 3.688033931383498735e+36 1.011386895300628035e+06 8.122664204179897069e+02
-2.916242015460738912e+00 1.247595077300121679e+38 3.738816103945545576e+36 1.011423279311238788e+06 8.314006796833305089e+02
-2.832124711305368692e+00 1.263472378188540978e+38 3.792170540135629749e+36 1.011461195942765800e+06 8.518686341113111666e+02
-2.746475156425731257e+00 1.279700270034499647e+38 3.843555837162763809e+36 1.011500709155827411e+06 8.736563045988116301e+02
-2.659152124222600833e+00 1.296237397772305910e+38 3.896187056676728432e+36 1.011541841399088618e+06 8.969298285396492929e+02
-2.570397415518527851e+00 1.312987295084351430e+38 3.948874313160917014e+36 1.011584529459273675e+06 9.216178566573951230e+02
-2.480101076798746362e+00 1.329910371374697024e+38 4.002696213066425734e+36 1.011628654286702978e+06 9.479632793887424214e+02
-2.388154803018551320e+00 1.346933018393905847e+38 4.054194695567119911e+36 1.011674305707374238e+06 9.759960719951293413e+02
-2.294805882411310449e+00 1.363894137352092561e+38 4.101072077871480340e+36 1.011721190750105539e+06 1.005841850720796515e+03
-2.199979599361540750e+00 1.380825994799503780e+38 4.157768753913480884e+36 1.011769308972308529e+06 1.037542779476217902e+03
-2.103627255215542391e+00 1.397471183305365198e+38 4.197910830343868374e+36 1.011818784441633848e+06 1.070981492874767582e+03
-2.005798404628876597e+00 1.413965528603249204e+38 4.246982635633964750e+36 1.011869372121440712e+06 1.106335390131927397e+03
-1.906583134288666770e+00 1.430113704023358988e+38 4.292072928055081781e+36 1.011920830158619909e+06 1.143698890419739200e+03
-1.805968958098674193e+00 1.445799670360563122e+38 4.340889150860834717e+36 1.011973090703327674e+06 1.183062498975525386e+03
-1.703915990103268996e+00 1.461050774508591072e+38 4.394780874966944153e+36 1.012025975497334846e+06 1.224498856866089454e+03
-1.600423099764157087e+00 1.475709244607598480e+38 4.452259457827854021e+36 1.012079105977753643e+06 1.268207092893701429e+03
-1.495474878960521892e+00 1.489706279847649690e+38 4.503111194065966830e+36 1.012132735208951286e+06 1.313906440754111827e+03
-1.389097116072662175e+00 1.503081758796655686e+38 4.566548460805959273e+36 1.012186485715351184e+06 1.361716505250130922e+03
-1.281364287569886073e+00 1.515722509188403379e+38 4.638971088282599684e+36 1.012240217140892637e+06 1.411569098932555789e+03
-1.172241903521353379e+00 1.527435280649644400e+38 4.694130669864677034e+36 1.012293473681901582e+06 1.463615885829871786e+03
-1.061726755724521354e+00 1.538306669088034249e+38 4.761488919167207735e+36 1.012346127652412630e+06 1.517775690816032238e+03
-9.497898417757824063e-01 1.548182635611255002e+38 4.821093017438675748e+36 1.012398341181006632e+06 1.573714115072365985e+03
-8.364189314597751945e-01 1.557035415431925963e+38 4.879831989529687764e+36 1.012449772659045877e+06 1.631417340209760823e+03
-7.215785067528486252e-01 1.564820001905856612e+38 4.929694085166781148e+36 1.012500211195636424e+06 1.690772431790446035e+03
-6.052463034284301102e-01 1.571537915389337241e+38 4.972147808192529052e+36 1.012549293667215621e+06 1.751750346996752114e+03
-4.873701355536468327e-01 1.577072555894235640e+38 5.008070581162782624e+36 1.012596868491404923e+06 1.814149924232836383e+03
-3.679164749919436872e-01 1.581437860830094931e+38 5.037489511392975023e+36 1.012642579995142180e+06 1.877894477317163592e+03
-2.468956315133254975e-01 1.584517564911780753e+38 5.057877018695666108e+36 1.012686184381104889e+06 1.942665387123298615e+03
-1.242759893648326397e-01 1.586484466900822905e+38 5.073633626866248390e+36 1.012727387958916021e+06 2.008281677048001484e+03
0.000000000000000000e+00 1.587257356095781427e+38 5.083672098984409353e+36 1.012765825827469933e+06 2.074576271033442936e+03
1.260243796568829566e-01 1.586512480332395168e+38 5.084898576346412258e+36 1.012801255340678734e+06 2.141039458981443659e+03
2.538832929567433894e-01 1.584482427432962441e+38 5.077145277062895919e+36 1.012833337816482759e+06 2.207277480583789384e+03
3.837116750946734101e-01 1.581092223893639537e+38 5.036583132327481001e+36 1.012861675521902274e+06 2.273010076842194394e+03
5.154367323266342282e-01 1.576550198829734294e+38 4.999203497966671603e+36 1.012885925673040445e+06 2.337575489171570098e+03
6.491780572105199099e-01 1.570568549102799664e+38 4.939090969745250053e+36 1.012905777202243218e+06 2.400795293308744931e+03
7.850976428017020226e-01 1.563262330998634105e+38 4.874749001137521485e+36 1.012920772116461303e+06 2.462231884370614353e+03
9.232259910786524415e-01 1.554727680602627496e+38 4.798282720619012211e+36 1.012930716538909939e+06 2.521236554133507980e+03
1.063647432194557041e+00 1.544901563349140572e+38 4.717580964912233291e+36 1.012935161207708647e+06 2.577285557857092954e+03
1.206574423151323572e+00 1.533785738222600126e+38 4.639723576026299153e+36 1.012933894312762073e+06 2.630016791854058738e+03
1.351998500787885860e+00 1.521486003535313619e+38 4.566228286753717147e+36 1.012926527062575333e+06 2.678701292787684451e+03
1.500134715141030028e+00 1.508017505610206963e+38 4.491235411696157212e+36 1.012912748962250422e+06 2.722455479636726523e+03
1.635120644408743829e+00 1.495021502593224446e+38 4.413111070042573986e+36 1.012894810323648504e+06 2.757286566726658293e+03
1.757089456077665091e+00 1.482757233108848047e+38 4.347261187820658653e+36 1.012874218473968329e+06 2.784168587922045845e+03
1.866575827967608348e+00 1.471398026643732647e+38 4.289654171059723241e+36 1.012852297329284484e+06 2.804504315945804137e+03
1.965021200216142461e+00 1.460884835969488033e+38 4.231704538383781547e+36 1.012829668367626262e+06 2.819211954954085741e+03
2.053097081283340231e+00 1.451255909200591143e+38 4.184889101492973900e+36 1.012807270334605942e+06 2.829476860494142784e+03
2.131608270574361086e+00 1.442555843575091867e+38 4.142933600905341856e+36 1.012785486591516761e+06 2.836119813741775033e+03
2.201328625204041600e+00 1.434707612724288997e+38 4.106968343876813870e+36 1.012764700066676945e+06 2.839947305457108087e+03
2.262991134484764189e+00 1.427715921941081988e+38 4.072942468603168572e+36 1.012745266940876609e+06 2.841573079529477127e+03
2.317479510558769107e+00 1.421489650612138444e+38 4.043671451266030244e+36 1.012727257817705395e+06 2.841815862649565588e+03
2.365758958476362750e+00 1.415938881447208148e+38 4.018101496360876417e+36 1.012710580961069441e+06 2.840781844524793996e+03
2.409012681484455243e+00 1.410945018153968223e+38 3.996156273696230974e+36 1.012695286733512883e+06 2.839378130561646230e+03
2.448913332598749548e+00 1.406299153590742071e+38 3.977361730182326737e+36 1.012680641382251401e+06 2.837046011479240860e+03
2.488162593770539388e+00 1.401712263258310985e+38 3.959224773324631725e+36 1.012665882880738820e+06 2.834176260074286802e+03
2.537441548163769767e+00 1.395938482474118413e+38 3.935168119394841453e+36 1.012646877604445675e+06 2.829725189777927881e+03
2.620479142497060820e+00 1.386111783344701778e+38 3.893744491812824319e+36 1.012613481983038364e+06 2.819931828364453850e+03
2.712768476631026715e+00 1.375135265836641601e+38 3.842637220308683638e+36 1.012574471765996539e+06 2.805293494868926700e+03
2.819766129221534356e+00 1.362359463628437875e+38 3.789791353523995536e+36 1.012527098732190905e+06 2.784461100562119100e+03
2.950168079638388008e+00 1.346647121934774209e+38 3.730149684436913846e+36 1.012466121691528824e+06 2.752087074797526839e+03
3.112109794456046075e+00 1.327099091543412007e+38 3.657901585133000011e+36 1.012386495604825206e+06 2.703786978501405883e+03
3.294031917524989694e+00 1.305225286497475295e+38 3.581758122945930927e+36 1.012292350726988865e+06 2.638006699303850382e+03
3.481003669061465189e+00 1.282807567717961744e+38 3.513467820601720280e+36 1.012191213716978673e+06 2.558109114617585874e+03
3.673593559768050909e+00 1.260026420549108362e+38 3.448376134755507662e+36 1.012083807084422209e+06 2.464474199561854221e+03
3.870207051251782104e+00 1.237049916701487111e+38 3.383970935617585893e+36 1.011971768172480399e+06 2.357797296712612479e+03
4.044048512238077819e+00 1.217194788964054680e+38 3.323686401576045095e+36 1.011871736569300760e+06 2.255481437491169800e+03
4.199836699670413509e+00 1.199752606411174163e+38 3.267912515691366890e+36 1.011782195801065885e+06 2.158481446192452495e+03
4.339771299011772498e+00 1.184338687584634922e+38 3.215823621171613603e+36 9.930752028795132646e+05 9.880459390279614308e+04
4.465149073133943602e+00 1.170835181414806591e+38 3.176444120378067989e+36 9.825984237250423757e+05 1.538501151051963679e+05
4.576764584955526516e+00 1.159012977952051500e+38 3.143246611735342947e+36 9.825368302548554493e+05 1.538374979890621908e+05
4.676240351196611300e+00 1.148689352284335438e+38 3.116520825964839591e+36 9.824826702381413197e+05 1.538264114345944545e+05
4.764435207733185962e+00 1.139642910792874390e+38 3.094417173085984651e+36 9.824351962674774695e+05 1.538167040632760036e+05
4.842384937102906406e+00 1.131788396472378621e+38 3.076566670333763360e+36 9.823937489405858796e+05 1.538082345140385733e+05
4.911164212040603161e+00 1.124956891014145311e+38 3.058084875453009952e+36 9.823577524258319754e+05 1.538008852768556681e+05
4.971935060282703489e+00 1.118981013799883027e+38 3.043015130553016399e+36 9.823261588555016788e+05 1.537944407087991422e+05
5.026055064314277843e+00 1.113725216449266193e+38 3.029473902481114184e+36 9.822984622023835545e+05 1.537887973444459203e+05
5.075685458519728854e+00 1.108960882274726997e+38 3.018711753935914582e+36 9.822732640898732934e+05 1.537836668955821369e+05
5.124603218166157603e+00 1.104294121698139270e+38 3.010029372904247856e+36 9.822487218929015798e+05 1.537786750278745603e+05
5.189208779251202941e+00 1.098160857179949532e+38 2.998962659292300561e+36 9.822166834960919805e+05 1.537721688827310863e+05
5.287097933789482340e+00 1.089016575750504491e+38 2.982345116195341013e+36 9.821689979104186641e+05 1.537625022810986848e+05
5.415708468237426132e+00 1.077381192715952473e+38 2.961705947560699399e+36 9.821085510174346855e+05 1.537502827413493942e+05
5.564467359479749575e+00 1.064305175821779071e+38 2.940102226102949343e+36 9.820411553931784583e+05 1.537367129154333088e+05
5.748321784863946959e+00 1.048724596662399272e+38 2.914026129162321908e+36 9.819625726612613071e+05 1.537209723899164237e+05
5.960756841930560768e+00 1.031676207651424627e+38 2.886973189923266632e+36 9.818783918614404975e+05 1.537042146259833826e+05
6.196936488209757954e+00 1.013646447792859898e+38 2.855196199724451968e+36 9.817941570408093976e+05 1.536875724638504034e+05
6.464931483526015654e+00 9.944306177221441620e+37 2.828017158653958212e+36 9.817101134005759377e+05 1.536710927695051068e+05
6.753725557093275711e+00 9.749797470970614319e+37 2.797133914718249321e+36 9.816330778906831983e+05 1.536561007090297644e+05
7.054956958047114313e+00 9.560720420993732083e+37 2.775697207247256297e+36 9.815656286126486957e+05 1.536430497338852438e+05
7.369511488097487018e+00 9.378174317954886224e+37 2.750585221219188001e+36 9.815051016282879282e+05 1.536313813206013292e+05
7.698145060858223587e+00 9.205339703712510007e+37 2.742560305088701567e+36 9.814502712104601087e+05 1.536208326161073055e+05
8.041839907440589741e+00 9.040218075648485345e+37 2.737295446656468535e+36 9.813997863530693576e+05 1.536111313730759139e+05
8.401575831259833649e+00 8.884021829993808536e+37 2.745751416818682478e+36 9.813530174063834129e+05 1.536021490257302939e+05
8.778458662593038753e+00 8.736270342739969346e+37 2.746582511562890996e+36 9.813091757245813496e+05 1.535937298443134641e+05
9.173806456645252183e+00 8.596797201437118073e+37 2.753287848960823205e+36 9.812680417295008665e+05 1.535858292550260085e+05
9.589124728372553363e+00 8.463545918703279677e+37 2.746694696198060767e+36 9.812290000007762574e+05 1.535783278482905298e+05
1.002571842377074063e+01 8.335772956162261432e+37 2.743824485060880994e+36 9.811917260309937410e+05 1.535711623411516193e+05
1.048524468205869198e+01 8.214291119516897591e+37 2.744542784227861728e+36 9.811559655084884726e+05 1.535642827832748881e+05
1.096955815606634133e+01 8.099714988787248357e+37 2.737279920453310051e+36 9.811215729370401241e+05 1.535576603277922550e+05
1.148032719566253945e+01 7.987973754974489753e+37 2.706819149720736863e+36 9.810881290972023271e+05 1.535512144714845053e+05
1.198534041011589579e+01 7.884171808873898309e+37 2.620947171553068874e+36 9.810572414026536280e+05 1.535452563365593378e+05
1.243446451323688962e+01 7.795995455354218839e+37 2.508847451007267008e+36 9.810311741192906629e+05 1.535402245584674820e+05
1.283234189325594343e+01 7.721359630207354883e+37 2.410208285261431473e+36 9.810090637499529403e+05 1.535359542153116490e+05
1.318505442357854918e+01 7.658512379116564524e+37 2.346315954929481695e+36 9.809901613701562164e+05 1.535323017406727304e+05
1.349814593754126690e+01 7.603305966860311887e+37 2.302821128078322326e+36 9.809737848498745589e+05 1.535291361648790189e+05
1.377664963179267943e+01 7.552244828519970168e+37 2.266012020562877379e+36 9.809593519519488327e+05 1.535263462445642799e+05
1.402507021397468634e+01 7.508272981525821610e+37 2.238462864078714384e+36 9.809466262020048453e+05 1.535238859727972886e+05
1.424729678273433819e+01 7.469510274480019494e+37 2.204857180192646121e+36 9.809353947802599287e+05 1.535217142424843041e+05
1.444635750044835731e+01 7.435113242246198697e+37 2.177497358096662896e+36 9.809254430725477869e+05 1.535197896133055619e+05
1.462534002793836407e+01 7.404380468051062406e+37 2.150784479626635205e+36 9.809165710940435529e+05 1.535180735282506212e+05
1.478582337647094391e+01 7.376187177894646287e+37 2.109165488755713361e+36 9.809086648795687361e+05 1.535165441062127647e+05
1.493000424522324465e+01 7.350789353997302510e+37 2.077489125386328462e+36 9.809015776559873484e+05 1.535151731105686340e+05
1.505923415606957860e+01 7.328087086917134723e+37 2.046041433934757227e+36 9.808952560865901178e+05 1.535139501425486233e+05
1.517487322090892121e+01 7.308028797955256159e+37 2.019462373229872171e+36 9.808896166759290500e+05 1.535128591434762930e+05
1.527830765143153258e+01 7.290301226847714019e+37 1.997663229490182173e+36 9.808846001885442529e+05 1.535118885723569256e+05
1.537108581454958767e+01 7.274393353485384204e+37 1.978347388466580909e+36 9.808801255243928172e+05 1.535110227739913098e+05
1.545622623531380668e+01 7.259905543190134679e+37 1.963114525559311048e+36 9.808760370515568648e+05 1.535102316502722097e+05
1.553971796910627745e+01 7.245825240338936880e+37 1.949172792446151682e+36 9.808720450064141769e+05 1.535094591462033859e+05
1.565080657016369514e+01 7.226843493824249612e+37 1.930817812189210954e+36 9.808667505824033869e+05 1.535084345857602311e+05
1.581565602848422714e+01 7.197428605162617677e+37 1.900703926170145300e+36 9.808589096352807246e+05 1.535069172760985093e+05
1.600436383235501125e+01 7.163426491636483432e+37 1.861552429628008125e+36 9.808499389979342232e+05 1.535051814495695580e+05
1.621610030141891912e+01 7.126132282213717177e+37 1.825133267711059876e+36 9.808399186938393395e+05 1.535032423935453699e+05
1.640853307468933053e+01 7.092803560239430509e+37 1.801040880015444598e+36 9.808308768751586322e+05 1.535014924448286474e+05
1.658198729585274123e+01 7.062196874360534337e+37 1.773307982165945109e+36 9.808227709186739521e+05 1.534999234693009639e+05
1.673851289064623415e+01 7.033445642339328258e+37 1.746575388271779393e+36 9.808154463022777345e+05 1.534985057208710059e+05
1.687908856858848594e+01 7.007060053172742350e+37 1.717725038102551742e+36 9.808088499727406306e+05 1.534972289969917911e+05
1.700518597388872877e+01 6.983382986176435636e+37 1.699455412490290254e+36 9.808029216825264739e+05 1.534960816275745456e+05
1.711825053699431010e+01 6.961824076644097029e+37 1.685677026391443910e+36 9.807975944602251984e+05 1.534950506521858333e+05
1.721992467134259641e+01 6.942510073666898030e+37 1.674031350102657235e+36 9.807928109645314980e+05 1.534941248984626436e+05
1.731343900586944073e+01 6.925114798855131852e+37 1.666791259052349374e+36 9.807884119296846911e+05 1.534932735492835927e+05
1.740534068996203132e+01 6.908181599495309215e+37 1.662221909563250914e+36 9.807840997048686258e+05 1.534924389768038818e+05
1.752875015937024727e+01 6.885339153979726267e+37 1.659748323446860785e+36 9.807783249634283129e+05 1.534913213131121302e+05
1.771420625067548826e+01 6.851491223911743611e+37 1.651535983670106978e+36 9.807697086943407776e+05 1.534896535283100966e+05
1.791013387817656621e+01 6.816300663910373760e+37 1.639637871629386021e+36 9.807606889862525277e+05 1.534879074421193800e+05
1.809262974932789803e+01 6.783749402291166163e+37 1.624057960493109083e+36 9.807523609930354869e+05 1.534862950596422888e+05
1.825746258793515153e+01 6.753260228653783917e+37 1.603261075456824780e+36 9.807448568718582392e+05 1.534848422007879708e+05
1.840572728143888526e+01 6.725316269154725327e+37 1.586555437102751700e+36 9.807381170032110531e+05 1.534835373569192598e+05
1.853897862989106216e+01 6.699841941163504615e+37 1.567020713329697494e+36 9.807320529912635684e+05 1.534823634393304528e+05
1.865873286192072555e+01 6.676716717912698471e+37 1.547628252299979437e+36 9.807266089328537928e+05 1.534813095395113924e+05
1.876682723563862965e+01 6.656298781555372206e+37 1.532832479840850489e+36 9.807217087179798400e+05 1.534803608939237602e+05
1.886679651140002534e+01 6.637594396829256624e+37 1.520029436235700226e+36 9.807171928274581442e+05 1.534794866060517379e+05
1.896664013643749058e+01 6.619065528073150373e+37 1.508686188932230331e+36 9.807127004771952052e+05 1.534786168260072882e+05
1.911512425943510607e+01 6.591153558290968598e+37 1.498416912904559450e+36 9.807060430923133390e+05 1.534773277906644216e+05
1.930334034396219067e+01 6.555794065801469404e+37 1.493373149665106476e+36 9.806976418389916653e+05 1.534757010118166800e+05
1.950049913342809305e+01 6.518835008668280818e+37 1.500893275153293513e+36 9.806888856205686461e+05 1.534740054045498255e+05
1.967731673046364449e+01 6.485900198293147835e+37 1.509737426735171921e+36 9.806810693899485050e+05 1.534724916968313919e+05
1.983672793587902561e+01 6.456224713627328438e+37 1.519168931347454511e+36 9.806740538741991622e+05 1.534711329312841990e+05
1.998026360583025962e+01 6.429263938066761411e+37 1.526859259062570942e+36 9.806677578555961372e+05 1.534699134230536001e+05
2.010951815347652882e+01 6.404429093783047273e+37 1.530128640212803928e+36 9.806620866380195366e+05 1.534688149487045011e+05
2.022628991445526481e+01 6.382063286111116457e+37 1.535668731855568448e+36 9.806569767491059611e+05 1.534678251490005350e+05
2.033412605363992043e+01 6.361736176263722518e+37 1.539672278430180789e+36 9.806522697345397901e+05 1.534669133251095773e+05
2.044026578139164485e+01 6.341947177571648205e+37 1.544059845491926075e+36 9.806476471946769161e+05 1.534660178008497169e+05
2.058175267110345885e+01 6.315618213018441356e+37 1.548510643058372933e+36 9.806415155372171430e+05 1.534648297834963887e+05
2.078599204245256260e+01 6.277793196140903196e+37 1.550885170463070990e+36 9.806327036744069774e+05 1.534631223263376451e+05
2.099473525237408467e+01 6.238582466294629226e+37 1.554949047915593866e+36 9.806237375875280704e+05 1.534613848965631041e+05
2.119347902745357715e+01 6.200695091015951633e+37 1.556422420088933684e+36 9.806152275404504035e+05 1.534597358520028065e+05
2.137292418626020662e+01 6.167090529798023060e+37 1.555979265439123698e+36 9.806075895068456884e+05 1.534582556861541234e+05
2.153488497613579966e+01 6.136921304363527705e+37 1.559509665576605562e+36 9.806007461070341524e+05 1.534569293414952990e+05
2.168108509611920454e+01 6.109497041191681569e+37 1.562499547048332921e+36 9.805946061467664549e+05 1.534557392034845543e+05
2.181291330890962854e+01 6.085317314904064698e+37 1.564808250148892947e+36 9.805891061931822915e+05 1.534546729734037071e+05
2.193337145147961564e+01 6.063328120580953982e+37 1.563049382021536362e+36 9.805841083770979894e+05 1.534537039905460260e+05
2.204724680370418355e+01 6.042439886005405984e+37 1.560078184876589386e+36 9.805794072344059823e+05 1.534527924581166881e+05
2.216892973071662709e+01 6.019699043637286629e+37 1.562258356645837969e+36 9.805743901136859786e+05 1.534518196425758942e+05
2.239024678221903741e+01 5.976752966997384216e+37 1.544028874703972033e+36 9.805928787257818040e+05 1.534552699116375006e+05
2.258769134103204124e+01 5.932837902754872308e+37 1.433132546948246875e+36 9.806206154533396475e+05 1.534605067128048977e+05
2.276613159844418988e+01 5.893213561432793940e+37 1.366624337720463213e+36 9.806235157670901390e+05 1.534610567907062359e+05
2.292744955528178252e+01 5.862012495903861263e+37 1.365486159333172499e+36 9.806213701462283498e+05 1.534606388584511005e+05
2.307337495352840051e+01 5.835327043216999155e+37 1.363052058416429461e+36 9.806182299651345238e+05 1.534600297503497568e+05
2.320587994653033093e+01 5.812742218892634507e+37 1.369191881542900350e+36 9.806145820550444769e+05 1.534593225258306193e+05
2.332886988189420663e+01 5.791900644024795062e+37 1.383766764867569422e+36 9.806108468893095851e+05 1.534585983924168686e+05
2.345048089040210471e+01 5.771177165638894198e+37 1.403160813624786285e+36 9.806069052650317317e+05 1.534578341744630015e+05
2.361293679874506779e+01 5.743706435900383820e+37 1.426096721874781301e+36 9.806012324027960422e+05 1.534567340942768205e+05
2.382776291170739569e+01 5.707939119506556274e+37 1.454240652946768857e+36 9.805933990964549594e+05 1.534552146675796830e+05
2.405144326711888425e+01 5.670195609820596192e+37 1.476977112582869187e+36 9.805849369049572852e+05 1.534535728636547283e+05
2.427464634116040543e+01 5.632299320420460071e+37 1.503072753043277830e+36 9.805762786837379681e+05 1.534518925892850384e+05
2.447657667874591425e+01 5.598074588403717115e+37 1.522721421037370139e+36 9.805683606666144915e+05 1.534503556409663870e+05
2.465945078837103210e+01 5.566823291469980269e+37 1.549022000490231143e+36 9.805611253519252641e+05 1.534489511122215481e+05
2.482527163895429112e+01 5.538394953981867585e+37 1.565213478096201117e+36 9.805545414175936021e+05 1.534476729065250838e+05
2.497540266270516440e+01 5.513439531276846139e+37 1.572035727806818158e+36 9.805485829784149537e+05 1.534465159870264470e+05
2.511354077493888326e+01 5.490364480660918673e+37 1.581224774202253674e+36 9.805431096763189416e+05 1.534454531399597763e+05
2.524440165195846930e+01 5.468164767343144027e+37 1.592995187445376058e+36 9.805379243197910255e+05 1.534444461368908815e+05
2.538338468622532673e+01 5.444101987699726890e+37 1.600601254653725480e+36 9.805323921019476838e+05 1.534433717517519253e+05
2.559704911749577150e+01 5.406984095300596744e+37 1.615611881748423714e+36 9.805238798256958835e+05 1.534417185581794474e+05
2.578828126142616384e+01 5.374550981584042047e+37 1.625159914205081721e+36 9.805162758998732315e+05 1.534402416492778284e+05
2.596179838624084368e+01 5.344856165439801794e+37 1.633805297787240629e+36 9.805093908737500897e+05 1.534389042638599349e+05
2.611963351551094092e+01 5.318133271207409723e+37 1.637655964676455239e+36 9.805031362980852136e+05 1.534376891895348381e+05
2.626448099417029880e+01 5.293340239306285429e+37 1.634848373168663479e+36 9.804974032402513549e+05 1.534365753572145186e+05
2.640158569806953892e+01 5.269567005384838854e+37 1.634683543062677845e+36 9.804919819600482006e+05 1.534355220535660628e+05
2.654563706426415592e+01 5.245029694818273427e+37 1.638323544732973376e+36 9.804863022477662889e+05 1.534344184936847596e+05
2.676390068465843797e+01 5.207984060893530140e+37 1.646517374719146342e+36 9.804777496882402338e+05 1.534327565775667026e+05
2.695953183402889408e+01 5.175421164414203410e+37 1.657786200055468925e+36 9.804701487188455649e+05 1.534312793097396789e+05
2.713731108733918518e+01 5.146110119262109945e+37 1.659934080083653996e+36 9.804632960592972813e+05 1.534299472298226610e+05
2.729891269531799480e+01 5.119437538793430308e+37 1.656697133622463870e+36 9.804571085831091041e+05 1.534287442560756463e+05
2.744842045538825914e+01 5.094334026703578898e+37 1.651741708615313488e+36 9.804513985048097093e+05 1.534276340688374767e+05
2.759135703698848374e+01 5.070240170907667191e+37 1.645417327949052690e+36 9.804459455217603827e+05 1.534265738040145661e+05
2.774690547125646845e+01 5.044371117945836780e+37 1.641401051243822109e+36 9.804400410873512737e+05 1.534254256242493575e+05
2.797623629996087402e+01 5.006238282280591274e+37 1.636737242061853545e+36 9.804313727036344353e+05 1.534237397787372174e+05
2.818190963397501037e+01 4.973019822993310994e+37 1.632284708748287562e+36 9.804236656383827794e+05 1.534222405625395186e+05
2.836903112486470491e+01 4.943000978671472121e+37 1.635427326315014375e+36 9.804167107595552225e+05 1.534208874387577816e+05
2.853985375765478238e+01 4.915481673742799693e+37 1.638605059509989967e+36 9.804104029332412174e+05 1.534196600568220892e+05
2.869735451761516742e+01 4.890249647896004990e+37 1.633949848361557888e+36 9.804046234862765996e+05 1.534185353406128997e+05
2.884735216389526613e+01 4.866311508861704919e+37 1.629641867887608002e+36 9.803991414369505364e+05 1.534174683944942954e+05
2.900630187778733671e+01 4.840576138120164819e+37 1.620973300765885013e+36 9.803933442632205551e+05 1.534163400212426495e+05
2.920990564645035192e+01 4.807973719034732486e+37 1.610218408521316247e+36 9.803859490889437729e+05 1.534149004670554132e+05
2.939417796753696166e+01 4.778790436593488460e+37 1.604866502608787134e+36 9.803792915455214679e+05 1.534136043500832166e+05
2.956340411613928154e+01 4.751894052872412448e+37 1.595631418641099670e+36 9.803732146039314102e+05 1.534124211365079100e+05
2.972160429437644780e+01 4.726817015773964257e+37 1.589155039617972894e+36 9.803675532757359324e+05 1.534113187875461590e+05
2.987714325421256945e+01 4.701912242618909749e+37 1.585211953924315370e+36 9.803620055318649393e+05 1.534102384657804214e+05
3.006486734483041801e+01 4.671710162171891198e+37 1.578224452589999414e+36 9.803553254731689813e+05 1.534089375823492592e+05
3.033516364684328437e+01 4.628775759440202218e+37 1.566418122493667699e+36 9.803457723193801939e+05 1.534070769160693744e+05
3.057765602666768245e+01 4.590023965491896444e+37 1.563613416017142339e+36 9.803617022766391747e+05 1.534100353785479383e+05
3.079820609229500405e+01 4.549606411508793349e+37 1.603587222285838045e+36 9.803843984342915937e+05 1.534142940131709620e+05
3.099956931633641943e+01 4.516509510444462676e+37 1.628697051219903478e+36 9.803821239246770274e+05 1.534138367655185575e+05
3.118413978637545370e+01 4.489492588214600952e+37 1.626906436633638280e+36 9.803780892702245619e+05 1.534130442640994152e+05
3.135528379381867126e+01 4.465338138620239287e+37 1.614190380457856427e+36 9.803734311748216860e+05 1.534121332885522279e+05
3.151966630597598851e+01 4.441921447395392838e+37 1.600922347092890773e+36 9.803686091690707253e+05 1.534111914246651286e+05
3.169675860003917478e+01 4.416484076521529926e+37 1.579791994180132358e+36 9.803630728523184080e+05 1.534101110691642098e+05
3.194360210539889522e+01 4.380440750819219824e+37 1.556057080371257574e+36 9.803550498240616871e+05 1.534085462951226509e+05
3.216480354432133026e+01 4.348605915117364191e+37 1.535062994058303095e+36 9.803477174512858037e+05 1.534071165222303243e+05
3.236817256247741170e+01 4.320279477411172135e+37 1.521860480066692275e+36 9.803409597147353925e+05 1.534057986404540425e+05
3.255483738277689554e+01 4.295101810186378681e+37 1.509400581502857315e+36 9.803347863068941515e+05 1.534045944138422783e+05
3.273023849035962485e+01 4.271410028716056285e+37 1.496261684780405474e+36 9.803290058381734416e+05 1.534034666508735390e+05
3.290243086603004485e+01 4.247577365104830138e+37 1.482995472076266531e+36 9.803233297889925307e+05 1.534023592371435370e+05
3.310544640026637353e+01 4.219379778388918196e+37 1.475886923220344586e+36 9.803166358966185944e+05 1.534010532238067244e+05
3.337275938325910829e+01 4.182255981811811254e+37 1.474023845552840976e+36 9.803078367937552975e+05 1.533993363424698473e+05
3.361236251945956610e+01 4.149254654563025793e+37 1.464401328772414912e+36 9.802999784806024982e+05 1.533978027350394113e+05
3.383249365616939031e+01 4.118053506294703312e+37 1.452234614414596077e+36 9.802927538616831880e+05 1.533963927830446046e+05
3.403484841491444968e+01 4.090117587139211140e+37 1.442795929413186989e+36 9.802861382199769141e+05 1.533951015429464169e+05
3.422279659414198250e+01 4.065195611594531963e+37 1.437601888431296879e+36 9.802800599228219362e+05 1.533939148510891828e+05
3.440304486019886099e+01 4.041993887570680275e+37 1.433328208061537069e+36 9.802743184706913307e+05 1.533927934501839336e+05
3.459288029794697650e+01 4.017937216110965284e+37 1.429737281360124383e+36 9.802683481761644362e+05 1.533916269096627657e+05
3.489258533416432329e+01 3.978628688941494238e+37 1.427868030717287347e+36 9.802589805968115106e+05 1.533897962460412818e+05
3.514998078544158489e+01 3.943801541085439656e+37 1.423785887473783551e+36 9.802509238591006724e+05 1.533882218264726398e+05
3.539638735406333581e+01 3.912107730278380869e+37 1.420283807722341285e+36 9.802432741677880986e+05 1.533867265658249962e+05
3.562191625294508412e+01 3.883942760351503587e+37 1.417292380161744248e+36 9.802363670068552019e+05 1.533853758664565103e+05
3.582992340164491907e+01 3.857890698757968723e+37 1.414747541192049370e+36 9.802300584979219129e+05 1.533841418632517452e+05
3.602451682288665324e+01 3.833282537558750889e+37 1.416616551566381609e+36 9.802241864012428559e+05 1.533829930592842866e+05
3.621402199863223359e+01 3.808905891211094933e+37 1.416561471298298197e+36 9.802184791222588392e+05 1.533818764380022476e+05
3.642341032432159409e+01 3.778791783228266761e+37 1.390499729275214601e+36 9.802374252844208386e+05 1.533854212177699665e+05
3.669282159261638299e+01 3.743143269883516110e+37 1.387914101188475640e+36 9.802318453426870983e+05 1.533843200888498395e+05
3.693582881527254358e+01 3.713985877821088029e+37 1.389917717075573157e+36 9.802257077727527358e+05 1.533831151954952802e+05
3.716000544198323041e+01 3.687586477402797779e+37 1.396324329451477346e+36 9.802196096661861520e+05 1.533819197580237233e+05
3.736759387934580445e+01 3.663273509247819500e+37 1.398794898899694728e+36 9.802138214920123573e+05 1.533807855001321295e+05
3.756536274481914006e+01 3.639862728047506367e+37 1.403614399994849176e+36 9.802082445312977070e+05 1.533796928133774491e+05
3.776571146430796944e+01 3.616181501869371107e+37 1.409841784094568114e+36 9.802025548184318468e+05 1.533785781111718679e+05
3.801196214035735466e+01 3.586829706018029532e+37 1.411723771929595516e+36 9.801955233483087504e+05 1.533772006393533957e+05
3.823738051007967442e+01 3.560195881897569895e+37 1.420696551578321764e+36 9.801890822698357515e+05 1.533759387498198776e+05
3.844709500225144438e+01 3.535933142668351722e+37 1.425881205469849836e+36 9.801831051256719511e+05 1.533747675609574071e+05
3.864849948583287187e+01 3.512573494654488061e+37 1.426078288441442476e+36 9.801773916071436834e+05 1.533736478399487678e+05
3.885662627927376889e+01 3.489049531060087467e+37 1.426925783837460090e+36 9.801715329740002053e+05 1.533724993751704169e+05
3.916385537714813836e+01 3.454338363400021774e+37 1.434566335396483160e+36 9.801629538813895779e+05 1.533708171835801040e+05
3.943734382485854439e+01 3.423198659061286102e+37 1.439961345125935629e+36 9.801553588342465227e+05 1.533693276528317947e+05
3.972823118482483551e+01 3.389907472514459559e+37 1.439865925262184762e+36 9.801473092534438474e+05 1.533677488125920354e+05
3.999277512574917637e+01 3.359931963196695066e+37 1.443151646996235197e+36 9.801400223758682841e+05 1.533663193193642946e+05
4.023590408824384212e+01 3.332607403542984978e+37 1.448450225193684074e+36 9.801333558151620673e+05 1.533650112804814999e+05
4.046147148346062750e+01 3.307455755652957003e+37 1.455613633883022037e+36 9.801272095915698446e+05 1.533638050745477085e+05
4.067503092612605542e+01 3.283876540304176246e+37 1.466522220954694342e+36 9.801214278649593471e+05 1.533626701486925886e+05
4.088749060884583741e+01 3.259172192106133277e+37 1.496376373971568760e+36 9.801372511089914478e+05 1.533656123984465667e+05
4.113440527277998626e+01 3.230402259353231522e+37 1.526275730280013611e+36 9.801325942438876955e+05 1.533646873628837347e+05
4.143417308208881877e+01 3.197279598680087132e+37 1.526743146617197879e+36 9.801255029791069683e+05 1.533632902135027689e+05
4.170700783588108607e+01 3.168009926274672290e+37 1.525387494464558523e+36 9.801186024107903941e+05 1.533619332369038311e+05
4.195788223456474952e+01 3.141856939309507538e+37 1.518530497680163650e+36 9.801121368959945394e+05 1.533606623603610205e+05
4.219084867904894054e+01 3.117447103336961159e+37 1.511671134666853187e+36 9.801060943300852086e+05 1.533594747552645276e+05
4.241179471876239404e+01 3.094596280120651218e+37 1.505816664542293550e+36 9.801003588445230853e+05 1.533583474643149821e+05
4.263197407915140502e+01 3.071626267502423845e+37 1.501792413406060733e+36 9.800946317888590274e+05 1.533572218718704826e+05
4.288640217849751934e+01 3.045154802220980551e+37 1.495315326700150845e+36 9.800880095135731390e+05 1.533559202895550115e+05
4.321687091939384118e+01 3.011181320790636930e+37 1.489458086017551397e+36 9.800794357423641486e+05 1.533542349062441208e+05
4.353829333151225001e+01 2.978238952305825271e+37 1.479518086529626809e+36 9.800711413959183265e+05 1.533526041452485370e+05
4.383397145479102619e+01 2.948364912112805694e+37 1.469693201714756345e+36 9.800635698329531588e+05 1.533511150825875229e+05
4.410450057603884488e+01 2.920756001945649888e+37 1.463659499434220229e+36 9.800566691730647581e+05 1.533497577537397738e+05
4.435461752783157863e+01 2.895437313024782387e+37 1.462588929957410959e+36 9.800503202915032161e+05 1.533485087217996770e+05
4.458921575508429669e+01 2.871851545378937401e+37 1.458995049596617479e+36 9.800444019835935906e+05 1.533473441552158329e+05
4.481808201223611832e+01 2.848898931450446680e+37 1.453106599272996165e+36 9.800386624342632713e+05 1.533462145452123659e+05
4.506056427079602145e+01 2.825375056414720743e+37 1.445802532983575816e+36 9.800326548158528749e+05 1.533450316479514295e+05
4.535058144360664301e+01 2.797267340426877122e+37 1.435180677837373505e+36 9.800255341196835507e+05 1.533436291201345448e+05
4.561576678004348651e+01 2.772201535627028460e+37 1.424912599472346431e+36 9.800190861176603939e+05 1.533423585876569850e+05
4.586199588811723515e+01 2.748825466646204438e+37 1.414761698366242087e+36 9.800131378489645431e+05 1.533411862154548871e+05
4.609705029355245642e+01 2.727032052943681333e+37 1.399714176430600179e+36 9.800075141258961521e+05 1.533400774096806708e+05
4.633394216356100515e+01 2.705440823391072037e+37 1.388169721312334288e+36 9.800019031324178213e+05 1.533389706733615312e+05
4.660984700988046825e+01 2.680099477899817035e+37 1.376209379437138043e+36 9.799954189944907557e+05 1.533376913454346359e+05
4.688025513564934954e+01 2.655202004585205385e+37 1.366868808850241865e+36 9.799890993382224115e+05 1.533364442497159471e+05
4.713158932942315005e+01 2.632251939692045815e+37 1.358848438480835895e+36 9.799832586655152263e+05 1.533352914359518327e+05
4.737133417651057243e+01 2.610483649910944400e+37 1.350792403880752213e+36 9.799777151943506906e+05 1.533341970576217282e+05
4.761249151389347389e+01 2.588706524395823594e+37 1.342986102826314475e+36 9.799721654469313798e+05 1.533331011989326798e+05
4.789171942838584073e+01 2.563629318895972762e+37 1.332718538262922167e+36 9.799657849068847718e+05 1.533318409180448216e+05
4.816992248143651523e+01 2.539274384395594547e+37 1.320185595241932756e+36 9.799594925926857395e+05 1.533305975619473320e+05
4.842779831096413545e+01 2.516732266871298138e+37 1.311193252452579169e+36 9.799537102766534081e+05 1.533294545956441143e+05
4.867284755909349769e+01 2.495740960666744676e+37 1.304963631516342960e+36 9.799482720297987107e+05 1.533283792018732347e+05
4.891737480758456513e+01 2.474839546171003741e+37 1.301885719802146339e+36 9.799428805320732063e+05 1.533273127705631778e+05
4.919216405777842738e+01 2.451221119954180056e+37 1.301071389976578567e+36 9.799368506228453480e+05 1.533261198270391033e+05
4.948240003307000734e+01 2.426474736012249889e+37 1.296527989613137348e+36 9.799305172190818703e+05 1.533248665659086837e+05
4.974981083709280938e+01 2.403789093790603659e+37 1.291514507796454018e+36 9.799247149487631395e+05 1.533237181486995250e+05
5.000217970079393126e+01 2.382452539445573551e+37 1.286090529973969380e+36 9.799192696708010044e+05 1.533226401712847874e+05
5.025002162726013921e+01 2.362050738855335808e+37 1.279634619560481934e+36 9.799139756448728731e+05 1.533215916779643157e+05
5.051691306056454778e+01 2.340163191217746701e+37 1.273855227140011631e+36 9.799083192527676001e+05 1.533204710191846534e+05
5.082479957945179194e+01 2.314789203833406401e+37 1.266045912975090679e+36 9.799018324788991595e+05 1.533191855114739446e+05
5.110625006465124898e+01 2.292063416563208014e+37 1.255520636633431245e+36 9.798959438163628802e+05 1.533180181661405077e+05
5.136903418265865184e+01 2.270973302740528603e+37 1.244664462846661448e+36 9.798904845772364642e+05 1.533169356070672220e+05
5.162253100890666246e+01 2.250909427351508878e+37 1.234995104490226313e+36 9.798852561398358084e+05 1.533158984814524010e+05
5.188319796722498722e+01 2.230546901916832719e+37 1.228281752942498922e+36 9.798799295157977613e+05 1.533148414239042904e+05
5.219980824342928827e+01 2.205696119082665068e+37 1.222764332752564099e+36 9.798734982731171185e+05 1.533135648180414864e+05
5.250212269238545559e+01 2.182012903937916099e+37 1.218094731536607480e+36 9.798673906022978481e+05 1.533123521515487810e+05
5.278054013286600821e+01 2.160892390066037340e+37 1.208697215814024308e+36 9.798618268721947679e+05 1.533112469642463548e+05
5.304385871425620280e+01 2.140876832634689823e+37 1.199498589207538939e+36 9.798565944649287267e+05 1.533102073581004224e+05
5.330395169428084046e+01 2.121182608911817386e+37 1.191089687395061551e+36 9.798514605851727538e+05 1.533091870283173921e+05
5.358549135189969093e+01 2.100267545714139324e+37 1.179201548691731139e+36 9.798459569563285913e+05 1.533080927007461141e+05
5.391968010898563080e+01 2.075773748287784173e+37 1.162850641367499177e+36 9.798394781398770865e+05 1.533068039395372325e+05
5.422369948445702903e+01 2.053790929719631638e+37 1.149576441919637568e+36 9.798336355408176314e+05 1.533056412392090715e+05
5.450551052522496320e+01 2.033514541026377292e+37 1.139898076951954482e+36 9.798282533450156916e+05 1.533045698468620249e+05
5.477447729348205030e+01 2.014321778149168132e+37 1.130905217702139802e+36 9.798231503850221634e+05 1.533035537280942663e+05
5.504385641496628523e+01 1.995368826830746208e+37 1.122245759677013216e+36 9.798180815027431818e+05 1.533025440006018907e+05
5.534797113112290390e+01 1.974072122004389742e+37 1.113254659538753264e+36 9.798124054577917559e+05 1.533014128905481484e+05
5.569209936034167185e+01 1.950202467932621812e+37 1.099938294053679318e+36 9.798060419851185288e+05 1.533001442047828168e+05
5.600546833648695610e+01 1.928505766314301030e+37 1.086142918372144487e+36 9.798002843607676914e+05 1.532989959270462277e+05
5.629607497464166954e+01 1.908780388722560635e+37 1.073505315197210958e+36 9.797949831929795910e+05 1.532979382869302935e+05
5.657340997850405984e+01 1.889105887875420662e+37 1.073261765517742658e+36 9.797899582722636405e+05 1.532969354039507161e+05
5.685235980275319889e+01 1.869594063576214817e+37 1.078976863252745106e+36 9.798013961056524422e+05 1.532990462972209207e+05
5.716789105307543650e+01 1.846029182140630184e+37 1.079814111591631252e+36 9.797980213144223671e+05 1.532983524007854867e+05
5.757760974604752846e+01 1.818975374601102672e+37 1.068727344672519449e+36 9.797914480342265451e+05 1.532970333282896609e+05
5.794589520170120522e+01 1.795591569722284551e+37 1.049882944906411399e+36 9.797851547708826838e+05 1.532957740204034490e+05
5.828193976546754129e+01 1.774741566137536582e+37 1.036041484319224095e+36 9.797793402351055993e+05 1.532946110074099270e+05
5.859201885532820597e+01 1.755768451980086540e+37 1.023804657109720584e+36 9.797739773860876448e+05 1.532935381847576646e+05
5.888552104140399024e+01 1.738109774084076443e+37 1.012300954266436314e+36 9.797689310819715029e+05 1.532925282918247394e+05
5.917576119292061776e+01 1.720644017074104017e+37 1.002623688358552960e+36 9.797639430274642073e+05 1.532915300062328170e+05
5.948999269495834596e+01 1.701790200067002087e+37 9.879958724310653227e+35 9.797585659318261314e+05 1.532904535685890587e+05
5.989709126076195389e+01 1.677407413529404218e+37 9.685428411556206291e+35 9.797516129775035661e+05 1.532890614712136448e+05
6.026480166777037084e+01 1.655866056426927276e+37 9.526444890845511390e+35 9.797453784409607761e+05 1.532878126847628155e+05
6.060125784529373050e+01 1.636595544275132191e+37 9.386180616750529524e+35 9.797397380392726045e+05 1.532866821777052828e+05
6.091547239327337593e+01 1.618717900973232260e+37 9.270623592173342316e+35 9.797345161849088036e+05 1.532856350480319816e+05
6.121933183568762615e+01 1.601352213768694394e+37 9.177071411036066379e+35 9.797294921727947658e+05 1.532846273043174588e+05
6.152967724399059080e+01 1.583556329921568551e+37 9.095428202382910997e+35 9.797243786887727911e+05 1.532836014137581515e+05
6.190087125127320178e+01 1.562491802794082583e+37 9.016157404865881049e+35 9.797182953174217837e+05 1.532823805717690266e+05
6.256848039312171750e+01 1.525136595808351770e+37 8.882295917581202879e+35 9.797074333143599797e+05 1.532801998168683494e+05
6.312947391561465338e+01 1.495269471353246507e+37 8.779513919256223611e+35 9.796984888007636182e+05 1.532784019388557645e+05
6.379996772718732245e+01 1.460047567990164624e+37 8.609872070186245793e+35 9.796879788606541697e+05 1.532762873048605106e+05
6.440057568403426558e+01 1.429001129583220720e+37 8.464796977208196494e+35 9.796786887058564462e+05 1.532744166371648316e+05
6.493973520325380377e+01 1.400366129379807488e+37 8.407167603292318484e+35 9.796869470315603539e+05 1.532758812950253196e+05
6.542520527611486614e+01 1.375765626514823791e+37 8.367449645810793022e+35 9.796804725006625522e+05 1.532745667757019401e+05
6.586440473189577460e+01 1.354660522825435703e+37 8.279635981792812733e+35 9.796741636677673087e+05 1.532732911686374573e+05
6.626508028208627366e+01 1.335465060688380498e+37 8.204453293268583442e+35 9.796682943402184173e+05 1.532721056035459042e+05
6.663635125488508493e+01 1.317760564810222006e+37 8.157267023094599271e+35 9.796628302810622845e+05 1.532710021435083181e+05
6.699002613773336634e+01 1.300834954045935158e+37 8.117524152212305687e+35 9.796575979688352672e+05 1.532699457855038054e+05
6.734206230315612629e+01 1.284206303054401852e+37 8.072745865822565505e+35 9.796523968414835399e+05 1.532688956291198265e+05
6.772646391266607679e+01 1.266290676499550674e+37 8.025174825821350631e+35 9.796467607831553323e+05 1.532677571068850521e+05
6.834646274324040860e+01 1.238172079528793607e+37 7.998753448994892563e+35 9.796377835135040805e+05 1.532659421740898397e+05
6.897457815683446825e+01 1.210340636822781777e+37 7.940267983729976042e+35 9.796288200296396390e+05 1.532641282821169298e+05
6.955900017276871949e+01 1.184513521874537673e+37 7.882938796929496523e+35 9.796205323284731712e+05 1.532624504315707018e+05
7.008718630607472733e+01 1.161210095267648755e+37 7.834696202096980354e+35 9.796130515014810953e+05 1.532609357940542977e+05
7.056756398241850547e+01 1.140452358440849384e+37 7.773467320992970625e+35 9.796062985285284230e+05 1.532595678549979348e+05
7.100864907362847589e+01 1.121715542751070292e+37 7.721390622227204518e+35 9.796001666310537839e+05 1.532583248099373013e+05
7.142053850748925470e+01 1.104605266398048984e+37 7.701297803006111824e+35 9.795944960903304163e+05 1.532571745403250388e+05
7.181694104982307181e+01 1.088304466285621125e+37 7.712647777779098662e+35 9.795890765692335553e+05 1.532560747021602001e+05
7.221887555342982523e+01 1.071741177232667498e+37 7.724840851955538339e+35 9.795835997444622917e+05 1.532549630040564225e+05
7.267600220581516623e+01 1.052968538117430211e+37 7.709528363136989727e+35 9.795773844632019754e+05 1.532537012436263321e+05
7.344583756328211166e+01 1.021343983861832329e+37 7.681396146999460642e+35 9.795669202017047210e+05 1.532515769132766000e+05
7.414102577968151309e+01 9.936633255826769857e+36 7.692786375236246349e+35 9.795575675438488834e+05 1.532496769400825142e+05
7.477273798230453394e+01 9.689406451139234911e+36 7.662474100830642173e+35 9.795491601070512552e+05 1.532479677061773255e+05
7.535007696456159465e+01 9.464447870869512585e+36 7.634477308214101065e+35 9.795415159848296316e+05 1.532464131218554976e+05
7.588216208067024127e+01 9.258845180050076058e+36 7.617947005444976503e+35 9.795344884590592701e+05 1.532449836903269170e+05
7.637852122727781534e+01 9.067605159049285403e+36 7.620929831562397548e+35 9.795279314424904296e+05 1.532436499845825601e+05
7.685166473232675344e+01 8.887235328328743324e+36 7.631269939799917508e+35 9.795216948953312822e+05 1.532423812840289320e+05
7.731876228217151947e+01 8.710607323043465515e+36 7.632404109628550313e+35 9.795155500482453499e+05 1.532411310764458613e+05
7.781542700942372903e+01 8.525534390514865904e+36 7.619948272321062761e+35 9.795090450754127232e+05 1.532398071813827264e+05
7.846936953588738106e+01 8.287751890271294116e+36 7.616625663582181486e+35 9.795005574727609055e+05 1.532380786956000666e+05
7.918012186689884402e+01 8.033926002106118658e+36 7.601440575326664164e+35 9.794914158603110118e+05 1.532362158450002025e+05
7.984017871634569019e+01 7.803943951974098839e+36 7.560486103705848021e+35 9.794830185044487007e+05 1.532345033238033648e+05
8.045681237109238282e+01 7.590880584469262084e+36 7.512201630208536420e+35 9.794752138300290098e+05 1.532329110982978309e+05
8.104363830041256733e+01 7.390521963978802301e+36 7.446948877158494846e+35 9.794678258740392048e+05 1.532314033007853723e+05
8.161341617826838046e+01 7.197412128450524907e+36 7.382660875821367945e+35 9.794606663826397853e+05 1.532299419200595876e+05
8.218712190759833902e+01 7.007191050365829442e+36 7.328981357261888841e+35 9.794534961791047826e+05 1.532284777777230192e+05
8.281268638576148078e+01 6.802708450985054699e+36 7.269392976928645257e+35 9.794457059285598807e+05 1.532268866127614165e+05
8.375124472033348866e+01 6.501617248809886647e+36 7.156014890330979932e+35 9.794340918379015056e+05 1.532245133300665475e+05
8.458972943204571493e+01 6.241186500391901706e+36 7.031227381840234064e+35 9.794238149454866070e+05 1.532224118070464174e+05
8.547012527304468676e+01 5.971165848107370610e+36 6.980557858420823942e+35 9.794255411395357223e+05 1.532225735988027009e+05
8.632212381606223062e+01 5.723282103984067836e+36 6.851566207006605247e+35 9.794155610200046794e+05 1.532205260638768377e+05
8.715540933987358585e+01 5.491270512536117496e+36 6.674859388729411778e+35 9.794057148170928704e+05 1.532185070710806467e+05
8.797968037691316567e+01 5.269464790089983143e+36 6.483078940776946191e+35 9.793960516382757341e+05 1.532165243202603015e+05
8.882578847787226550e+01 5.050271438014953934e+36 6.256632248754652837e+35 9.793862508827368729e+05 1.532145113823871361e+05
8.973712639429140836e+01 4.822824702905956789e+36 6.003433498753280137e+35 9.793875277096267091e+05 1.532145838285002974e+05
9.093376033374806866e+01 4.529944548330308414e+36 5.625633255024348458e+35 9.793751976830937201e+05 1.532120280790564721e+05
9.209683158862753771e+01 4.270204390544545814e+36 5.257833616908265026e+35 9.793625040776815731e+05 1.532094083608169458e+05
9.372011248327908106e+01 3.939351082657176361e+36 4.751046886870583460e+35 9.793453497420260683e+05 1.532058580025456613e+05
9.548582178333890624e+01 3.609413622511234964e+36 4.262631706574762890e+35 9.783090017802751390e+05 1.558174270040505216e+05
9.736677190789487213e+01 3.311498186960279348e+36 3.737893886637774365e+35 9.783014630072122673e+05 1.558156130811342155e+05
9.942167471128050238e+01 3.024306711676633020e+36 3.340407508423899139e+35 9.759825106833025347e+05 1.614641306674846273e+05
1.017231979552598204e+02 2.753552877818864311e+36 2.918326609953327313e+35 9.662637212344212458e+05 1.829818747128519171e+05
1.017258283538976684e+02 2.754425860354773862e+36 2.920831555656149090e+35 9.662771161463076714e+05 1.829849487559378322e+05
1.017267726309655700e+02 2.754326678118686913e+36 2.920662129867766015e+35 9.662771212478729431e+05 1.829849497191752016e+05
1.017286517423053738e+02 2.754127635758195494e+36 2.920320031648205992e+35 9.662771312395150308e+05 1.829849515991186781e+05
1.017323911738931201e+02 2.753729797387619892e+36 2.919634123981898357e+35 9.662771516718675848e+05 1.829849554667923367e+05
1.017374483644089196e+02 2.753190129178756510e+36 2.918701735541880621e+35 9.662771799296702957e+05 1.829849608417685376e+05
1.017432081850420218e+02 2.752574793988160884e+36 2.917637872131604507e+35 9.662772125472599873e+05 1.829849670639750548e+05
1.017497727696609218e+02 2.751873377310516432e+36 2.916425194824009480e+35 9.662772500184731325e+05 1.829849742245321395e+05
1.017572442238742951e+02 2.751075176815550304e+36 2.915045524738928924e+35 9.662772924593633506e+05 1.829849823276549578e+05
1.017657558244827669e+02 2.750165565046357594e+36 2.913473163680994600e+35 9.662773401280336548e+05 1.829849914033891109e+05
1.017754383097635582e+02 2.749129153767044110e+36 2.911679783169311853e+35 9.662773913750268985e+05 1.829850010431465053e+05
1.017865753816149663e+02 2.747932352729967505e+36 2.909603184964818861e+35 9.662774452080524061e+05 1.829850109555804520e+05
1.017994539618666749e+02 2.746538293664144071e+36 2.907171689523867191e+35 9.662774978344489355e+05 1.829850202037394338e+05
1.018145959547837265e+02 2.744880021803068753e+36 2.904255405200586818e+35 9.662775427394568687e+05 1.829850271712190879e+05
1.018313798975141253e+02 2.749680199302839979e+36 2.961331093669907372e+35 9.640672201088357251e+05 1.874782620705883310e+05
1.018474034375976771e+02 2.747870922723530130e+36 2.957983335920352662e+35 9.640672276900897268e+05 1.874782601915945706e+05
1.018633731422014534e+02 2.746038166224652255e+36 2.954574627814219983e+35 9.640672129732174799e+05 1.874782530495594256e+05
1.018795133177773096e+02 2.744156881224616608e+36 2.951064816327583364e+35 9.640671765098359901e+05 1.874782407229512755e+05
1.018965385566698387e+02 2.720714910684449770e+36 2.880415090813133421e+35 9.616047423627446406e+05 1.923162833645862411e+05
1.019148719314543996e+02 2.718543711256817750e+36 2.876375353539670101e+35 9.616046717463253299e+05 1.923162618453798350e+05
1.019353171782568097e+02 2.716091269916556232e+36 2.871818632245420848e+35 9.616045774177778512e+05 1.923162340540990117e+05
1.019589669333945494e+02 2.713224739157366601e+36 2.866531593965614193e+35 9.616044557479514042e+05 1.923161988492871751e+05
1.019871033630333841e+02 2.709795680831958877e+36 2.860346004383824581e+35 9.616042987667893758e+05 1.923161539875392336e+05
1.020243920304637868e+02 2.715705737743406940e+36 2.902018501674358894e+35 9.588675880416519940e+05 1.975507647402124130e+05
1.020788267993484624e+02 2.709103761478337743e+36 2.891469589047252244e+35 9.588672665216074092e+05 1.975506708023151150e+05
1.021764450849441346e+02 2.697550299208095083e+36 2.873821913845947468e+35 9.588666792344514979e+05 1.975504996582805179e+05
1.023707054732949473e+02 2.724418419903962097e+36 2.667550395287445020e+35 9.522907488182213856e+05 2.094328216314523888e+05
1.027572836461185943e+02 2.701361873874905789e+36 2.927012657089972309e+35 9.243065422500049463e+05 2.518804166580998863e+05
1.035265742100018542e+02 2.637175366073914549e+36 2.956359127591231329e+35 9.033340462824674323e+05 2.776783916197564104e+05
1.050574624321598094e+02 2.392289596863920093e+36 0.000000000000000000e+00 1.008434754681039951e+06 0.000000000000000000e+00
