# time luminosity radius
-2.014182278620774014e+01 6.318225277383299701e+35 1.008352152064080001e+06
-1.959782295203058311e+01 6.385066149637580022e+35 1.008351701487650047e+06
-1.851526328201816796e+01 6.529082364414129916e+35 1.008351285186909954e+06
-1.636096953869309800e+01 6.906833826054129647e+35 1.008352992302970029e+06
-1.599054518886168808e+01 6.902218295012720204e+35 1.008556760055399965e+06
-1.581012473260852857e+01 6.919144294511640183e+35 1.008558979555799975e+06
-1.545108802466529596e+01 6.940381523411150293e+35 1.008562172840359970e+06
-1.473660497585842677e+01 7.003457240151940275e+35 1.008564666906600003e+06
-1.341352825862759346e+01 7.267783937360449664e+35 1.008565595093369950e+06
-1.319993546355726721e+01 7.315141092397149859e+35 1.008565767879880033e+06
-1.277488580136741803e+01 7.426471992800199370e+35 1.008566170636550058e+06
-1.192903697360907245e+01 7.721002658664759596e+35 1.008568255712250015e+06
-1.178480420035157294e+01 7.774146756708119636e+35 1.008568709698769962e+06
-1.149778098157003114e+01 7.889546743499489386e+35 1.008569877389439964e+06
-1.092660477619392623e+01 8.164524659119369368e+35 1.008573618018949986e+06
-9.904033505615188915e+00 9.007191046140579775e+35 1.008595318098829943e+06
-9.410978799443910248e+00 9.648832919196919700e+35 1.008612978382789996e+06
-9.142920789921845426e+00 1.013534130020989965e+36 1.008625409294949961e+06
-9.127144378519915335e+00 1.016356002946930025e+36 1.008626137599639944e+06
-9.100747093113568553e+00 1.021483383760889946e+36 1.008627422137839952e+06
-9.048216495154520089e+00 1.032298747479340026e+36 1.008630126782989944e+06
-8.943680605216286494e+00 1.057183470643829938e+36 1.008636243383459980e+06
-8.827041804323016549e+00 1.089782991765100066e+36 1.008644241150220041e+06
-8.729584801308192255e+00 1.121390287758989993e+36 1.008651880758970045e+06
-8.655499676898216421e+00 1.147964202031209996e+36 1.008658359126950032e+06
-8.588337915284682822e+00 1.174977928444840014e+36 1.008664896354430006e+06
-8.523037585701786156e+00 1.203807285234309958e+36 1.008672038042610046e+06
-8.468943397740986256e+00 1.230346758447360050e+36 1.008678567257700022e+06
-8.418073677428765222e+00 1.259152197512839981e+36 1.008685487296059960e+06
-8.376081345847524062e+00 1.286821358794299966e+36 1.008691722266630037e+06
-8.335055106793333835e+00 1.317633032368590053e+36 1.008698437552249990e+06
-8.277970680229373102e+00 1.368715525188979960e+36 1.008709560002980055e+06
-8.221685480217274744e+00 1.473328545679799928e+36 1.008723098071280052e+06
-8.193698932733241236e+00 1.571139531626790055e+36 1.008730176687760046e+06
-8.170642421400771127e+00 1.659577095646559876e+36 1.008736333090060041e+06
-8.149605520403383707e+00 1.751923456550840071e+36 1.008742782477649976e+06
-8.132459356172148546e+00 1.902312707322930124e+36 1.008748512041909969e+06
-8.114894887380614819e+00 2.031526997045379978e+36 1.008754463623289950e+06
-8.084752489817219612e+00 2.322311988268670054e+36 1.008765171478030039e+06
-8.055305073796262150e+00 2.928783142392210222e+36 1.008776033111940022e+06
-8.029126082064067305e+00 4.086506623362020155e+36 1.008786265523629962e+06
-8.004055166340549476e+00 4.094468249890689713e+36 1.008796202956859954e+06
-7.979780436913642916e+00 4.369750865455739909e+36 1.008806041580350022e+06
-7.954002986320119817e+00 4.572496209935669909e+36 1.008816705281920033e+06
-7.941160979787127872e+00 4.692448979283630078e+36 1.008821998618099955e+06
-7.930404694373464736e+00 4.797992826631590043e+36 1.008826467536729993e+06
-7.919534613770338183e+00 4.904490456013980073e+36 1.008831022435639985e+06
-7.909866827620135155e+00 5.004635715122640254e+36 1.008835095748499967e+06
-7.898619445715667098e+00 5.123945594062920079e+36 1.008839880293990020e+06
-7.879391325597680407e+00 5.326785198016319568e+36 1.008848205644940026e+06
-7.841127366563341639e+00 5.742286428194670466e+36 1.008865324336330057e+06
-7.798943134912406094e+00 6.414913709507910403e+36 1.008884767581810011e+06
-7.750929971397454210e+00 6.947895127907739949e+36 1.008907384279940045e+06
-7.713296488347623381e+00 7.351835809947210543e+36 1.008925301247589989e+06
-7.650449258259868657e+00 7.920866898347809914e+36 1.008956103564379970e+06
-7.593288655780270346e+00 8.393305519899340539e+36 1.008984621311050025e+06
-7.543102857364829106e+00 8.746583238561100406e+36 1.009010054728280054e+06
-7.496793509939379874e+00 9.025716617403339570e+36 1.009033862011419958e+06
-7.453053598275801050e+00 9.248431317775720217e+36 1.009056633096729987e+06
-7.412468190169420268e+00 9.426400933466530253e+36 1.009077961364659946e+06
-7.373484123891103081e+00 9.566698719084790538e+36 1.009098575726669980e+06
-7.334745866985940665e+00 9.732243185157570096e+36 1.009119164584700018e+06
-7.295091492091160035e+00 9.984831460258780198e+36 1.009140321717899991e+06
-7.253420637168346730e+00 1.052760406900240058e+37 1.009162587817879976e+06
-7.208108063370673335e+00 1.107808199939659961e+37 1.009186743102460052e+06
-7.157594880315627961e+00 1.157274937439339997e+37 1.009213504159100004e+06
-7.100069543835161312e+00 1.215363676967420023e+37 1.009243659293000004e+06
-7.039465421237764531e+00 1.276019059352699914e+37 1.009274926326169982e+06
-6.976367897855197953e+00 1.340160734613220034e+37 1.009306905247770017e+06
-6.907824933752635843e+00 1.409496745408759997e+37 1.009340976251060027e+06
-6.816669530050603498e+00 1.502067912240359903e+37 1.009385065243790043e+06
-6.722931551247711468e+00 1.599713410615840115e+37 1.009428849448770052e+06
-6.603245432006588089e+00 1.729246233003500036e+37 1.009482431323220022e+06
-6.458197616700090293e+00 1.892869070062099903e+37 1.009544020096690045e+06
-6.290298219187206996e+00 2.085704585270249962e+37 1.009610966775589972e+06
-6.102388544530185754e+00 2.300894161789569957e+37 1.009680572733339970e+06
-5.882075079402056872e+00 2.546169393279350042e+37 1.009755198124060058e+06
-5.613581106507808727e+00 2.826439984133530232e+37 1.009836595122770057e+06
-5.337826487820166221e+00 3.097767081418160209e+37 1.009911359990139958e+06
-5.061545379830022284e+00 3.355447543408009785e+37 1.009979038339619990e+06
-4.769800632708211197e+00 3.615846190568979943e+37 1.010044240959480056e+06
-4.449838804587670893e+00 3.892115890663110191e+37 1.010110037392889964e+06
-4.143313222924007277e+00 4.153499870842769915e+37 1.010168992047850043e+06
-3.850349857808396337e+00 4.399976408984089857e+37 1.010222170618320000e+06
-3.566313266917859437e+00 4.634455151857020366e+37 1.010270841108500026e+06
-3.287614893109093828e+00 4.857770560039110379e+37 1.010315631337280036e+06
-3.012538770616629336e+00 5.068873601480459679e+37 1.010356615117480047e+06
-2.738370041323832993e+00 5.266759142499430266e+37 1.010393853289320017e+06
-2.462230081499910739e+00 5.452613279075400351e+37 1.010427286153589957e+06
-2.183333908791610156e+00 5.617112462642460112e+37 1.010456535154809942e+06
-1.897693168917612638e+00 5.766253261843640470e+37 1.010481452998160035e+06
-1.607886837313344586e+00 5.894128334051649547e+37 1.010501377011670033e+06
-1.311882355402303801e+00 5.999723734479279730e+37 1.010516135385700036e+06
-1.002129489012077102e+00 6.082968156766730274e+37 1.010525564026479959e+06
-6.810937181526242057e-01 6.141555158515620338e+37 1.010529187950180029e+06
-3.466781617871674825e-01 6.174751940301520394e+37 1.010526828850790043e+06
0.000000000000000000e+00 6.182278522666830427e+37 1.010518462236610008e+06
3.666261275147917331e-01 6.163788094842989617e+37 1.010503901382009964e+06
7.538219470397962141e-01 6.119702296555200268e+37 1.010483191349270055e+06
1.160964806128504279e+00 6.054093211447449923e+37 1.010456770211489988e+06
1.591854284811233811e+00 5.960467978050830380e+37 1.010424833482509945e+06
2.050784621057573531e+00 5.847677682240200254e+37 1.010387731372840004e+06
2.531783288350197836e+00 5.718760595300150044e+37 1.010346733125010040e+06
3.040647787885063735e+00 5.573677324940590258e+37 1.010302323187879985e+06
3.581686950841685757e+00 5.417436668271300217e+37 1.010255046173130046e+06
4.149523230948034325e+00 5.255861188166879556e+37 1.010206417483740021e+06
4.746343768208134861e+00 5.091481336862640090e+37 1.010157124388469965e+06
5.367077908083047078e+00 4.929307365106159756e+37 1.010108330344969989e+06
6.009795777734325384e+00 4.772358673908089635e+37 1.010060764661110006e+06
6.674460713274129375e+00 4.622913802350589619e+37 1.010014860890069976e+06
7.350165073779862723e+00 4.484417105198970271e+37 1.009971518470779993e+06
8.048052403570181923e+00 4.355060979115170258e+37 1.009930145250309957e+06
8.746746703131066170e+00 4.238818995712040103e+37 1.009891921515929978e+06
9.450691128173275501e+00 4.133200405314140083e+37 1.009856301361870021e+06
1.016831376701338741e+01 4.036423302972330054e+37 1.009822693850329961e+06
1.087516989450432447e+01 3.951089633269020132e+37 1.009791937778710038e+06
1.159032617490265693e+01 3.872625132935140144e+37 1.009762927123390022e+06
1.231574416574130737e+01 3.800350333452259941e+37 1.009735377586600021e+06
1.302624018857750343e+01 3.736003673588800081e+37 1.009709993357860018e+06
1.374599943631346832e+01 3.675716451350260004e+37 1.009685691149240010e+06
1.447455220688880217e+01 3.618984353536270003e+37 1.009662304744709982e+06
1.518576262201077043e+01 3.567781206737940064e+37 1.009640550163579988e+06
1.590452642503350944e+01 3.518867456363499887e+37 1.009619510490990011e+06
1.664209806625694910e+01 3.471185909688070075e+37 1.009598744366160012e+06
1.735665587825769762e+01 3.428127503957379846e+37 1.009579294627630035e+06
1.807211286990968802e+01 3.387630519544999954e+37 1.009560122901819996e+06
1.882789604681966011e+01 3.253195494419189910e+37 1.010277618672490004e+06
1.903298591664042760e+01 3.233986111424959997e+37 1.010291618249060004e+06
1.944111475758472807e+01 3.216667853301630160e+37 1.010285671288489946e+06
2.017604423571356165e+01 3.193363659411139929e+37 1.010247805477109971e+06
2.090489729810815334e+01 3.172417025455860190e+37 1.010204523047290044e+06
2.191216931225153530e+01 3.135669742630560180e+37 1.010144054487589980e+06
2.279613111402977665e+01 3.106829110849369952e+37 1.010094121603309992e+06
2.436272247784836509e+01 3.041691981670269902e+37 1.010011655364320031e+06
2.597674237098726735e+01 2.985723865976449920e+37 1.009936591173390043e+06
2.774369473769820615e+01 2.924798984043050012e+37 1.009862848188139964e+06
2.966049049737193855e+01 2.860209838104749978e+37 1.009790870581410010e+06
3.155071225227857212e+01 2.799773628770190231e+37 1.009726507645300007e+06
3.328817672805780603e+01 2.746643047815519910e+37 1.009672137387259980e+06
3.488370988803308137e+01 2.698004949299469961e+37 1.009625410594690009e+06
3.633523782637803379e+01 2.654254671657019898e+37 1.009585265568600036e+06
3.766553670673692977e+01 2.614590040451590210e+37 1.009550280400300049e+06
3.888220020415974432e+01 2.578932678615330113e+37 1.009519674483350012e+06
3.999817357161373366e+01 2.546828787358710116e+37 1.009492713328990038e+06
4.102949359718695632e+01 2.517609652147600124e+37 1.009468664720069966e+06
4.198595362881223991e+01 2.490892787693399982e+37 1.009447052008750034e+06
4.289097469474472746e+01 2.465797190414660149e+37 1.009427176763270050e+06
4.375284624955747859e+01 2.442194651917959777e+37 1.009408746756609995e+06
4.459557258576478489e+01 2.419224155303380043e+37 1.009391164640630013e+06
4.544056144231944927e+01 2.396273955574359873e+37 1.009373940431270050e+06
4.639888719045120524e+01 2.369218625725460122e+37 1.009354754937420017e+06
4.775644729578198167e+01 2.328842430423060014e+37 1.009328220524559962e+06
4.993130542036851693e+01 2.266583825109379795e+37 1.009288058258039993e+06
5.189141899790502066e+01 2.224529470127649948e+37 1.009254847729929956e+06
5.368364977182136499e+01 2.186966214794999881e+37 1.009225822533869999e+06
5.531802083307047724e+01 2.153248376902790073e+37 1.009200336478639976e+06
5.680648648402438994e+01 2.059396284274650094e+37 1.009783845382889966e+06
5.724193770325200603e+01 2.056374252330000016e+37 1.009782252569130040e+06
5.810848562951559870e+01 2.049203706766089941e+37 1.009754440988469985e+06
5.936426847820530384e+01 2.034323212976769978e+37 1.009705692126980051e+06
6.050944500871901255e+01 2.021999680435200115e+37 1.009662628503979999e+06
6.157962598334779614e+01 2.009131422051200091e+37 1.009624566306859953e+06
6.259146471193889738e+01 1.995891797106769968e+37 1.009590528300869977e+06
6.356813415550550417e+01 1.982258161353969951e+37 1.009559342602910008e+06
6.454390877648711466e+01 1.967844368902559949e+37 1.009529671266249963e+06
6.559936326527895289e+01 1.951020557595520084e+37 1.009499014366399962e+06
6.769971769797484740e+01 1.909091126162650057e+37 1.009441374535329989e+06
7.002091157489485340e+01 1.872024124245410055e+37 1.009384692491349997e+06
7.255249009055205534e+01 1.833848387458640063e+37 1.009329172081829980e+06
7.530659236952760693e+01 1.794151640822839952e+37 1.009274660978259984e+06
7.829656367661755212e+01 1.754370617917170059e+37 1.009221468441940029e+06
8.154789925435670739e+01 1.713550128445369931e+37 1.009169095340889995e+06
8.507845190819352865e+01 1.671435060084669997e+37 1.009117412134869955e+06
8.842625646661508654e+01 1.636326492990540093e+37 1.009072758979549981e+06
9.149207591446520382e+01 1.605052999707180077e+37 1.009034578861439950e+06
9.429264991250784078e+01 1.538625609055179982e+37 1.009512561234929948e+06
9.527732714762169053e+01 1.544696693392769888e+37 1.009491871963010053e+06
9.723683484549837885e+01 1.532773655472389954e+37 1.009434600863059983e+06
9.923051174228839955e+01 1.521635883205470022e+37 1.009379842500110040e+06
1.013275416477299586e+02 1.507955747679050012e+37 1.009327669858810026e+06
1.032464063749384877e+02 1.496236172512559932e+37 1.009284540056579979e+06
1.050056764785476844e+02 1.484890289427139953e+37 1.009248110432359972e+06
1.066275025398163052e+02 1.473881055228500041e+37 1.009216732939590001e+06
1.081355054212417599e+02 1.463231801474249923e+37 1.009189205540769966e+06
1.095542389342763272e+02 1.452895465382409960e+37 1.009164593372939969e+06
1.109075783890693856e+02 1.442782596540910110e+37 1.009142160892209969e+06
1.122472087497681059e+02 1.432361256653669986e+37 1.009120844036119990e+06
1.136551186555861932e+02 1.420792259427899971e+37 1.009099272546289954e+06
1.154929756314650149e+02 1.403318967069660055e+37 1.009072052835209994e+06
1.183288641136914521e+02 1.375142363089339937e+37 1.009032535156539991e+06
1.209007262098075444e+02 1.357438258574309968e+37 1.009000070960649988e+06
1.232564286418601114e+02 1.341600830206609961e+37 1.008972186232410022e+06
1.254288700737261024e+02 1.326973505655969941e+37 1.008947737122040009e+06
1.274361193861559514e+02 1.313542649559319986e+37 1.008926119719560025e+06
1.292995323750510579e+02 1.264444473069240058e+37 1.009395317763870000e+06
1.299559648293479768e+02 1.265386160696140041e+37 1.009387403373269946e+06
1.312622654133992910e+02 1.264199519309059927e+37 1.009353826228569960e+06
1.328980074019154927e+02 1.261198173361569933e+37 1.009309832240530057e+06
1.344545217388185847e+02 1.258601590952109905e+37 1.009270871659509954e+06
1.360021645853630616e+02 1.254590293989620055e+37 1.009235011345479987e+06
1.376679378991957492e+02 1.248347562626610074e+37 1.009199131771579967e+06
1.400799351431742252e+02 1.234157782822200017e+37 1.009150952600750024e+06
1.426210429236753043e+02 1.221364214264950034e+37 1.009105546677340055e+06
1.453371712278922132e+02 1.206904201824509965e+37 1.009061632178839995e+06
1.478419348450597681e+02 1.194848524216249897e+37 1.009024808308820007e+06
1.501619694632008759e+02 1.183245333687410049e+37 1.008993136612899951e+06
1.523218816041098762e+02 1.172059500653260034e+37 1.008965420264940010e+06
1.543447661278714804e+02 1.161311915347239954e+37 1.008940816914970055e+06
1.562554633329718854e+02 1.150958771777910068e+37 1.008918654852170032e+06
1.580714439803923597e+02 1.140971544337060066e+37 1.008898465710379998e+06
1.598517402505658538e+02 1.130837733156589930e+37 1.008879396250589984e+06
1.616886138848058181e+02 1.119834894881250005e+37 1.008860367325130035e+06
1.639114564451765546e+02 1.104710474223520082e+37 1.008837943586739944e+06
1.666209168381456038e+02 1.057707715269980011e+37 1.009261973569139955e+06
1.675846944872082531e+02 1.061072875622199980e+37 1.009245742181919981e+06
1.695026120088432435e+02 1.057753837014679950e+37 1.009200148349890020e+06
1.716107169455217445e+02 1.053660998703329955e+37 1.009152445106629981e+06
1.737920324262186114e+02 1.048380991809749944e+37 1.009107810708820005e+06
1.758507264881172887e+02 1.043098304790249968e+37 1.009069726224409998e+06
1.778314911305160422e+02 1.036993987899290035e+37 1.009036042548220023e+06
1.798115014847471684e+02 1.029723286288459945e+37 1.009004715040800045e+06
1.819904220628650364e+02 1.019875336852289945e+37 1.008972364180020057e+06
1.847843425079745430e+02 1.004328295304960049e+37 1.008933497479720041e+06
1.873944044893050886e+02 9.921042308279619467e+36 1.008900328972900053e+06
1.898352380432943391e+02 9.803665474181200352e+36 1.008871389317800058e+06
1.921577740808743329e+02 9.686883954058599477e+36 1.008845378276349977e+06
1.943843671459990219e+02 9.571444675519530144e+36 1.008821664500289946e+06
1.965650013844915520e+02 9.454555224317809683e+36 1.008799459207689972e+06
1.988246860975859818e+02 9.326070644830999794e+36 1.008777326041140012e+06
2.010582686824473058e+02 9.197309102844509750e+36 1.008756248641930055e+06
2.034678090452625838e+02 8.785684499458120196e+36 1.009165268208430032e+06
2.043410169022999980e+02 8.783116612193770389e+36 1.009152466601060005e+06
2.060787005378042522e+02 8.746416731806320468e+36 1.009113287598239956e+06
2.082064286361137420e+02 8.692105987980909673e+36 1.009066396512500010e+06
2.103720290368373753e+02 8.635455650216089765e+36 1.009023272676659981e+06
2.127139449743872319e+02 8.561228260493890506e+36 1.008981236834959942e+06
2.152505869670640095e+02 8.471369681388300020e+36 1.008940163551409962e+06
2.180018973987389472e+02 8.365010292503040081e+36 1.008899832215150003e+06
2.206415845881992936e+02 8.264755301981549632e+36 1.008864648123719962e+06
2.231955211452541334e+02 8.160809742376049884e+36 1.008833142789060017e+06
2.257899427379270492e+02 8.044063671440089663e+36 1.008803131337419967e+06
2.283897086210035923e+02 7.918340851637680437e+36 1.008774714570470038e+06
2.311887297267458052e+02 7.767113785270089772e+36 1.008745564812290017e+06
2.353231804252009169e+02 7.504555604728550146e+36 1.008704637820319971e+06
2.395488402793980640e+02 7.265746209595410549e+36 1.008666478933710023e+06
2.435655482347328871e+02 6.862659806806689993e+36 1.009017714324950008e+06
2.450097171328889090e+02 6.860917056816580319e+36 1.008993702529859962e+06
2.475413679649509504e+02 6.787130645039969591e+36 1.008944925339070032e+06
2.498155966790072853e+02 6.727182169749529581e+36 1.008904790210110019e+06
2.522706638691361150e+02 6.648280671512759906e+36 1.008865386004989967e+06
2.549181273472158864e+02 6.555711938722729791e+36 1.008826897380430019e+06
2.577847547974324698e+02 6.447843244202430389e+36 1.008789020480119972e+06
2.608887002754481728e+02 6.321946662225339412e+36 1.008751519249449950e+06
2.642204704891310030e+02 6.174192184636129430e+36 1.008714356209089980e+06
2.676410359410565434e+02 6.009945960352970431e+36 1.008678817584419972e+06
2.715362937824866094e+02 5.801305563003259457e+36 1.008640755392299965e+06
2.756885016163305409e+02 5.570148663510290003e+36 1.008602821272250032e+06
2.801404549290973591e+02 5.191595255445050080e+36 1.008903875580489985e+06
2.817681026939562798e+02 5.149411213913919906e+36 1.008876550887809950e+06
2.842294441046478823e+02 5.055358794641429744e+36 1.008831946992360055e+06
2.865436361185484202e+02 4.964566466993500035e+36 1.008793190352660022e+06
2.890248174016523990e+02 4.859152776069860245e+36 1.008755198186259950e+06
2.916931142196463043e+02 4.740215710591759942e+36 1.008717906885780045e+06
2.945707118222971985e+02 4.606230515157889742e+36 1.008681051715599955e+06
2.976723854709307489e+02 4.455609079253880074e+36 1.008644436618370004e+06
3.010100570874437835e+02 4.286276643250500262e+36 1.008607864769240026e+06
3.045926784202110866e+02 4.098192473594830266e+36 1.008571256739220000e+06
3.084297432549419682e+02 3.889329485467819935e+36 1.008534412011489971e+06
3.125253615389519837e+02 3.576623346628150074e+36 1.008792114735550014e+06
3.140651834412537937e+02 3.504611152142269852e+36 1.008765634208370000e+06
3.164376355995136691e+02 3.394934564847609746e+36 1.008722679439460044e+06
3.186783431775156714e+02 3.291518063390329775e+36 1.008685014826560044e+06
3.210679142263115864e+02 3.179099709480939903e+36 1.008648130515150027e+06
3.236273519669375673e+02 3.058223778063679802e+36 1.008611965517219971e+06
3.263772729593756594e+02 2.929295379712270143e+36 1.008576360986980028e+06
3.293330686166800660e+02 2.794343648708880108e+36 1.008541327351619955e+06
3.325116451357052938e+02 2.654078760470470072e+36 1.008506776052979985e+06
3.359291490750874800e+02 2.507713274651020055e+36 1.008472531959549990e+06
3.395980722025360592e+02 2.358329508119389902e+36 1.008438732105480041e+06
3.435384391402249094e+02 2.208132034600270130e+36 1.008405431818159996e+06
3.477735552563544843e+02 2.059449691878849956e+36 1.008372703335609986e+06
