# time luminosity radius
-2.142011485995317344e+01 2.847858793284650170e+35 1.008232164878429961e+06
-1.989778055618808139e+01 2.885537106992700011e+35 1.008232275374879944e+06
-1.686833529169962276e+01 2.979588930507359990e+35 1.008233850030969945e+06
-1.636391411912336480e+01 2.995949191694729960e+35 1.008234190862159943e+06
-1.536011598570621572e+01 3.031365132325060115e+35 1.008235128386280034e+06
-1.336255770019488409e+01 3.120398104073010181e+35 1.008239060217689956e+06
-1.316094075840373989e+01 3.129808222468610061e+35 1.008239518542360049e+06
-1.275972304421884473e+01 3.149298372519219853e+35 1.008240550008759950e+06
-1.204436153854476288e+01 3.187471251837849827e+35 1.008242960539469961e+06
-1.122397936848574318e+01 3.238596893778579931e+35 1.008247016706760041e+06
-1.043031873025756795e+01 3.298024916507120113e+35 1.008253769105399959e+06
-9.917376911675091833e+00 3.342957501681379873e+35 1.008260086533459951e+06
-9.626340452829026617e+00 3.370781516572810027e+35 1.008265003358289949e+06
-9.444720247454824857e+00 3.390244531942649943e+35 1.008268832761729951e+06
-9.324598857303499244e+00 3.405093290404170219e+35 1.008271899955939967e+06
-9.268725342728430405e+00 3.409317767011789668e+35 1.008273447192579973e+06
-9.231742860749363899e+00 3.413687103087120337e+35 1.008274539749669959e+06
-9.158147721624118276e+00 3.423621625710110199e+35 1.008277101000829949e+06
-9.104205109280883335e+00 3.429421648756360344e+35 1.008279239930680022e+06
-9.049611392314545810e+00 3.435878573364580308e+35 1.008281794985949993e+06
-9.004496999201364815e+00 3.443365492716179861e+35 1.008284316394170048e+06
-8.970177390117896721e+00 3.447174869652800249e+35 1.008286557698479970e+06
-8.940285235599731095e+00 3.451740968682940117e+35 1.008288898432889953e+06
-8.915587811919976957e+00 3.454079424943740035e+35 1.008291211213779985e+06
-8.894144899721140973e+00 3.457001696499560183e+35 1.008293662422970054e+06
-8.876351069120573811e+00 3.458580794468300040e+35 1.008296150742630009e+06
-8.860500968483393081e+00 4.216991345869080221e+35 1.008298927909329999e+06
-8.859375216285116039e+00 3.460908990725620258e+35 1.008299115916179959e+06
-8.857134969424805604e+00 3.472085767166650322e+35 1.008299519390880014e+06
-8.852676878159400076e+00 3.488127802735599837e+35 1.008300382037259988e+06
-8.849248285230714828e+00 3.479190004580140083e+35 1.008301078509930056e+06
-8.846653492655605078e+00 3.474516384447110008e+35 1.008301624127489980e+06
-8.844224779211799614e+00 3.480096547384720140e+35 1.008302152922000038e+06
-8.841849099422688596e+00 3.478254804831089999e+35 1.008302688018350047e+06
-8.839388641674304381e+00 3.493244735163569652e+35 1.008303263588679954e+06
-8.836500419653020799e+00 3.486226390755829651e+35 1.008303972322670044e+06
-8.831984329532133415e+00 3.457096244145539716e+35 1.008305181973629980e+06
-8.823013154527870938e+00 3.489600351534910185e+35 1.008308225191619946e+06
-8.815533716173376888e+00 3.467996190193590271e+35 1.008311303969649947e+06
-8.808539623525575735e+00 3.467772079126409719e+35 1.008314921563189942e+06
-8.802784736224566586e+00 3.473308715306089996e+35 1.008318587372130016e+06
-8.797999840986449271e+00 3.469461112806030097e+35 1.008322288455090020e+06
-8.794108749498263933e+00 3.328062126927280017e+35 1.008325820024879999e+06
-8.791497550701024011e+00 3.573922103183780167e+35 1.008328393551400048e+06
-8.789340409944998100e+00 3.689590162561729692e+35 1.008330742290230002e+06
-8.788270051460131072e+00 3.470819173562959715e+35 1.008331945123029989e+06
-8.787644547264790162e+00 3.470903720494479930e+35 1.008332657048939960e+06
-8.787064984877360985e+00 3.470982068340779911e+35 1.008333317996139987e+06
-8.785911655722884461e+00 3.471137937908609853e+35 1.008334647923610057e+06
-8.783939530549105257e+00 3.583794633614289988e+35 1.008337047725260025e+06
-8.783291447951341979e+00 3.471490923346409754e+35 1.008337824842339964e+06
-8.782421321768197231e+00 3.471604635629419636e+35 1.008339210656740004e+06
-8.782074264876428060e+00 3.471648566322889849e+35 1.008339896582999965e+06
-8.781873956409981474e+00 3.471674486138430134e+35 1.008340231904860004e+06
-8.781763205188326538e+00 3.471688941216740180e+35 1.008340414644730045e+06
-8.781699858926003799e+00 3.471697196550090307e+35 1.008340517201910028e+06
-8.781573799875332043e+00 3.471713696857240023e+35 1.008340716982470010e+06
-8.781322942362749018e+00 3.471746578701470119e+35 1.008341110098939971e+06
-8.780823735913145356e+00 3.471812087521559990e+35 1.008341886719629983e+06
-8.779830315092112869e+00 3.471940338238900310e+35 1.008343633641590015e+06
-8.779116624704329297e+00 3.472032361412869862e+35 1.008344903696730034e+06
-8.778715561013086699e+00 3.472084207811579741e+35 1.008345607110869954e+06
-8.777917444283957593e+00 3.472187656057130180e+35 1.008346986415309948e+06
-8.776329191983677447e+00 3.637885765057559699e+35 1.008349711425089976e+06
-8.775463849306106567e+00 3.472506509921800352e+35 1.008351194733549957e+06
-8.774972454324597493e+00 3.472570397696909682e+35 1.008352040471439948e+06
-8.774680469141458161e+00 3.472608414842469820e+35 1.008352538315520040e+06
-8.774099418616970070e+00 3.472684338336439669e+35 1.008353506830199971e+06
-8.772943128074984998e+00 3.472835915768270168e+35 1.008355401798189967e+06
-8.770642109884647653e+00 3.603377204948019962e+35 1.008359100940390024e+06
-8.769373694580281153e+00 3.473306840278350345e+35 1.008361086916449945e+06
-8.766849548133905046e+00 3.555542150030790125e+35 1.008364888451660052e+06
-8.765460385737242177e+00 3.474084741146889765e+35 1.008366981347669964e+06
-8.764639202199759893e+00 3.474490881255750216e+35 1.008368189584149979e+06
-8.763005046959733590e+00 3.616690708843379650e+35 1.008370494867029949e+06
-8.759753078018547967e+00 3.599456889127889812e+35 1.008374871297799982e+06
-8.756226360681466758e+00 4.549501331199079844e+35 1.008379449217870017e+06
-8.754288124604499899e+00 5.567770643735370293e+35 1.008381868250280037e+06
-8.750490318707306869e+00 2.528067719466639911e+36 1.008386349345230032e+06
-8.748366817031637765e+00 6.518493481493879715e+36 1.008388815277450019e+06
-8.747122196160489693e+00 5.600594921879059815e+36 1.008390216527519980e+06
-8.744645400642184541e+00 5.503417328300269892e+36 1.008392882577770040e+06
-8.739716577561921440e+00 6.128237937959510109e+36 1.008397833043070044e+06
-8.730306101992027834e+00 8.119331271329749473e+36 1.008406356150559965e+06
-8.725556098579545505e+00 9.104184464202950070e+36 1.008410385692210053e+06
-8.722956954778055660e+00 8.396461976955279961e+36 1.008412485844959971e+06
-8.719782104206387885e+00 8.047312563422410400e+36 1.008414956989079947e+06
-8.715386198353371583e+00 7.859946677395829675e+36 1.008418223563489970e+06
-8.708321033031097613e+00 8.580836221127129828e+36 1.008423251033009961e+06
-8.704481915541691706e+00 8.016678858234030238e+36 1.008425842620200012e+06
-8.699344622305943631e+00 7.546887399653119958e+36 1.008429132636909955e+06
-8.691585457738256082e+00 7.117951678205079872e+36 1.008433802687379997e+06
-8.678989113454008475e+00 6.617704231042609692e+36 1.008440793641229975e+06
-8.663031116549973376e+00 6.095535045652400545e+36 1.008448855243630009e+06
-8.645372224302263930e+00 5.568316444748590447e+36 1.008456939590330003e+06
-8.625751371058868244e+00 5.140878577901330247e+36 1.008465237462910009e+06
-8.603988206567009911e+00 4.842054264543520122e+36 1.008473930624649976e+06
-8.581088959865155630e+00 4.587754681854550020e+36 1.008482632483919966e+06
-8.557328968236106448e+00 4.375650125358070268e+36 1.008491312298209989e+06
-8.532288266025716439e+00 4.239530087784400034e+36 1.008500360941809951e+06
-8.505556238553253934e+00 4.179597545956509797e+36 1.008510044928599964e+06
-8.476030717851244844e+00 4.131252020210339835e+36 1.008520778221140034e+06
-8.443764985262532718e+00 4.065646779451289922e+36 1.008532541327059967e+06
-8.407505802621017210e+00 4.028343788420729883e+36 1.008546039354990004e+06
-8.367303695442387834e+00 4.067735788011630213e+36 1.008561306644810014e+06
-8.327808947680750862e+00 4.235000503661400005e+36 1.008576446828679997e+06
-8.290453808804159053e+00 4.350728288477800287e+36 1.008591236332849949e+06
-8.240685942975687794e+00 4.541533502503410284e+36 1.008611297157670022e+06
-8.207223481207620353e+00 4.763366915856319906e+36 1.008625042069909978e+06
-8.176775342406472191e+00 4.877321542159509975e+36 1.008637691437939997e+06
-8.146632061761920340e+00 5.003180338279339733e+36 1.008650443961750017e+06
-8.115992469232878648e+00 5.093380412908190139e+36 1.008663506823320058e+06
-8.084201263263821602e+00 5.213983382218250075e+36 1.008677254100090009e+06
-8.050837004382628947e+00 5.391060177551789575e+36 1.008691828092879965e+06
-8.015497355983825400e+00 5.709614315845380149e+36 1.008707454949049978e+06
-7.978090819364297204e+00 5.945637641698210509e+36 1.008724093494600034e+06
-7.938681569678010419e+00 6.281673265648490009e+36 1.008741846624369966e+06
-7.899641375130158849e+00 6.697444147281199774e+36 1.008759561337599996e+06
-7.862342241220176220e+00 7.067015302595330583e+36 1.008776693445379962e+06
-7.826741450393456034e+00 7.361136889451450574e+36 1.008793197299030027e+06
-7.792857412321609445e+00 7.669153750754640481e+36 1.008809093623389956e+06
-7.760079914354719222e+00 7.985490398884830018e+36 1.008824599256859976e+06
-7.728413885633926839e+00 8.283672578427319728e+36 1.008839665742279962e+06
-7.696932768492843024e+00 8.565889745276270031e+36 1.008854719490880030e+06
-7.665604939233162440e+00 8.857542537426900030e+36 1.008869769458160037e+06
-7.634103906486416236e+00 9.165912603441719862e+36 1.008884940644699964e+06
-7.601371407363330945e+00 9.506818634688950060e+36 1.008900720513139968e+06
-7.565847978607052937e+00 9.891253023290160167e+36 1.008917816178950015e+06
-7.527237951042479835e+00 1.032220126395379957e+37 1.008936370866170037e+06
-7.484923587981029414e+00 1.080815473495429994e+37 1.008956658405859955e+06
-7.434697534961742349e+00 1.139559059312199983e+37 1.008980627949250047e+06
-7.374959830587613396e+00 1.211153582174369934e+37 1.009008975325130043e+06
-7.307238701556343585e+00 1.295281746310399910e+37 1.009040883397510042e+06
-7.239797774731414393e+00 1.382575613499280038e+37 1.009072387323089992e+06
-7.172328929009381682e+00 1.473508726956459972e+37 1.009103632780269952e+06
-7.104828978786827065e+00 1.568282589148649971e+37 1.009134594439530047e+06
-7.037203681713435799e+00 1.666958517184560099e+37 1.009165293501670007e+06
-6.969353029053309001e+00 1.769440757225830102e+37 1.009195746261200053e+06
-6.901267576526151970e+00 1.875474074474560087e+37 1.009225928636920056e+06
-6.832854671622044407e+00 1.984665487659190066e+37 1.009255857042449992e+06
-6.764041235044714995e+00 2.096734717482919883e+37 1.009285521922410000e+06
-6.694812027271836996e+00 2.211176485099899981e+37 1.009314898939420003e+06
-6.625064911160734482e+00 2.327761747222740084e+37 1.009344020594949950e+06
-6.554805534717161208e+00 2.446133494764020109e+37 1.009372863969739992e+06
-6.483950463589280844e+00 2.566061328406590227e+37 1.009401447566939984e+06
-6.412484759057406336e+00 2.687318953211700134e+37 1.009429766806210042e+06
-6.340355527354404330e+00 2.809738275068169933e+37 1.009457838853850029e+06
-6.267547623123391531e+00 2.933169731462580219e+37 1.009485669499099953e+06
-6.194016891138744541e+00 3.057593000621070131e+37 1.009513284573390032e+06
-6.119769179553259164e+00 3.182935444186560121e+37 1.009540688509240048e+06
-6.044744331651600078e+00 3.309227815754350160e+37 1.009567924067880027e+06
-5.968991892092162743e+00 3.436369932125029797e+37 1.009594987581570051e+06
-5.892470240971306339e+00 3.564621907506419866e+37 1.009621919987039990e+06
-5.815195356262847781e+00 3.693956064611679999e+37 1.009648741636099992e+06
-5.737210317936842330e+00 3.824316448731369868e+37 1.009675467656090041e+06
-5.658479453384643421e+00 3.955886759216589784e+37 1.009702136426029960e+06
-5.578974808435305022e+00 4.088874617222149918e+37 1.009728788064789958e+06
-5.498743670119438320e+00 4.223287505074840206e+37 1.009755434855859959e+06
-5.417792539810761809e+00 4.359229832315370344e+37 1.009782103998639970e+06
-5.336125437068403699e+00 4.496867987511700116e+37 1.009808816157720052e+06
-5.253750860967556946e+00 4.636202282788349893e+37 1.009835592328279978e+06
-5.170680509560042992e+00 4.777321691300289732e+37 1.009862446938680019e+06
-5.086928161763353273e+00 4.920433358174250250e+37 1.009889391394239967e+06
-5.002508549296180718e+00 5.065300954341129602e+37 1.009916435077160015e+06
-4.917436217554495670e+00 5.212086988862020395e+37 1.009943577577339951e+06
-4.831724443109123968e+00 5.360701335880399742e+37 1.009970822307950002e+06
-4.745384264620952308e+00 5.511112278633209623e+37 1.009998162423450034e+06
-4.658423579079681076e+00 5.663233017255740258e+37 1.010025587201270042e+06
-4.570846292845089920e+00 5.816943765007580075e+37 1.010053084388860036e+06
-4.482651504935347475e+00 5.972059531752560312e+37 1.010080639913590043e+06
-4.393832717076293193e+00 6.128471378038649600e+37 1.010108232486580033e+06
-4.304377078151446767e+00 6.285985922036960445e+37 1.010135840666370001e+06
-4.223708734483807348e+00 6.428778962543759623e+37 1.010160198060919996e+06
-4.150914807818480767e+00 6.557574618528040033e+37 1.010182126221650047e+06
-4.085201743568177335e+00 6.674305406501579533e+37 1.010201693310130038e+06
-4.025779885763768107e+00 6.779714027109690249e+37 1.010219271954930038e+06
-3.971953922795364633e+00 6.874836257425569550e+37 1.010235090806270018e+06
-3.922928139218129218e+00 6.961096438378449540e+37 1.010249404590980033e+06
-3.876895849389256909e+00 7.041630037982640000e+37 1.010262756919699954e+06
-3.829728630124009214e+00 7.123390156897539746e+37 1.010276335212609963e+06
-3.743445827756659128e+00 7.268176504142959920e+37 1.010300855936079985e+06
-3.651183194073382765e+00 7.423894565432039912e+37 1.010326499196929974e+06
-3.558041908370796591e+00 7.578978684443159861e+37 1.010351870003330056e+06
-3.463909846133901738e+00 7.732765044358359802e+37 1.010376970280230045e+06
-3.368839525821385905e+00 7.884792366067189861e+37 1.010401728605919983e+06
-3.272795030759880319e+00 8.034891762834689712e+37 1.010426111206660047e+06
-3.175804491096641868e+00 8.182615857758089796e+37 1.010450053881220054e+06
-3.077838917670305818e+00 8.327512031376909908e+37 1.010473511925869971e+06
-2.978867532525327988e+00 8.469490932259090016e+37 1.010496439903410035e+06
-2.878865297141601332e+00 8.608135603702959381e+37 1.010518798544249963e+06
-2.777767593084718101e+00 8.743204397470970344e+37 1.010540548249320011e+06
-2.675526207371149212e+00 8.874670226597349527e+37 1.010561654819380026e+06
-2.572092845395673066e+00 9.002002616763179676e+37 1.010582070348210051e+06
-2.467418553293100558e+00 9.125117497488440348e+37 1.010601763191199978e+06
-2.361452555007417686e+00 9.243696773054479989e+37 1.010620687125160010e+06
-2.257557864766567945e+00 9.354463709071039839e+37 1.010638257636009948e+06
-2.162328172664274462e+00 9.451784612201310238e+37 1.010653512810720014e+06
-2.074953425020794384e+00 9.536835837602640282e+37 1.010666818367820000e+06
-1.994849647744558752e+00 9.611474440206450660e+37 1.010678429650670034e+06
-1.921467875028611161e+00 9.677017878902320280e+37 1.010688577707940014e+06
-1.854520903041702695e+00 9.734273721489520870e+37 1.010697428077599965e+06
-1.792200044466881081e+00 9.785384126311320802e+37 1.010705314410250052e+06
-1.731833862751955166e+00 9.832793393845320288e+37 1.010712625964769977e+06
-1.664392555947415531e+00 9.882473583624839586e+37 1.010720380544499960e+06
-1.548719116952270269e+00 9.957519040713490843e+37 1.010732501769599970e+06
-1.439616437230142765e+00 1.002644713884079965e+38 1.010742760008140001e+06
-1.320724612116464414e+00 1.009294428868749924e+38 1.010752747741259984e+06
-1.199789574064197950e+00 1.015466144087450019e+38 1.010760435899910051e+06
-1.076540162175660953e+00 1.020930915612130070e+38 1.010767588140359963e+06
-9.509485414309892803e-01 1.025899116193560092e+38 1.010773988065870013e+06
-8.229229457210749388e-01 1.030374301505489970e+38 1.010777704436969943e+06
-6.923828052968019620e-01 1.033927082999840090e+38 1.010781049428469967e+06
-5.592702685971744359e-01 1.036782154058260058e+38 1.010783643054930028e+06
-4.235655957309063524e-01 1.038944334564019956e+38 1.010785202038040035e+06
-2.852296995260985568e-01 1.040418007681549969e+38 1.010785603804660030e+06
-1.441003073268802837e-01 1.041191264100639982e+38 1.010784799349260051e+06
0.000000000000000000e+00 1.041252508372390022e+38 1.010782762688489980e+06
1.466597779217408970e-01 1.040634517847530067e+38 1.010779504919309984e+06
2.818433889333391562e-01 1.039604947044590025e+38 1.010775542001029942e+06
4.065160093305166811e-01 1.038221702085459999e+38 1.010771146083689993e+06
5.212746803299523890e-01 1.036598757167390072e+38 1.010766503327629995e+06
6.261074304202338681e-01 1.034842973323700053e+38 1.010761788756749942e+06
7.230841303244233131e-01 1.032981450181790092e+38 1.010757043719160021e+06
8.142778492619981989e-01 1.031026420950979929e+38 1.010752255571180023e+06
9.054760922153946012e-01 1.028846359583650082e+38 1.010747152842569980e+06
1.030988695754786022e+00 1.025275471255299943e+38 1.010739558447279967e+06
1.169982204664847814e+00 1.021080722343879955e+38 1.010730437978049973e+06
1.343547522978042252e+00 1.015158047290660022e+38 1.010718140859710053e+06
1.521562233348959126e+00 1.008751003349479908e+38 1.010704648887580028e+06
1.704956644040066749e+00 1.001663556317159949e+38 1.010689998667640029e+06
1.893902037700172514e+00 9.939244907475870652e+37 1.010674222088539973e+06
2.088646375297685154e+00 9.855568314384679580e+37 1.010657358688610024e+06
2.289473258366342634e+00 9.765855213509509575e+37 1.010639451684760046e+06
2.496720160372206010e+00 9.670361590978020562e+37 1.010620547589140013e+06
2.710774894760106690e+00 9.569363173718869403e+37 1.010600693681890029e+06
2.932091746028163470e+00 9.463140042718169590e+37 1.010579939831590047e+06
3.161212713370332494e+00 9.351978555054329289e+37 1.010558332610549987e+06
3.398741587734548375e+00 9.236181515721130395e+37 1.010535921787320054e+06
3.645364057549159043e+00 9.116059991701239519e+37 1.010512752989399945e+06
3.873809845434152521e+00 9.006730510770800250e+37 1.010491463825799990e+06
4.083115458488464355e+00 8.907691920541329928e+37 1.010472178620369988e+06
4.275639560830313712e+00 8.817640920806880165e+37 1.010454659602029948e+06
4.452409189500031061e+00 8.735997694391879687e+37 1.010438775470479974e+06
4.614739093536627479e+00 8.661966154093490616e+37 1.010424372602279996e+06
4.763130927676684223e+00 8.595146922450089799e+37 1.010411366318249959e+06
4.900615255639422685e+00 8.533916517635319487e+37 1.010399458488140022e+06
5.031818059957004152e+00 8.476028183548289721e+37 1.010388224158299970e+06
5.175402233435306698e+00 8.412772919830369944e+37 1.010376069699050044e+06
5.340762928695767187e+00 8.340602151348540218e+37 1.010362249003260047e+06
5.491317954001715407e+00 8.277003484495390245e+37 1.010349805872450001e+06
5.631661281382548623e+00 8.218580197505509628e+37 1.010338367017620010e+06
5.769829469325486571e+00 8.161718599987049846e+37 1.010327248578259954e+06
5.956166878459043801e+00 8.084674498919960115e+37 1.010312490083819954e+06
6.166050482846912928e+00 8.000396734994809591e+37 1.010296147658189991e+06
6.409168744401540607e+00 7.904942145208670062e+37 1.010277674749279977e+06
6.698771969677181914e+00 7.794640212562609977e+37 1.010256341975930030e+06
7.041856711584841833e+00 7.669564117280830216e+37 1.010232049934369978e+06
7.463217531432746910e+00 7.524286189381430367e+37 1.010203721175460028e+06
7.887202814352349378e+00 7.390216397625670002e+37 1.010176805124250008e+06
8.323821360958390869e+00 7.262001072890939937e+37 1.010150749390930054e+06
8.788836234147311188e+00 7.135102407163470394e+37 1.010124702170029981e+06
9.300014294189168140e+00 7.005851708264359562e+37 1.010097900346920011e+06
9.880044651887146756e+00 6.870805396766100360e+37 1.010069569005519967e+06
1.047811539666145109e+01 6.745288643001890233e+37 1.010042388435989968e+06
1.108560638371272944e+01 6.629224309484099926e+37 1.010016640213749954e+06
1.165611352495034225e+01 6.530319589262510133e+37 1.009993932665809989e+06
1.217190208607644308e+01 6.447868140680149654e+37 1.009974472218750045e+06
1.263799377676332369e+01 6.377688139276960314e+37 1.009957637321679969e+06
1.306009964160330128e+01 6.316996145000570017e+37 1.009942914644400007e+06
1.344340806338004768e+01 6.263863817949190242e+37 1.009929922044449951e+06
1.379272683315502945e+01 6.216851369766230107e+37 1.009918356868369970e+06
1.411236959748202935e+01 6.174856945183410186e+37 1.009907980384940049e+06
1.440598791939555667e+01 6.137044618457100315e+37 1.009898605855950038e+06
1.467642312050156761e+01 6.102807033695960001e+37 1.009890094642729964e+06
1.492605393148551229e+01 6.071663507644820233e+37 1.009882335475360043e+06
1.515610345733875874e+01 6.043347118352970016e+37 1.009875260672179982e+06
1.537181403212889563e+01 6.017002090957180120e+37 1.009868690404189983e+06
1.558153608343855012e+01 5.991407455668840061e+37 1.009862345894929953e+06
1.584709075689897873e+01 5.957344659294439976e+37 1.009854311251410050e+06
1.611539598977833521e+01 5.923793482273569825e+37 1.009846201351459953e+06
1.638371867862588260e+01 5.890677276063059648e+37 1.009838159232269973e+06
1.663132877329189796e+01 5.861007326660569969e+37 1.009830811304340023e+06
1.686240168609947432e+01 5.833740643864240355e+37 1.009824030769109959e+06
1.708467271887639072e+01 5.807671754437020150e+37 1.009817567288590013e+06
1.733924666840175632e+01 5.776890265421349716e+37 1.009810183668019949e+06
1.767767707869643345e+01 5.734269053608029530e+37 1.009800363686500001e+06
1.799199861790111754e+01 5.697213256052789570e+37 1.009791316510539968e+06
1.840667446245788597e+01 5.646001346097980228e+37 1.009779536155430018e+06
1.895546505894162692e+01 5.578538663043549977e+37 1.009764160555029986e+06
1.975303993413399439e+01 5.482034519097619898e+37 1.009742426410080050e+06
2.102555367254535668e+01 5.171717780668050466e+37 1.010784649126220029e+06
2.127619379173847847e+01 5.163019157265639725e+37 1.010817242985320045e+06
2.177496762892405968e+01 5.142915436956259578e+37 1.010828879253959982e+06
2.276752756492351182e+01 5.080042522200389761e+37 1.010794362500739982e+06
2.398363779162173159e+01 4.998069295760730407e+37 1.010732550768989953e+06
2.507917142630321905e+01 4.930288345729850343e+37 1.010675599628539989e+06
2.608177350589539856e+01 4.865749384262939989e+37 1.010624317771599977e+06
2.699145531484100502e+01 4.805521861488749577e+37 1.010578798304680036e+06
2.781644609730574302e+01 4.749806398153439742e+37 1.010538457125809975e+06
2.856372672405268531e+01 4.698850924194379675e+37 1.010502744704109966e+06
2.924122980124957394e+01 4.652490785958550460e+37 1.010471084938609973e+06
2.985663108022708911e+01 4.610371352634849754e+37 1.010442926344319945e+06
3.041777276840002742e+01 4.572009453769359984e+37 1.010417748550580000e+06
3.093214856357371900e+01 4.536910861931610353e+37 1.010395082923489972e+06
3.140675638895481825e+01 4.504584993739409889e+37 1.010374512992879958e+06
3.184794558527937625e+01 4.474589211022619698e+37 1.010355681447130046e+06
3.226073395059211180e+01 4.446586188124650156e+37 1.010338309688830050e+06
3.265140307349793147e+01 4.420093240841359610e+37 1.010322080132259987e+06
3.303116369488998316e+01 4.394192551564770413e+37 1.010306482315980014e+06
3.343134332934278063e+01 4.366147516274830342e+37 1.010290156972520053e+06
3.391100234826444648e+01 4.330916102062949585e+37 1.010270633564939955e+06
3.435573762898275163e+01 4.300601104653869953e+37 1.010252860879619955e+06
3.477473189723968972e+01 4.272664766464200242e+37 1.010236464704980026e+06
3.517940252102562226e+01 4.245843968051440199e+37 1.010220905499150045e+06
3.558897276560310274e+01 4.218469884089359842e+37 1.010205366530010011e+06
3.615175731720228214e+01 4.177326403165809888e+37 1.010183993259120034e+06
3.659975610151013825e+01 4.149676583864079891e+37 1.010167476666599978e+06
3.720288050670933444e+01 4.107356241636950062e+37 1.010145489652310032e+06
3.775322429333755281e+01 4.073032357243509786e+37 1.010126015921729966e+06
3.826370816474081948e+01 4.042330159099560114e+37 1.010108482259829994e+06
3.874400999705540016e+01 4.013919315473269964e+37 1.010092363643000019e+06
3.920113318020594306e+01 3.987134225102500074e+37 1.010077304700269946e+06
3.964827200454601552e+01 3.960940944194700109e+37 1.010062792406970053e+06
4.011794642983295489e+01 3.932878555114310152e+37 1.010047694581939955e+06
4.104369675726047717e+01 3.868063809521919885e+37 1.010017495594609994e+06
4.165805727292899974e+01 3.839090707055600201e+37 1.009998821688150056e+06
4.252200133707083296e+01 3.787227026379209879e+37 1.009972900966680027e+06
4.329674199502915144e+01 3.747572749818959969e+37 1.009950610516470042e+06
4.400305707323423121e+01 3.712767142269370139e+37 1.009930983053929987e+06
4.465080565458629280e+01 3.681406750873329860e+37 1.009913421053200029e+06
4.525094433654157910e+01 3.652593140132320173e+37 1.009897451753949979e+06
4.581326003956201021e+01 3.625736101608720162e+37 1.009882718203420052e+06
4.634778740814363118e+01 3.600279739683599865e+37 1.009868899451839970e+06
4.687055587455688510e+01 3.575291729725370058e+37 1.009855539519810001e+06
4.740657137382368091e+01 3.549340576392140137e+37 1.009841965607619961e+06
4.808075590201769955e+01 3.514270026186390056e+37 1.009824861046539969e+06
4.876396486512385309e+01 3.481517070024970149e+37 1.009807911255980027e+06
4.982379835295432713e+01 3.425335530594550076e+37 1.009781832452959963e+06
5.193286699373857118e+01 3.317345947329020014e+37 1.009732641410329961e+06
5.408461159515718464e+01 3.239266159748749794e+37 1.009688602435790002e+06
5.602664824138628319e+01 3.175322513352169769e+37 1.009651191358319949e+06
5.776924197064363398e+01 3.117774099702719816e+37 1.009618593518689973e+06
5.933997274858120363e+01 3.065916703765780132e+37 1.009589917999570025e+06
6.075166501068451907e+01 3.020081844123539817e+37 1.009564803851959994e+06
6.201836112907039933e+01 2.979726463446449799e+37 1.009542812396769994e+06
6.315582119981991127e+01 2.944180046245860158e+37 1.009523516550709959e+06
6.418111369178222958e+01 2.912722276970479800e+37 1.009506491073120036e+06
6.511154375286423601e+01 2.884586175296050152e+37 1.009491327650789986e+06
6.596458992191764992e+01 2.859068791502779923e+37 1.009477653352570022e+06
6.675799093428940978e+01 2.835494489010369971e+37 1.009465117525020032e+06
6.750913266684801783e+01 2.813238928356130150e+37 1.009453396536529996e+06
6.823604070817236789e+01 2.791689906525889967e+37 1.009442178307899972e+06
6.896834067322197370e+01 2.769746211068029919e+37 1.009430977782660048e+06
6.974903117938083597e+01 2.745902721311720129e+37 1.009419119503829977e+06
7.050765852649055887e+01 2.723938104798469919e+37 1.009407764478420024e+06
7.125558568139967974e+01 2.702405146313879872e+37 1.009396719849150046e+06
7.202834947040537372e+01 2.679840609540610023e+37 1.009385422362589976e+06
7.290991761353507172e+01 2.653095108809440224e+37 1.009372587686010054e+06
7.443302559014409781e+01 2.601383702900269879e+37 1.009350349818720017e+06
7.579359410901088268e+01 2.568517909097310030e+37 1.009332045610770001e+06
7.701618316062376834e+01 2.540446326473069811e+37 1.009316261737879948e+06
7.812404839062946849e+01 2.515236530276339885e+37 1.009302257260799990e+06
7.913713072885002475e+01 2.492283530973650135e+37 1.009289641222479986e+06
8.007550645904848352e+01 2.471084447304180232e+37 1.009278104440039955e+06
8.095985855702019762e+01 2.451131376727869902e+37 1.009267358513599960e+06
8.180936444074905012e+01 2.431979867411029875e+37 1.009257149036339950e+06
8.265701873181387782e+01 2.412682713648650042e+37 1.009247056812800001e+06
8.353944639353721868e+01 2.392375610718389767e+37 1.009236643980819965e+06
8.454894086187414359e+01 2.368264334218500212e+37 1.009224782357690041e+06
8.618876711462507956e+01 2.324635351514529980e+37 1.009205472511210013e+06
8.765827587716921698e+01 2.297215018651769920e+37 1.009189510928099975e+06
8.898265054103103466e+01 2.273531694653099862e+37 1.009175639717829996e+06
9.018766887899255380e+01 2.251998668999420131e+37 1.009163230759850005e+06
9.129519716712820809e+01 2.232180771088219870e+37 1.009151962583929999e+06
9.232705971362884156e+01 2.213694744228899842e+37 1.009141576342839980e+06
9.330592890515981708e+01 2.196112849666590074e+37 1.009131821532589965e+06
9.425292302788875531e+01 2.179061548798489782e+37 1.009122474034789950e+06
9.520938554299937095e+01 2.161546358325869971e+37 1.009113104031249997e+06
9.622012459883990232e+01 2.142740215455979939e+37 1.009103274934299989e+06
9.741779652252444066e+01 2.119233259841680118e+37 1.009091637621560018e+06
9.915262236996204592e+01 2.083083717116849889e+37 1.009074878143519978e+06
1.007151279675163096e+02 2.059773828616769988e+37 1.009060868688969989e+06
1.021335626873478759e+02 2.039216684062770118e+37 1.009048528087649960e+06
1.034339584053959697e+02 2.020251843901770058e+37 1.009037361306010047e+06
1.046391221180965658e+02 2.002563080126200014e+37 1.009027109394780011e+06
1.057721683755371487e+02 1.985827238679359966e+37 1.009017551304640016e+06
1.068574364155501826e+02 1.969677134599259970e+37 1.009008467884319951e+06
1.079204451365367277e+02 1.953714342509219987e+37 1.008999634824499954e+06
1.090061413770454237e+02 1.937045637834399891e+37 1.008990659303889959e+06
1.101007095723325619e+02 1.920528590129470050e+37 1.008981701471899985e+06
1.111961494256684091e+02 1.904091718534099985e+37 1.008972796506920015e+06
1.123550937009422341e+02 1.885999486056639886e+37 1.008963386584689957e+06
1.137142835432168795e+02 1.863585524194670044e+37 1.008952344756289967e+06
1.156052605011063861e+02 1.830797087694069921e+37 1.008937084296629997e+06
1.173286182449664921e+02 1.808983087975759917e+37 1.008924149977709982e+06
1.189068247279501520e+02 1.789591823863620021e+37 1.008912643010689993e+06
1.203670029106142465e+02 1.771599091234600052e+37 1.008902138978419942e+06
1.217330972066120012e+02 1.754708305142500063e+37 1.008892410070599988e+06
1.230291974397696322e+02 1.738626674853979968e+37 1.008883263558379957e+06
1.242807087591791060e+02 1.723018125534619973e+37 1.008874505512419972e+06
1.255180431417975342e+02 1.707441933180830022e+37 1.008865909548740019e+06
1.268003229004243622e+02 1.690873279075809966e+37 1.008857040780580021e+06
1.280612542896997184e+02 1.675285618457399980e+37 1.008848434723219951e+06
1.293703713799768593e+02 1.658325526345960019e+37 1.008839478876380017e+06
1.307016599299822701e+02 1.641211052815029960e+37 1.008830428770259954e+06
1.320070146215148270e+02 1.624811115800830097e+37 1.008821633472010028e+06
1.333534638019336853e+02 1.607396902820289968e+37 1.008812611535390024e+06
1.348373039660655195e+02 1.587761482709299992e+37 1.008802744189469959e+06
1.369179489873495186e+02 1.557626093334619906e+37 1.008788873504539952e+06
1.391713548540428746e+02 1.530707578437810098e+37 1.008774694066439988e+06
1.412449718620773638e+02 1.509914326820810047e+37 1.008762344793469994e+06
1.431660633154388051e+02 1.450380637447920089e+37 1.009303017157820053e+06
1.437181405647133943e+02 1.455467401027879907e+37 1.009310067165020038e+06
1.448167742907680804e+02 1.452679561696460073e+37 1.009303099329340039e+06
1.465220912428048905e+02 1.443038465007740046e+37 1.009282002944509964e+06
1.481163732778222766e+02 1.437017799640629901e+37 1.009261447344260057e+06
1.496484158341772854e+02 1.429644726749150008e+37 1.009241700479950057e+06
1.511604291103431024e+02 1.420747587578600064e+37 1.009222316976179951e+06
1.527171554759552237e+02 1.409970169316099941e+37 1.009202500776150031e+06
1.542778934984817170e+02 1.398516917623010092e+37 1.009182947953440016e+06
1.558468195218738401e+02 1.385970560378960107e+37 1.009163540430039982e+06
1.575204269248788478e+02 1.371038195147450058e+37 1.009143055031980039e+06
1.595991958549711853e+02 1.349729667823670013e+37 1.009117785898330039e+06
1.628306141408393160e+02 1.313854032823639945e+37 1.009079668819890008e+06
1.658177256233320804e+02 1.290748366142549887e+37 1.009048011112899985e+06
1.685810065708355978e+02 1.269060987818899990e+37 1.009020121823680005e+06
1.711688203307130607e+02 1.248272183849580010e+37 1.008994926490979968e+06
1.736003045726538403e+02 1.228458381413719928e+37 1.008971971351230051e+06
1.758978556190850213e+02 1.209584888434169908e+37 1.008950903953879955e+06
1.780824533554696245e+02 1.191462123907170022e+37 1.008931378418619977e+06
1.801768815723917214e+02 1.173946516645550038e+37 1.008913101850560051e+06
1.821955733641952975e+02 1.156940847090800059e+37 1.008895864839309943e+06
1.841888708406768274e+02 1.139801273286760060e+37 1.008879148521939991e+06
1.862186025200353470e+02 1.121929874641699920e+37 1.008862397377809975e+06
1.884434502617514227e+02 1.101375789492610095e+37 1.008844231505619944e+06
1.918364317481609760e+02 1.065515678267029915e+37 1.008816413604010013e+06
1.957409443808428477e+02 1.030411882203890009e+37 1.008786596140419948e+06
1.994411171405081404e+02 1.000832663895709967e+37 1.008760017791779945e+06
2.029615799686871469e+02 9.719508163627849742e+36 1.008735348780159955e+06
2.063299635044386378e+02 9.440419731561260109e+36 1.008712285302459961e+06
2.095670051245251670e+02 9.169713723159250016e+36 1.008690559913489968e+06
2.126832729501620634e+02 8.906790138318599841e+36 1.008670010538780014e+06
2.157022198674676474e+02 8.648883941807289441e+36 1.008650387312219944e+06
2.186374485869018827e+02 8.396031717671309529e+36 1.008631567745669978e+06
2.215227257340593496e+02 8.144416586154000100e+36 1.008613267822299968e+06
2.244178497358952882e+02 7.888247575500820474e+36 1.008595067020480055e+06
2.275013059094635537e+02 7.608113226927469477e+36 1.008575759272280033e+06
2.305773338139551925e+02 7.331413416333179638e+36 1.008556703463610029e+06
2.338394860792614054e+02 7.026778418411869480e+36 1.008536430639820057e+06
2.372668410681362730e+02 6.703240105026580233e+36 1.008515160944420029e+06
2.407299953759938944e+02 6.378359029551640494e+36 1.008493843866429990e+06
2.444796267030760646e+02 6.023268722240120515e+36 1.008470849744479987e+06
2.485331223784451140e+02 5.640273417941140083e+36 1.008446068294010009e+06
2.526514077767205890e+02 5.260416574907810264e+36 1.008421179154039943e+06
2.570726331291371025e+02 4.859709557472719785e+36 1.008394714089539950e+06
2.630761548405280337e+02 4.327745869792120091e+36 1.008359155687459977e+06
2.696258578637643950e+02 3.711594759362479904e+36 1.008670109341960051e+06
2.723042958243022440e+02 3.540853099729899711e+36 1.008645401262809988e+06
2.776343873657606309e+02 3.190298822345589855e+36 1.008589094447970041e+06
2.828096718383458210e+02 2.883636408420990009e+36 1.008538096409369959e+06
2.881995421550527681e+02 2.591738096950259921e+36 1.008489367550540017e+06
