# time luminosity radius
-2.100656908457131067e+01 1.227205947344009998e+36 1.090185593478010014e+04
-1.995578952643336379e+01 1.259316552905129939e+36 1.090290671433819989e+04
-1.869934966758773953e+01 1.291374948417979942e+36 1.090416315419700004e+04
-1.727899302951300342e+01 1.327741680324570026e+36 1.090558351083510024e+04
-1.569546828611055389e+01 1.371292251210469934e+36 1.090716703557850087e+04
-1.393196158922910399e+01 1.426165185561430068e+36 1.090893054227540051e+04
-1.196113957273155393e+01 1.498980568597570129e+36 1.091090136429189988e+04
-9.742003338826179970e+00 1.605526694170239894e+36 1.091312050052579980e+04
-7.203268307428515982e+00 1.791303353618780132e+36 1.091565923555719928e+04
-6.978578808992097038e+00 1.830091906925910000e+36 1.091588392505559932e+04
-6.531446707102077198e+00 1.880442761274940133e+36 1.091633105715750025e+04
-5.641653824341119616e+00 1.989256365865299903e+36 1.091722085004029941e+04
-5.489278380275209201e+00 2.017240193513300121e+36 1.091737322548429984e+04
-5.186051246584611363e+00 2.065526234749610015e+36 1.091767645261799953e+04
-4.582629250538957422e+00 2.171525863437609867e+36 1.091827987461409975e+04
-3.465614959377489868e+00 2.469434075665740104e+36 1.091939688890519938e+04
-3.457932700099263457e+00 2.482427700202770028e+36 1.091940457116449943e+04
-3.456642332603223622e+00 2.482898680199499989e+36 1.091940586153199911e+04
-3.455746441388328094e+00 2.483169309297920028e+36 1.091940675742319945e+04
-3.455229795437844587e+00 2.483338010609409981e+36 1.091940727406920087e+04
-3.454915029382391367e+00 2.483440540684479985e+36 1.091940758883519993e+04
-3.454679266242237645e+00 2.483516858673709974e+36 1.091940782459840011e+04
-3.454473712185063050e+00 2.483583134875540109e+36 1.091940803015240090e+04
-3.454272715569459251e+00 2.483647778080150084e+36 1.091940823114910017e+04
-3.454122836192254908e+00 2.483696277802229863e+36 1.091940838102839916e+04
-3.453992447299242485e+00 2.483738372717770138e+36 1.091940851141729945e+04
-3.453874928803998046e+00 2.483776326608389990e+36 1.091940862893580015e+04
-3.453764213176327758e+00 2.483812089867710002e+36 1.091940873965140054e+04
-3.453658594762600842e+00 2.483846233062699934e+36 1.091940884526989976e+04
-3.453556198073783889e+00 2.483879355388099960e+36 1.091940894766649944e+04
-3.453455719747580588e+00 2.483911879411400117e+36 1.091940904814490023e+04
-3.453356443809752818e+00 2.483944036065700039e+36 1.091940914742079985e+04
-3.453257601910081576e+00 2.483976072462990088e+36 1.091940924626269953e+04
-3.453158461916245869e+00 2.484008224670769939e+36 1.091940934540270064e+04
-3.453058448205410969e+00 2.484040676840190094e+36 1.091940944541640056e+04
-3.452956720213478548e+00 2.484073700256529946e+36 1.091940954714439977e+04
-3.452852898337368970e+00 2.484107420579750059e+36 1.091940965096629952e+04
-3.452745385144226020e+00 2.484142350722399949e+36 1.091940975847949994e+04
-3.452634586017666152e+00 2.484178369261719932e+36 1.091940986927859922e+04
-3.452516846908110892e+00 2.484216643132119943e+36 1.091940998701769968e+04
-3.452393666404532269e+00 2.484256714358530053e+36 1.091941011019819962e+04
-3.452260452339032781e+00 2.484300046932920138e+36 1.091941024341229968e+04
-3.452115976775530726e+00 2.484347062622850017e+36 1.091941038788779952e+04
-3.451954637581366114e+00 2.484399567343099875e+36 1.091941054922699914e+04
-3.451770011357439216e+00 2.484459662765239893e+36 1.091941073385329946e+04
-3.451552077835003729e+00 2.484530599345630030e+36 1.091941095178680007e+04
-3.451285017144982703e+00 2.484617546170780079e+36 1.091941121884749919e+04
-3.450921053839920205e+00 2.484735965525419877e+36 1.091941158281080061e+04
-3.450379705449449830e+00 2.484912095010710087e+36 1.091941212415920018e+04
-3.449349663284010603e+00 2.485246936659840000e+36 1.091941315420130013e+04
-3.447607724070621771e+00 2.485814161066909911e+36 1.091941489614060083e+04
-3.445300893174135126e+00 2.486562437105520087e+36 1.091941720297139909e+04
-3.441930562921697856e+00 2.487606300753479869e+36 1.091942057330170064e+04
-3.437378587774219341e+00 2.488760832708729955e+36 1.091942512527680083e+04
-3.432411836771279923e+00 2.489412986173469866e+36 1.091943009202790017e+04
-3.426962042965897126e+00 2.488932276509229963e+36 1.091943554182170010e+04
-3.420834083039153484e+00 2.486287161394150093e+36 1.091944166978159956e+04
-3.413780399432653212e+00 2.479873530620919956e+36 1.091944872346520060e+04
-3.405479050776193617e+00 2.467496345216409974e+36 1.091945702481380067e+04
-3.395492523368375259e+00 2.446696310311899885e+36 1.091946701134129944e+04
-3.383201855858715135e+00 2.415702794142250125e+36 1.091947930200880000e+04
-3.367695137592818355e+00 2.375146651268520139e+36 1.091949480872700042e+04
-3.347564790063188411e+00 2.330135245374309882e+36 1.091951493907459917e+04
-3.320507685964912525e+00 2.291487165186230102e+36 1.091954199617869926e+04
-3.282458743891766062e+00 2.274572974815500089e+36 1.091958004512069965e+04
-3.225462160211463924e+00 2.295336350179369927e+36 1.091963704170439996e+04
-3.131409306233763346e+00 2.366418992441120000e+36 1.091973109455839949e+04
-2.947692884432399296e+00 2.504975661400829890e+36 1.091991481098020085e+04
-2.582097205046011368e+00 2.753027590215940148e+36 1.092028040665959998e+04
-2.091592619595758151e+00 3.182540454447029772e+36 1.092077091124499930e+04
-1.729967970175493974e+00 3.675226284862979727e+36 1.092113253589439955e+04
-1.448086446440356667e+00 4.277568704150680255e+36 1.092141441741820017e+04
-1.223247086794799543e+00 5.035300431627449898e+36 1.092163925677780026e+04
-1.061896374008938437e+00 5.866313537090780341e+36 1.092180060749060067e+04
-9.469603953784826444e-01 6.721080181916039484e+36 1.092191554346920020e+04
-8.513044978244579397e-01 7.735580606566679665e+36 1.092201119936679970e+04
-7.893855420206818962e-01 8.619957425109449614e+36 1.092207311832259984e+04
-7.453375573786615860e-01 9.417888002828109457e+36 1.092211716630720002e+04
-7.106945877749240026e-01 1.019090299507910040e+37 1.092215180927680012e+04
-6.822345246546319686e-01 1.095831926171919933e+37 1.092218026934000045e+04
-6.581646171198372031e-01 1.174275968099789893e+37 1.092220433924750068e+04
-6.375002852782927221e-01 1.255371726275410093e+37 1.092222500357930039e+04
-6.196104412192653399e-01 1.340036706662719946e+37 1.092224289342339944e+04
-6.040323590659681940e-01 1.430967460761640113e+37 1.092225847150560003e+04
-5.904107496444339631e-01 1.532506410911549938e+37 1.092227209311499973e+04
-5.784592288837302476e-01 1.646530171559809962e+37 1.092228404463570041e+04
-5.689696624704083661e-01 1.755689398407189928e+37 1.092229353420219923e+04
-5.615781633478036383e-01 1.860728865723820090e+37 1.092230092570130000e+04
-5.561003093462204561e-01 1.958688613373609919e+37 1.092230640355529977e+04
-5.517605448185349815e-01 2.026270276944339901e+37 1.092231074331980017e+04
-5.480613202125823591e-01 2.087304473090520013e+37 1.092231444254440066e+04
-5.447679836470342707e-01 2.113940587599390029e+37 1.092231773588100077e+04
-5.416685327800223604e-01 2.250258651456889860e+37 1.092232083533180048e+04
-5.383341241267771693e-01 2.375902644648990203e+37 1.092232416974049920e+04
-5.346822167248319602e-01 2.658370604672369909e+37 1.092232782164789933e+04
-5.305877443206554744e-01 2.956012074386770137e+37 1.092233191612029987e+04
-5.250793292852904415e-01 4.982278770798749602e+37 1.092233742453530067e+04
-5.200442105397087289e-01 5.254966870028559755e+37 1.092234245965410082e+04
-5.152568313951633172e-01 5.414129642222139673e+37 1.092234724703319989e+04
-5.105404220030322904e-01 5.677965857486820235e+37 1.092235196344259930e+04
-5.057801616621873109e-01 6.021537878644630426e+37 1.092235672370300017e+04
-5.008959108818089589e-01 6.487877945728239587e+37 1.092236160795370051e+04
-4.965492942646960728e-01 6.910530787378520328e+37 1.092236595457039948e+04
-4.922802440542000113e-01 7.350962985821450013e+37 1.092237022362060088e+04
-4.874807585292728618e-01 7.881577818144499742e+37 1.092237502310610034e+04
-4.816373056964948773e-01 8.575082391552390040e+37 1.092238086655890038e+04
-4.764948489646485541e-01 9.181698369422379259e+37 1.092238600901569953e+04
-4.708794833240972366e-01 9.908926005605690279e+37 1.092239162438130006e+04
-4.654267960831930395e-01 1.063512830401040075e+38 1.092239707706849913e+04
-4.603225606751948362e-01 1.133130681074249929e+38 1.092240218130389985e+04
-4.555220408874447457e-01 1.199361807710339992e+38 1.092240698182370033e+04
-4.508999278605188010e-01 1.263870566897230086e+38 1.092241160393680002e+04
-4.468063066215108847e-01 1.319334642972379908e+38 1.092241569755800083e+04
-4.429963571565167513e-01 1.370136436460569933e+38 1.092241950750750038e+04
-4.394921779839933151e-01 1.415173290127940009e+38 1.092242301168660015e+04
-4.361652309362398228e-01 1.456400676562619912e+38 1.092242633863370065e+04
-4.330579986508382717e-01 1.492926556401020031e+38 1.092242944586600061e+04
-4.299982237898802850e-01 1.528353433887679936e+38 1.092243250564079972e+04
-4.271635934128426015e-01 1.558940436552569989e+38 1.092243534027120040e+04
-4.243231628643115982e-01 1.589121382220519993e+38 1.092243818070179987e+04
-4.215577508821297670e-01 1.616686310340960047e+38 1.092244094611370019e+04
-4.188394470802450087e-01 1.642669023184300091e+38 1.092244366441750026e+04
-4.161354252028104383e-01 1.667011335314889909e+38 1.092244636843939952e+04
-4.134363349094201112e-01 1.690562516373940031e+38 1.092244906752970019e+04
-4.106204122181225102e-01 1.713654665888900113e+38 1.092245188345240058e+04
-4.077407105614838656e-01 1.736447791211890059e+38 1.092245476315410087e+04
-4.048037248339824146e-01 1.758316959607240072e+38 1.092245770013979927e+04
-4.017516852618427947e-01 1.779861366935890123e+38 1.092246075217940052e+04
-3.985913413052912802e-01 1.799509474967259958e+38 1.092246391252330068e+04
-3.954789163344685221e-01 1.816487740727229860e+38 1.092246702494830060e+04
-3.923136345692910254e-01 1.830129241173220046e+38 1.092247019023010034e+04
-3.892397926720150281e-01 1.842483573120640044e+38 1.092247326407199944e+04
-3.860933011637825985e-01 1.858476352887179999e+38 1.092247641056350039e+04
-3.829659606890345458e-01 1.872664348299189950e+38 1.092247953790390056e+04
-3.797250471652660053e-01 1.885037448466610092e+38 1.092248277881750073e+04
-3.764069549506530166e-01 1.897077202160450064e+38 1.092248609690970079e+04
-3.730621917038661195e-01 1.911427815818969859e+38 1.092248944167290028e+04
-3.695785088566481136e-01 1.923954565963189932e+38 1.092249292535580025e+04
-3.660560361477109836e-01 1.934927631323559988e+38 1.092249644782850010e+04
-3.624678843279980356e-01 1.949424866338800155e+38 1.092250003598029980e+04
-3.587461774168332340e-01 1.962620025534500044e+38 1.092250375768720005e+04
-3.550708555449091364e-01 1.973796105311479957e+38 1.092250743300909926e+04
-3.514265324702137150e-01 1.987166659945599831e+38 1.092251107733219942e+04
-3.477058204243803630e-01 2.002035735800739890e+38 1.092251479804419978e+04
-3.438964193101128330e-01 2.016048466652920162e+38 1.092251860744529949e+04
-3.401054907008074224e-01 2.031616371315180102e+38 1.092252239837389970e+04
-3.364645080964692170e-01 2.047377921565430182e+38 1.092252603935650041e+04
-3.329080655057623517e-01 2.062189426662050124e+38 1.092252959579910021e+04
-3.294141939240944339e-01 2.077440033928870036e+38 1.092253308967070006e+04
-3.259374453991767950e-01 2.096102607142100030e+38 1.092253656641919952e+04
-3.224540201117633842e-01 2.110706242738740181e+38 1.092254004984449966e+04
-3.189162736471189419e-01 2.130575063179879966e+38 1.092254358759100069e+04
-3.152885254494321998e-01 2.149567974015749986e+38 1.092254721533920019e+04
-3.115003659477224573e-01 2.170608050398039826e+38 1.092255100349870008e+04
-3.074801004822802497e-01 2.195853048239559901e+38 1.092255502376410004e+04
-3.030743504405108979e-01 2.225816299634810121e+38 1.092255942951420002e+04
-2.986592780744103948e-01 2.253016231386789832e+38 1.092256384458650064e+04
-2.942880085665819934e-01 2.277975210331889831e+38 1.092256821585609941e+04
-2.899303466801939066e-01 2.301258683566390076e+38 1.092257257351790031e+04
-2.856762173487368273e-01 2.323046453356339844e+38 1.092257682764730089e+04
-2.814898301403445657e-01 2.343676243680039918e+38 1.092258101403450019e+04
-2.773209847309772158e-01 2.363587712343320080e+38 1.092258518287990046e+04
-2.731184688454959542e-01 2.383063091963920038e+38 1.092258938539580049e+04
-2.688311081546999048e-01 2.402302633613690054e+38 1.092259367275650038e+04
-2.643923356117738876e-01 2.421887399215089957e+38 1.092259811152899965e+04
-2.597168277607124764e-01 2.441899202702420175e+38 1.092260278703689983e+04
-2.546789491443632869e-01 2.462915585626450173e+38 1.092260782491549980e+04
-2.491023159946053056e-01 2.485404095481919826e+38 1.092261340154860045e+04
-2.426453744701575488e-01 2.510086704034440091e+38 1.092261985849019948e+04
-2.353679158368322533e-01 2.537041776029290034e+38 1.092262713594880006e+04
-2.284377375090116402e-01 2.561872449741849968e+38 1.092263406612710060e+04
-2.213573581047967309e-01 2.585914712636220007e+38 1.092264114650649935e+04
-2.143969133649079595e-01 2.608030658449499910e+38 1.092264810695129927e+04
-2.073612218227935955e-01 2.628665487435140011e+38 1.092265514264279955e+04
-2.003951986334868707e-01 2.647937840855249978e+38 1.092266210866599977e+04
-1.933041889551532222e-01 2.666298826105230054e+38 1.092266919967569993e+04
-1.862339697145216633e-01 2.683329606064569825e+38 1.092267626989490054e+04
-1.789929281767399516e-01 2.699441941309239910e+38 1.092268351093640013e+04
-1.717086738844955107e-01 2.714443893699020042e+38 1.092269079519069965e+04
-1.641928696135437349e-01 2.728856889186869998e+38 1.092269831099499970e+04
-1.565355884340533521e-01 2.742024692722320128e+38 1.092270596827619920e+04
-1.485574399521283340e-01 2.754680473896950105e+38 1.092271394642469932e+04
-1.402688837897585472e-01 2.766849602841959922e+38 1.092272223498079984e+04
-1.315175692834600341e-01 2.778402631693470111e+38 1.092273098629530068e+04
-1.223717381635651691e-01 2.789255574625360023e+38 1.092274013212650061e+04
-1.127160118448955473e-01 2.799442891364830090e+38 1.092274978785279927e+04
-1.027469608452520333e-01 2.808791290954890025e+38 1.092275975690380074e+04
-9.255769970332039520e-02 2.817158780920809928e+38 1.092276994616490083e+04
-8.212233116682909895e-02 2.824793464385859815e+38 1.092278038153349917e+04
-7.141730998046114109e-02 2.831347005692609849e+38 1.092279108655460004e+04
-6.041734014615940396e-02 2.836783672294140018e+38 1.092280208652449983e+04
-4.909364363084023353e-02 2.841295729347759896e+38 1.092281341022100059e+04
-3.741338601321331225e-02 2.844736521362149822e+38 1.092282509047860003e+04
-2.535466148947307374e-02 2.847158779651219962e+38 1.092283714920310013e+04
-1.289641796574869659e-02 2.848410393996440130e+38 1.092284960744670025e+04
0.000000000000000000e+00 2.848483368996770173e+38 1.092286250386460051e+04
1.337794598657637835e-02 2.847196541611839987e+38 1.092287588181059982e+04
2.725070598353340756e-02 2.844512007922640147e+38 1.092288975457060042e+04
4.166756144877581391e-02 2.840478899195309970e+38 1.092290417142610022e+04
5.666697207198012620e-02 2.834547520913129822e+38 1.092291917083669978e+04
7.228438658057712018e-02 2.826635614404889973e+38 1.092293478825119928e+04
8.856779066263698041e-02 2.816762694888530011e+38 1.092295107165529953e+04
1.055641429938987130e-01 2.804874150782579975e+38 1.092296806800759987e+04
1.233173730852286099e-01 2.790687375419269936e+38 1.092298582123770029e+04
1.418927675604209071e-01 2.774189618332549985e+38 1.092300439663219913e+04
1.613509934431931470e-01 2.755176517691979976e+38 1.092302385485810009e+04
1.817404284229269251e-01 2.733623480241030178e+38 1.092304424429299979e+04
2.031337264870671788e-01 2.709303653515269982e+38 1.092306563759110031e+04
2.256066942572942935e-01 2.682454966003350130e+38 1.092308811055889964e+04
2.481592499607359059e-01 2.654432673575730167e+38 1.092311066311459945e+04
2.683050488903973019e-01 2.628863359523230017e+38 1.092313080891350000e+04
2.876688081778411288e-01 2.603441297027790060e+38 1.092315017267280018e+04
3.107375961644720519e-01 2.571809792507199909e+38 1.092317324146079955e+04
3.264185156567691592e-01 2.551176729550999924e+38 1.092318892238029912e+04
3.394204094765882473e-01 2.533575332626309911e+38 1.092320192427410075e+04
3.551432660151476739e-01 2.511204459606460166e+38 1.092321764713059929e+04
3.739936847432545619e-01 2.484078052325500048e+38 1.092323649754940016e+04
3.966308988365199184e-01 2.451345727437039814e+38 1.092325913476350070e+04
4.238549535148194991e-01 2.412124382965569947e+38 1.092328635881810078e+04
4.565952634857239900e-01 2.365665263223689883e+38 1.092331909912810079e+04
4.851109279388765572e-01 2.327193623734500179e+38 1.092334761479259942e+04
5.096403579809702933e-01 2.294814723433929988e+38 1.092337214422259967e+04
5.310904113448486896e-01 2.266962222912079875e+38 1.092339359427599993e+04
5.505200738825806184e-01 2.241977862509889960e+38 1.092341302393849946e+04
5.698019513856706908e-01 2.217295153431769934e+38 1.092343230581600073e+04
5.965740638621355174e-01 2.182421943909410173e+38 1.092345907792850085e+04
6.105785188447043765e-01 2.166990591121480093e+38 1.092347308238349979e+04
6.248134098914306378e-01 2.149488264339860024e+38 1.092348731727449922e+04
6.416473178360320162e-01 2.128606721037830172e+38 1.092350415118250021e+04
6.615930477692018030e-01 2.104248128392089886e+38 1.092352409691240064e+04
6.852796319271874381e-01 2.076033415942689935e+38 1.092354778349650041e+04
7.134585036110365763e-01 2.043602272892439979e+38 1.092357596236820063e+04
7.432495025277603418e-01 2.011232514012180083e+38 1.092360575336719921e+04
7.688624748661823105e-01 1.985376510053709824e+38 1.092363136633949944e+04
7.911752236013853690e-01 1.963517596584600020e+38 1.092365367908820008e+04
8.111172685385099612e-01 1.944366423693379851e+38 1.092367362113320087e+04
8.300990514326258563e-01 1.926299645578269941e+38 1.092369260291610044e+04
8.523599515992827946e-01 1.904732812187430013e+38 1.092371486381619980e+04
8.737257685461372603e-01 1.885040822466199960e+38 1.092373622963319940e+04
8.891365395684260875e-01 1.871983607644609855e+38 1.092375164040419986e+04
9.068701289343152894e-01 1.855507089426070127e+38 1.092376937399360031e+04
9.276277319386281306e-01 1.836542817053540066e+38 1.092379013159659917e+04
9.520883704717562068e-01 1.814865227759389857e+38 1.092381459223509955e+04
9.810459897271357477e-01 1.790208024144709984e+38 1.092384354985430036e+04
1.015316820699808886e+00 1.762406403500979961e+38 1.092387782068530032e+04
1.055900146129715722e+00 1.731509457814979938e+38 1.092391840401079935e+04
1.103956000943071558e+00 1.697434630685160016e+38 1.092396645986559997e+04
1.160874336213964853e+00 1.660273414221510026e+38 1.092402337820079993e+04
1.221254089170543011e+00 1.625085284059819908e+38 1.092408375795380016e+04
1.273632030333828880e+00 1.598550061203300062e+38 1.092413613589499982e+04
1.321191191296748002e+00 1.575215411417459995e+38 1.092418369505590090e+04
1.365793647046302794e+00 1.554214547932850023e+38 1.092422829751169957e+04
1.408795492809076677e+00 1.534954472934839921e+38 1.092427129935740049e+04
1.451350716617525904e+00 1.516829556091759970e+38 1.092431385458119985e+04
1.494584592795945355e+00 1.499411665293409921e+38 1.092435708845740010e+04
1.539733186320518143e+00 1.482076918644560041e+38 1.092440223705089920e+04
1.588286564556256053e+00 1.464420643612839931e+38 1.092445079042920042e+04
1.642160295492431032e+00 1.445813317180520090e+38 1.092450466416010022e+04
1.700840626599529060e+00 1.426811282490579917e+38 1.092456334449120004e+04
1.750986480088613462e+00 1.413440434642230013e+38 1.092461349034470004e+04
1.793937222426393419e+00 1.401808673007239964e+38 1.092465644108699962e+04
1.830821913687032065e+00 1.391742204183370031e+38 1.092469332577830028e+04
1.862624067543947604e+00 1.383036998691959998e+38 1.092472512793220085e+04
1.890214137898510671e+00 1.375453187758540056e+38 1.092475271800250084e+04
1.914381207507176441e+00 1.368766073546710059e+38 1.092477688507210041e+04
1.935882369212777121e+00 1.362755187730850065e+38 1.092479838623380056e+04
1.955543190570097067e+00 1.357128502969770031e+38 1.092481804705519971e+04
1.974586483025632333e+00 1.351384233765970063e+38 1.092483709034760068e+04
1.996477522734494414e+00 1.343786613458070042e+38 1.092485898138740049e+04
2.039724298943838221e+00 1.325830550318039945e+38 1.092490222816360074e+04
2.076845946066896431e+00 1.315849748898729913e+38 1.092493934981070015e+04
2.108924126916463138e+00 1.306966316968590010e+38 1.092497142799150060e+04
2.136828520304334234e+00 1.299148829385190010e+38 1.092499933238489939e+04
2.161349145893836976e+00 1.292214005356429967e+38 1.092502385301049981e+04
2.183238927309503197e+00 1.285960393632309932e+38 1.092504574279189910e+04
2.203308434804057470e+00 1.280103533746630091e+38 1.092506581229939911e+04
2.222718818828070653e+00 1.274167976443609969e+38 1.092508522268349952e+04
2.244388502744186553e+00 1.266677310779849996e+38 1.092510689236739927e+04
2.283388622005077195e+00 1.250571553272179990e+38 1.092514589248660013e+04
2.317020853144640569e+00 1.241170786103160080e+38 1.092517952471779972e+04
2.346296620562497992e+00 1.232743328922500005e+38 1.092520880048519939e+04
2.372022033412577002e+00 1.225224601206060062e+38 1.092523452589800036e+04
2.394953492723288946e+00 1.218424057291190055e+38 1.092525745735730015e+04
2.415866963945518364e+00 1.212094217940329952e+38 1.092527837082860060e+04
2.435749603875592584e+00 1.205831607244509951e+38 1.092529825346849975e+04
2.456531070027267560e+00 1.198678581156749963e+38 1.092531903493460050e+04
2.480138403760065557e+00 1.189686056651340001e+38 1.092534264226840060e+04
2.501582039476488717e+00 1.182217272067310018e+38 1.092536408590410065e+04
2.521967700466120732e+00 1.174682733204640011e+38 1.092538447156509937e+04
2.543155959485375206e+00 1.166219864431199998e+38 1.092540565982410044e+04
2.565483549520649831e+00 1.156725364770750089e+38 1.092542798741409933e+04
2.586468541756403283e+00 1.147962840338149940e+38 1.092544897240640057e+04
2.607844068686972605e+00 1.138434295594040089e+38 1.092547034793330022e+04
2.633208280720282346e+00 1.125984184218469981e+38 1.092549571214530079e+04
2.656165353171672905e+00 1.115744709138270040e+38 1.092551866921779947e+04
2.677806425186645356e+00 1.105847026935700066e+38 1.092554031028979989e+04
2.699638793013946270e+00 1.095550393121149989e+38 1.092556214265759991e+04
2.726669404437416233e+00 1.081529764992059954e+38 1.092558917326909977e+04
2.751658478919125628e+00 1.069752557525640005e+38 1.092561416234349963e+04
2.774693255125384894e+00 1.058931960217279958e+38 1.092563719711970043e+04
2.796844650372804608e+00 1.048424483822750024e+38 1.092565934851500060e+04
2.820196558075622306e+00 1.036835916123749971e+38 1.092568270042269978e+04
2.845539192147043650e+00 1.023561589880580006e+38 1.092570804305680031e+04
2.869019770319937379e+00 1.011800193977930055e+38 1.092573152363490044e+04
2.891943649186941911e+00 1.000153339537199970e+38 1.092575444751380019e+04
2.916899045634636423e+00 9.868902107414649655e+37 1.092577940291030063e+04
2.943191798825864680e+00 9.725716105423759268e+37 1.092580569566339909e+04
2.967608615417702822e+00 9.598980906358250432e+37 1.092583011248000003e+04
2.991427312746964162e+00 9.475617319053950924e+37 1.092585393117740023e+04
3.017112183402787196e+00 9.338070433827809914e+37 1.092587961604799966e+04
3.045541917910668417e+00 9.179930470286679615e+37 1.092590804578250027e+04
3.071683715943436255e+00 9.044483344197860132e+37 1.092593418758060034e+04
3.096688467756393948e+00 8.917222990320259136e+37 1.092595919233240056e+04
3.122217647680372465e+00 8.786315457692780633e+37 1.092598472151230089e+04
3.153470755485614063e+00 8.614743569463289589e+37 1.092601597462010068e+04
3.182881466409526183e+00 8.462482789545810380e+37 1.092604538533099912e+04
3.210244691246771254e+00 8.327910212060760382e+37 1.092607274855590003e+04
3.236622748205263633e+00 8.200582401196189969e+37 1.092609912661280032e+04
3.263842649397702189e+00 8.067201173245929956e+37 1.092612634651400003e+04
3.297829906519837095e+00 7.888658859766559915e+37 1.092616033377110034e+04
3.330194320345981396e+00 7.728916604487229570e+37 1.092619269818499924e+04
3.360142688745327177e+00 7.591291578864039603e+37 1.092622264655340041e+04
3.388601638627733337e+00 7.463958929881069565e+37 1.092625110550329919e+04
3.416919314906408545e+00 7.337083975162940453e+37 1.092627942317949964e+04
3.448136656619681162e+00 7.190599999216730329e+37 1.092631064052120018e+04
3.485413103417158709e+00 7.008681800915260315e+37 1.092634791696799948e+04
3.519371103206140106e+00 6.858817313570360129e+37 1.092638187496779938e+04
3.551151895793736912e+00 6.726883625540899784e+37 1.092641365576039971e+04
3.581671042931702686e+00 6.602866695294250414e+37 1.092644417490759952e+04
3.612468077350058593e+00 6.476557652471800242e+37 1.092647497194199968e+04
3.647061169634980615e+00 6.327629397828319538e+37 1.092650956503429916e+04
3.686797039346856764e+00 6.151208600056399893e+37 1.092654930090400012e+04
3.723194581669304171e+00 6.004622677189570074e+37 1.092658569844630074e+04
3.757475165968571673e+00 5.876842005373169841e+37 1.092661997903060001e+04
3.790594688145574764e+00 5.756166761278080061e+37 1.092665309855280066e+04
3.824064370261112344e+00 5.633238590279170234e+37 1.092668656823489982e+04
3.861295233462442411e+00 5.491301510934139571e+37 1.092672379909809933e+04
3.903131828101322753e+00 5.323885462522270130e+37 1.092676563569270002e+04
3.941713044891002937e+00 5.181182968300020347e+37 1.092680421690950061e+04
3.978296795830829069e+00 5.060319049261499801e+37 1.092684080066050046e+04
4.014036160018804367e+00 4.945194847031580312e+37 1.092687654002459931e+04
4.050674390759013477e+00 4.826918361653960344e+37 1.092691317825539954e+04
4.092270891043881420e+00 4.688590182812710267e+37 1.092695477475570078e+04
4.135067851777421311e+00 4.538338575132970077e+37 1.092699757171639976e+04
4.174956808979914058e+00 4.409102553555510428e+37 1.092703746067360044e+04
4.213366715342999669e+00 4.303346454663680441e+37 1.092707587057999990e+04
4.251814119461414521e+00 4.199526984361680165e+37 1.092711431798410013e+04
4.293127165585246985e+00 4.088731362011289778e+37 1.092715563103020031e+04
4.338847662265834515e+00 3.963164106436160179e+37 1.092720135152690091e+04
4.381238901449250989e+00 3.846404298179930046e+37 1.092724374276610070e+04
4.421815394547593314e+00 3.753754382365760074e+37 1.092728431925920086e+04
4.462333854269672884e+00 3.682723808621210205e+37 1.092732483771889929e+04
4.506030069749613176e+00 3.613134012683600129e+37 1.092736853393439924e+04
4.558415271862031659e+00 3.538664845491070054e+37 1.092742091913650074e+04
4.606134472542180447e+00 3.477902687911619768e+37 1.092746863833720090e+04
4.650655396144429687e+00 3.412084439410329773e+37 1.092751315926079951e+04
4.693369545304449275e+00 3.353946400046830166e+37 1.092755587340989950e+04
4.736564955510402797e+00 3.297234403929690085e+37 1.092759906882010000e+04
4.784852734188461909e+00 3.239009529342090135e+37 1.092764735659879989e+04
4.835764171904884279e+00 3.182975044040179900e+37 1.092769826803649994e+04
4.883077318379946519e+00 3.134088142987320094e+37 1.092774558118300047e+04
4.928606483419571305e+00 3.081818895108340113e+37 1.092779111034800007e+04
4.974986869503482012e+00 3.033698171141789986e+37 1.092783749073410036e+04
5.023904885922092944e+00 2.983588419134850080e+37 1.092788640875050078e+04
5.078223004591563949e+00 2.930270923596740223e+37 1.092794072686919935e+04
5.140627543863956816e+00 2.868494487444119785e+37 1.092800313140850085e+04
5.204900990680471295e+00 2.800557408004920146e+37 1.092806740485529917e+04
5.263728629646720947e+00 2.743372332723760137e+37 1.092812623249429998e+04
5.318592488534704898e+00 2.691053946839489903e+37 1.092818109635320070e+04
5.371224107058878872e+00 2.642748259552469830e+37 1.092823372797169941e+04
5.424305921318591572e+00 2.596471745034329999e+37 1.092828680978589910e+04
5.483115147928401711e+00 2.548154338498209902e+37 1.092834561901259985e+04
5.563322597283331561e+00 2.485849501720149770e+37 1.092842582646190021e+04
5.658763064189770375e+00 2.413887447551819969e+37 1.092852126692879938e+04
5.720780702124102390e+00 2.364820857303629836e+37 1.092858328456669915e+04
5.783036610875569750e+00 2.318336243936620221e+37 1.092864554047549973e+04
5.852284701102689723e+00 2.267208992545730083e+37 1.092871478856569956e+04
5.930500293665318168e+00 2.211518486546389912e+37 1.092879300415830039e+04
6.017378793205352849e+00 2.152877445915250019e+37 1.092887988265780041e+04
6.097376453917604522e+00 2.102098752552650085e+37 1.092895988031849993e+04
6.172641254122936516e+00 2.056666148580340053e+37 1.092903514511869980e+04
6.245368611642334145e+00 2.014915199226290051e+37 1.092910787247629924e+04
6.318396354110518587e+00 1.975112375132319916e+37 1.092918090021870012e+04
6.396585500986475381e+00 1.934611962405790010e+37 1.092925908936559972e+04
6.490560140928209876e+00 1.888626763585010081e+37 1.092935306400559966e+04
6.635801188842378906e+00 1.821139320902709884e+37 1.092949830505349928e+04
6.739105932088932605e+00 1.773134899256200000e+37 1.092960160979670036e+04
6.816979214816456079e+00 1.738621303271769915e+37 1.092967948307940060e+04
6.907525853424886009e+00 1.698313699001630040e+37 1.092977002971799993e+04
7.012963726780071738e+00 1.653060488344699958e+37 1.092987546759140059e+04
7.136054301152398693e+00 1.602970009019620087e+37 1.092999855816580020e+04
7.280141006047415431e+00 1.548016901058469898e+37 1.093014264487070068e+04
7.449255746649214416e+00 1.488012089046740022e+37 1.093031175961130066e+04
7.648451413004295318e+00 1.422910229011700115e+37 1.093051095527759935e+04
7.884006940641484107e+00 1.352721083613990011e+37 1.093074651080530020e+04
8.163997670162643772e+00 1.277507230989410000e+37 1.093102650153479954e+04
8.496890683567471569e+00 1.197717937361419924e+37 1.093135939454820073e+04
8.809142116309885751e+00 1.130513784795109937e+37 1.093167164598089948e+04
9.105201490048784763e+00 1.072218995431320036e+37 1.093196770535470023e+04
9.388381052856857423e+00 1.021008896736759983e+37 1.093225088491749921e+04
9.661710051006593858e+00 9.753683631935189583e+36 1.093252421391559983e+04
9.928221528571157251e+00 9.341202175939090265e+36 1.093279072539320077e+04
1.019106008355811355e+01 8.963053875334549838e+36 1.093305356394820046e+04
1.045356003320011951e+01 8.611340372387060433e+36 1.093331606389780063e+04
1.071960256239435694e+01 8.278512180557500257e+36 1.093358210642700033e+04
1.099397304134981823e+01 7.958036322201769874e+36 1.093385647690599944e+04
1.128307516953827871e+01 7.642879673042499854e+36 1.093414557903420064e+04
1.159650585420422431e+01 7.325762778005470006e+36 1.093445900971879928e+04
1.195226674497644126e+01 6.993021533802720253e+36 1.093481477060960060e+04
