# time luminosity radius
-2.271917772811320901e+01 1.242024988388009982e+36 1.391938294661690088e+04
-1.986685768547795305e+01 1.284734223796600029e+36 1.392223526665949976e+04
-1.986367066080856603e+01 1.317456636033860004e+36 1.392223845368420007e+04
-1.986251996146165766e+01 1.317479956734229932e+36 1.392223960438349968e+04
-1.986023006976029137e+01 1.317518894128149980e+36 1.392224189427519923e+04
-1.985567318527500902e+01 1.317612405252789970e+36 1.392224645115970088e+04
-1.984660498514858773e+01 1.317813886594230061e+36 1.392225551935980002e+04
-1.982961169185546169e+01 1.318147121698019959e+36 1.392227251265310042e+04
-1.981162041107927507e+01 1.318370093728690034e+36 1.392229050393390025e+04
-1.979305018300692609e+01 1.318350053693329959e+36 1.392230907416199989e+04
-1.977427905317745171e+01 1.318006972268179971e+36 1.392232784529180026e+04
-1.975562385577359237e+01 1.317311743940259979e+36 1.392234650048920048e+04
-1.973735663963998377e+01 1.316281982643899943e+36 1.392236476770539957e+04
-1.971973365197300154e+01 1.314970311269740053e+36 1.392238239069299925e+04
-1.970303471514853300e+01 1.313454023229610066e+36 1.392239908962980007e+04
-1.968758612092278781e+01 1.311828075396339985e+36 1.392241453822410040e+04
-1.967381396811651939e+01 1.310206854503579986e+36 1.392242831037689939e+04
-1.966227227166928060e+01 1.308728371761800024e+36 1.392243985207329933e+04
-1.966141926970158238e+01 1.308647492188650070e+36 1.392244070507529977e+04
-1.965972179578602663e+01 1.308422715221579993e+36 1.392244240254920078e+04
-1.965634382269308844e+01 1.307964919968930031e+36 1.392244578052229917e+04
-1.965567160604769015e+01 1.307881811183160018e+36 1.392244645273889910e+04
-1.965433389492318383e+01 1.307698016536109960e+36 1.392244779045010000e+04
-1.965167184978599835e+01 1.307325654126899940e+36 1.392245045249520081e+04
-1.965114210280262341e+01 1.307257914259640061e+36 1.392245098224220055e+04
-1.965008790630781732e+01 1.307108871058279975e+36 1.392245203643870082e+04
-1.964799005528220732e+01 1.306808111570249969e+36 1.392245413428969914e+04
-1.964757878830641857e+01 1.306754214245089997e+36 1.392245454555670040e+04
-1.964676036702439887e+01 1.306635912847900023e+36 1.392245536397800061e+04
-1.964513170867212466e+01 1.306397966244480015e+36 1.392245699263630013e+04
-1.964484644192452834e+01 1.306360315178100007e+36 1.392245727790310048e+04
-1.964427876109584759e+01 1.306276903976349949e+36 1.392245784558390005e+04
-1.964314907624793705e+01 1.306109732862350043e+36 1.392245897526870067e+04
-1.964297529567556921e+01 1.306086861950440067e+36 1.392245914904930032e+04
-1.964262947233692103e+01 1.306035518023259932e+36 1.392245949487270082e+04
-1.964194128389317484e+01 1.305932915205639949e+36 1.392246018306110091e+04
-1.964183045559548191e+01 1.305918129099380035e+36 1.392246029388940042e+04
-1.964160990728487377e+01 1.305885184462409943e+36 1.392246051443770011e+04
-1.964117101614465355e+01 1.305819482241269935e+36 1.392246095332890036e+04
-1.964109480256774987e+01 1.305809169563780009e+36 1.392246102954240087e+04
-1.964094313755049370e+01 1.305786438437199971e+36 1.392246118120739993e+04
-1.964064132416751818e+01 1.305741146541480055e+36 1.392246148302079928e+04
-1.964008330628894328e+01 1.305657624580760048e+36 1.392246204103869968e+04
-1.963979939932687557e+01 1.305616306688390045e+36 1.392246232494569995e+04
-1.963955423920924659e+01 1.305580148730150016e+36 1.392246257010579939e+04
-1.963932203216791095e+01 1.305545846298949955e+36 1.392246280231280070e+04
-1.963914408510936482e+01 1.305519638098400071e+36 1.392246298025989927e+04
-1.963899285822117236e+01 1.305497270868219960e+36 1.392246313148680019e+04
-1.963886122127041745e+01 1.305477744593480012e+36 1.392246326312370002e+04
-1.963873878522645100e+01 1.305459515433999939e+36 1.392246338555980037e+04
-1.963862411638365302e+01 1.305442396428059995e+36 1.392246350022859951e+04
-1.963851224670543161e+01 1.305425645405519941e+36 1.392246361209829956e+04
-1.963840455406898400e+01 1.305409486097869933e+36 1.392246371979089963e+04
-1.963829579980301787e+01 1.305393120980170045e+36 1.392246382854520016e+04
-1.963819162830441201e+01 1.305377431689350009e+36 1.392246393271670058e+04
-1.963808537450859149e+01 1.305361379611720001e+36 1.392246403897050004e+04
-1.963797798821542528e+01 1.305345131388429972e+36 1.392246414635680048e+04
-1.963786903095569869e+01 1.305328618357799977e+36 1.392246425531400018e+04
-1.963775671520306787e+01 1.305311565570190065e+36 1.392246436762980011e+04
-1.963764164986605465e+01 1.305294071615899936e+36 1.392246448269510074e+04
-1.963751982773646887e+01 1.305275513268829931e+36 1.392246460451729945e+04
-1.963739317357612890e+01 1.305256198668050047e+36 1.392246473117139976e+04
-1.963725703136333323e+01 1.305235396909759988e+36 1.392246486731359983e+04
-1.963711080509710882e+01 1.305213023134849955e+36 1.392246501353990061e+04
-1.963694879506874713e+01 1.305188187219609949e+36 1.392246517554989987e+04
-1.963676581823347078e+01 1.305160083641480062e+36 1.392246535852680063e+04
-1.963655195523278962e+01 1.305127164243420031e+36 1.392246557238979949e+04
-1.963629895676422166e+01 1.305088137322979946e+36 1.392246582538820076e+04
-1.963597013972503191e+01 1.305037218605690013e+36 1.392246615420529997e+04
-1.963549592058188864e+01 1.304963438000150017e+36 1.392246662842439946e+04
-1.963469830372014258e+01 1.304838415289119974e+36 1.392246742604129940e+04
-1.963311104616695957e+01 1.304586325993859929e+36 1.392246901329879984e+04
-1.963083288189591258e+01 1.304218936850439959e+36 1.392247129146309999e+04
-1.962753343717668031e+01 1.303666381539579974e+36 1.392247459090779921e+04
-1.962316759467285010e+01 1.302869299479060016e+36 1.392247895675029940e+04
-1.961842916079876886e+01 1.301861206796769977e+36 1.392248369518420077e+04
-1.961322993347494048e+01 1.300457866397089951e+36 1.392248889441149913e+04
-1.960739834231208079e+01 1.298305207514950030e+36 1.392249472600270019e+04
-1.960072576597667648e+01 1.294781134586560059e+36 1.392250139857899921e+04
-1.959295176553860074e+01 1.288868786015010058e+36 1.392250917257949914e+04
-1.958373937164287781e+01 1.279070639862850019e+36 1.392251838497340032e+04
-1.957263965904530778e+01 1.263508182623030029e+36 1.392252948468599971e+04
-1.955903894550101541e+01 1.240424042082080009e+36 1.392254308539950034e+04
-1.954207638393927482e+01 1.209249824697979971e+36 1.392256004796110028e+04
-1.952050450005117455e+01 1.172058023697569933e+36 1.392258161984489925e+04
-1.949244447043565742e+01 1.134619409098990041e+36 1.392260967987460026e+04
-1.945492646240018075e+01 1.105898643991529972e+36 1.392264719788259936e+04
-1.940295467526811990e+01 1.095348322486929986e+36 1.392269916966970050e+04
-1.932741045987131656e+01 1.108847262944080043e+36 1.392277471388509912e+04
-1.920973484188652947e+01 1.145409227747830062e+36 1.392289238950310028e+04
-1.900570861014602997e+01 1.196724699410229970e+36 1.392309641573480076e+04
-1.859969640898452781e+01 1.249874282032089947e+36 1.392350242793600046e+04
-1.782937640537420521e+01 1.294062717342550032e+36 1.392427274793959987e+04
-1.676556541983518400e+01 1.331386034239389900e+36 1.392533655892520073e+04
-1.549752389139393927e+01 1.370999157286689876e+36 1.392660460045360014e+04
-1.406457458667500759e+01 1.417903575184690118e+36 1.392803754975830088e+04
-1.246321747906040400e+01 1.476988022078309954e+36 1.392963890686589912e+04
-1.067123745339813468e+01 1.555958298189920087e+36 1.393143088689159958e+04
-8.650832767985775718e+00 1.672985034157429993e+36 1.393345129157699921e+04
-6.334888091692846501e+00 1.883603831227040106e+36 1.393576723625329942e+04
-6.151989566216798266e+00 1.922205459606250121e+36 1.393595013477879911e+04
-5.788021500518880202e+00 1.974379168360479912e+36 1.393631410284450067e+04
-5.063725049780259724e+00 2.084910843186680040e+36 1.393703839929519927e+04
-4.935397875713533722e+00 2.112543905496950071e+36 1.393716672646930056e+04
-4.680026799322149600e+00 2.161998828667439916e+36 1.393742209754569922e+04
-4.171838357304295641e+00 2.271124868477710084e+36 1.393793028598770070e+04
-3.211316705321223708e+00 2.579484904740199987e+36 1.393889080763970014e+04
-2.536698648238598253e+00 2.960669223311890030e+36 1.393956542569679914e+04
-2.045578128363558790e+00 3.421585762717470281e+36 1.394005654621659960e+04
-1.677984532259870321e+00 3.984751537742420110e+36 1.394042413981269965e+04
-1.395370100111904321e+00 4.685936571603399792e+36 1.394070675424490037e+04
-1.175273496231966419e+00 5.569315527227480058e+36 1.394092685084880031e+04
-1.174273496231762692e+00 5.428314959421070389e+36 1.394092785084880052e+04
-1.173830088660906767e+00 5.430175977197010269e+36 1.394092829425630043e+04
-1.173241643782603205e+00 5.432597182397559908e+36 1.394092888270120056e+04
-1.172618065562346601e+00 5.435200308542969485e+36 1.394092950627940081e+04
-1.171965119394371868e+00 5.437934267747149949e+36 1.394093015922559971e+04
-1.171290932055853773e+00 5.440765903966190569e+36 1.394093083341290003e+04
-1.170606019577462575e+00 5.443651631388420531e+36 1.394093151832540025e+04
-1.169922989316546591e+00 5.446538460047589416e+36 1.394093220135569936e+04
-1.169256415478230338e+00 5.449364340387040223e+36 1.394093286792949948e+04
-1.168621781403999194e+00 5.452062605026630246e+36 1.394093350256359918e+04
-1.168035180473452783e+00 5.454563245504380265e+36 1.394093408916450062e+04
-1.167509994944339269e+00 5.456807216591979951e+36 1.394093461435010067e+04
-1.167054452291267808e+00 5.458757225542749976e+36 1.394093506989269918e+04
-1.166673063524285681e+00 5.460391975603640208e+36 1.394093545128150072e+04
-1.166361713627338759e+00 5.461727431693239510e+36 1.394093576263139948e+04
-1.166107633136562072e+00 5.462817204814039816e+36 1.394093601671189936e+04
-1.165898375367760309e+00 5.463714196607680040e+36 1.394093622596960086e+04
-1.165720415519899689e+00 5.464476286610019938e+36 1.394093640392949965e+04
-1.165560235518569243e+00 5.465161594069399940e+36 1.394093656410949916e+04
-1.165405763815215323e+00 5.465822149603730319e+36 1.394093671858120069e+04
-1.165249876203233725e+00 5.466489002395530186e+36 1.394093687446879994e+04
-1.165123164624674246e+00 5.467032150609670288e+36 1.394093700118040033e+04
-1.165011259943639743e+00 5.467512251832449418e+36 1.394093711308509955e+04
-1.164906454783704248e+00 5.467962377767619839e+36 1.394093721789019946e+04
-1.164807288238080218e+00 5.468388777299320188e+36 1.394093731705679966e+04
-1.164711765630272566e+00 5.468799955820509916e+36 1.394093741257940019e+04
-1.164618564116608468e+00 5.469201596003690255e+36 1.394093750578089930e+04
-1.164526705377284088e+00 5.469597843733120353e+36 1.394093759763960043e+04
-1.164435410137230065e+00 5.469992034249719888e+36 1.394093768893490051e+04
-1.164344184242509073e+00 5.470386297681250538e+36 1.394093778016080068e+04
-1.164252606236914289e+00 5.470782381762049907e+36 1.394093787173880082e+04
-1.164159811380159226e+00 5.471184060362949540e+36 1.394093796453359937e+04
-1.164065836621375638e+00 5.471591160389680229e+36 1.394093805850839999e+04
-1.163968606446360354e+00 5.472012632703460037e+36 1.394093815573850043e+04
-1.163869654523296049e+00 5.472441893836950325e+36 1.394093825469049989e+04
-1.163765196604799712e+00 5.472895292467489900e+36 1.394093835914840020e+04
-1.163657283954307786e+00 5.473364040128130540e+36 1.394093846706099976e+04
-1.163542190959560685e+00 5.473864250704980505e+36 1.394093858215399996e+04
-1.163420152119215345e+00 5.474395023838309431e+36 1.394093870419290033e+04
-1.163286533908831188e+00 5.474976490027520290e+36 1.394093883781109980e+04
-1.163138487534524756e+00 5.475621179740939495e+36 1.394093898585749957e+04
-1.162969831022564904e+00 5.476356143804720002e+36 1.394093915451400062e+04
-1.162771639137645252e+00 5.477220484914670000e+36 1.394093935270590009e+04
-1.162531704540015198e+00 5.478267900900959423e+36 1.394093959264049954e+04
-1.162210898677585647e+00 5.479669769446620026e+36 1.394093991344630012e+04
-1.161739210596351768e+00 5.481734309569039829e+36 1.394094038513439955e+04
-1.160877219346730271e+00 5.485517372658930435e+36 1.394094124712560006e+04
-1.159161856759965303e+00 5.493083521731609807e+36 1.394094296248819956e+04
-1.156635828134312760e+00 5.504262809117789962e+36 1.394094548851689979e+04
-1.152763432010033284e+00 5.521077769327389636e+36 1.394094936091300042e+04
-1.148102449658836122e+00 5.539946280000809440e+36 1.394095402189530068e+04
-1.142698356765322387e+00 5.558515592865569608e+36 1.394095942598819965e+04
-1.136686634239595151e+00 5.573683698477030251e+36 1.394096543771079996e+04
-1.129821324106160318e+00 5.583266009149429887e+36 1.394097230302090065e+04
-1.121740025659164530e+00 5.585452865780180145e+36 1.394098038431930036e+04
-1.111924889348301804e+00 5.580427438585430149e+36 1.394099019945560030e+04
-1.099589181076225941e+00 5.573553735717500249e+36 1.394100253516389967e+04
-1.083451489714207128e+00 5.580150398481089853e+36 1.394101867285529988e+04
-1.061233519138113479e+00 5.631781741929620588e+36 1.394104089082589962e+04
-1.028356388669635635e+00 5.786230889094500031e+36 1.394107376795630080e+04
-9.736143945829098811e-01 6.170172680478479659e+36 1.394112850995040026e+04
-8.682593056910263840e-01 7.213085558265730479e+36 1.394123386503929942e+04
-7.977320678473915905e-01 8.161556515893300206e+36 1.394130439227709940e+04
-7.503618537812144496e-01 8.969721618328279444e+36 1.394135176249120013e+04
-7.137570165596116567e-01 9.735214231550679834e+36 1.394138836732839991e+04
-6.838135558646172285e-01 1.048800608642140044e+37 1.394141831078910036e+04
-6.585951888810086530e-01 1.124946136926720061e+37 1.394144352915610034e+04
-6.369028876124502858e-01 1.203327307959720081e+37 1.394146522145739982e+04
-6.181139212621928891e-01 1.284623649213840050e+37 1.394148401042369915e+04
-6.016894578624487622e-01 1.369911914832259926e+37 1.394150043488710071e+04
-5.873312068524683127e-01 1.464325946606390053e+37 1.394151479313809978e+04
-5.746809196170943324e-01 1.570906422432600091e+37 1.394152744342540063e+04
-5.654669551786355441e-01 1.667416784346159969e+37 1.394153665738980089e+04
-5.588988918952964013e-01 1.750691474586070103e+37 1.394154322545310060e+04
-5.537936361870379187e-01 1.809065386597820095e+37 1.394154833070879977e+04
-5.496289814600459067e-01 1.867693161910550093e+37 1.394155249536349947e+04
-5.460096672941290308e-01 1.935768540139719977e+37 1.394155611467769995e+04
-5.427471559178229654e-01 1.971116035549430079e+37 1.394155937718909991e+04
-5.394448286770057166e-01 2.033773649600270001e+37 1.394156267951630070e+04
-5.356440752711932873e-01 2.097752540563410006e+37 1.394156648026969924e+04
-5.312471470115269767e-01 2.224063781702910107e+37 1.394157087719800074e+04
-5.275024261190992547e-01 2.430971861099709775e+37 1.394157462191890045e+04
-5.237741059663676424e-01 2.679772308313879783e+37 1.394157835023900043e+04
-5.191466269407101208e-01 3.181182606224269792e+37 1.394158297771810066e+04
-5.132989377143530874e-01 3.503596567135530095e+37 1.394158882540729974e+04
-5.079495671106997179e-01 3.997598454916910047e+37 1.394159417477789975e+04
-5.028445081297832076e-01 6.661069893086779855e+37 1.394159927983690068e+04
-4.983886925529077416e-01 6.434023490519970110e+37 1.394160373565239934e+04
-4.932857664134644438e-01 6.602711966498029631e+37 1.394160883857860063e+04
-4.885000632712035440e-01 6.868553609163980357e+37 1.394161362428169923e+04
-4.842780715243861778e-01 7.164305427035340457e+37 1.394161784627350062e+04
-4.801615464384667575e-01 7.515448385577789960e+37 1.394162196279859927e+04
-4.756767094913811889e-01 7.959305035551619966e+37 1.394162644763550088e+04
-4.704741057830688078e-01 8.533329816571019562e+37 1.394163165023920010e+04
-4.653275489235966234e-01 9.107021083190040128e+37 1.394163679679609959e+04
-4.599890570880234009e-01 9.757457819072959352e+37 1.394164213528790060e+04
-4.544003743503708392e-01 1.047908324382920040e+38 1.394164772397060005e+04
-4.492244149114412721e-01 1.114176157078439955e+38 1.394165289993010083e+04
-4.443547534847311908e-01 1.177713702286240025e+38 1.394165776959150026e+04
-4.396473707074619597e-01 1.240456838330880045e+38 1.394166247697429935e+04
-4.353912598689930746e-01 1.294959297741169980e+38 1.394166673308509962e+04
-4.315427473320596619e-01 1.343177559100019909e+38 1.394167058159770022e+04
-4.280076200338953640e-01 1.387306900067629913e+38 1.394167411672500020e+04
-4.247085390252323123e-01 1.425342540620550039e+38 1.394167741580599977e+04
-4.215820076533418614e-01 1.461139018536090087e+38 1.394168054233730072e+04
-4.186100930983229773e-01 1.495376445921800091e+38 1.394168351425189940e+04
-4.156977541570086032e-01 1.527329925432860078e+38 1.394168642659080069e+04
-4.128800892412982648e-01 1.558007382274080012e+38 1.394168924425580008e+04
-4.101561407842382323e-01 1.586020435478920073e+38 1.394169196820420075e+04
-4.074358363286592066e-01 1.613666547866839907e+38 1.394169468850869998e+04
-4.047895404764858540e-01 1.639804614195159909e+38 1.394169733480449941e+04
-4.021189543273067102e-01 1.665611234854050061e+38 1.394170000539069952e+04
-3.993582199691445567e-01 1.690048222467329933e+38 1.394170276612499947e+04
-3.965700079479574924e-01 1.712162932088370142e+38 1.394170555433700065e+04
-3.936889491178590106e-01 1.733183363671029815e+38 1.394170843539589987e+04
-3.907149146016308805e-01 1.753219408916020111e+38 1.394171140943039973e+04
-3.876556697305204580e-01 1.772141570713240034e+38 1.394171446867529994e+04
-3.845909113824745873e-01 1.791914481565669936e+38 1.394171753343360069e+04
-3.814950721243803855e-01 1.814701883355219872e+38 1.394172062927290062e+04
-3.785049626112595433e-01 1.831985324773440142e+38 1.394172361938239919e+04
-3.755181740798434475e-01 1.846851110188959977e+38 1.394172660617089969e+04
-3.724538632341136690e-01 1.862358475528279832e+38 1.394172967048179999e+04
-3.693393733246921329e-01 1.882120297484419824e+38 1.394173278497170031e+04
-3.661550716296915198e-01 1.897715009391560054e+38 1.394173596927340077e+04
-3.629511511935561430e-01 1.910963681685509888e+38 1.394173917319380053e+04
-3.596625953723560087e-01 1.925942473675669969e+38 1.394174246174959990e+04
-3.563455350358708529e-01 1.943906759319609999e+38 1.394174577881000005e+04
-3.530491755645925878e-01 1.956707976092689885e+38 1.394174907516940038e+04
-3.497932228183344705e-01 1.967655483309479983e+38 1.394175233112219939e+04
-3.464621039183839457e-01 1.982687293273900040e+38 1.394175566224109934e+04
-3.431684243787458399e-01 1.998803042892090039e+38 1.394175895592060078e+04
-3.398518611920735566e-01 2.012265416104999824e+38 1.394176227248380019e+04
-3.363913901812338736e-01 2.026028546064680166e+38 1.394176573295480011e+04
-3.328153753664082615e-01 2.043851703491580167e+38 1.394176930896960039e+04
-3.292504607070441125e-01 2.058106271639189966e+38 1.394177287388429977e+04
-3.256733345242537325e-01 2.073479501887149922e+38 1.394177645101050075e+04
-3.218497559846582590e-01 2.094752179034220036e+38 1.394178027458900033e+04
-3.180263216472667409e-01 2.115034151116269930e+38 1.394178409802329952e+04
-3.143065961594402324e-01 2.134876528960490051e+38 1.394178781774880008e+04
-3.106436136258707847e-01 2.156051983769579874e+38 1.394179148073139913e+04
-3.070031836559792282e-01 2.178362745700219870e+38 1.394179512116129990e+04
-3.033547806680871872e-01 2.200667339251660006e+38 1.394179876956430053e+04
-2.996488063290598802e-01 2.224534525179639932e+38 1.394180247553869958e+04
-2.958253874530782923e-01 2.247984426837300058e+38 1.394180629895749917e+04
-2.918611204768239986e-01 2.271883242015190185e+38 1.394181026322450089e+04
-2.876907054342154879e-01 2.296674456097250096e+38 1.394181443363959988e+04
-2.832631127548665972e-01 2.320896870057159960e+38 1.394181886123219920e+04
-2.784057413391565206e-01 2.345708038890049988e+38 1.394182371860370040e+04
-2.731645071235107025e-01 2.370964963871649831e+38 1.394182895983789967e+04
-2.675764249488565838e-01 2.396674772273280171e+38 1.394183454791999975e+04
-2.616483105684892507e-01 2.422692028820309814e+38 1.394184047603440013e+04
-2.554337888104782905e-01 2.448912086105260066e+38 1.394184669055619997e+04
-2.490439639423129847e-01 2.475018344350159871e+38 1.394185308038110088e+04
-2.422380028674524510e-01 2.501142083065110146e+38 1.394185988634209934e+04
-2.353690021227521356e-01 2.526098934549249859e+38 1.394186675534290043e+04
-2.282924143237323733e-01 2.550859251432250070e+38 1.394187383193069945e+04
-2.209043035800277721e-01 2.575327470432030114e+38 1.394188122004139950e+04
-2.137141015646193409e-01 2.597979480594160143e+38 1.394188841024340036e+04
-2.065790234119049273e-01 2.618614483789120058e+38 1.394189554532160037e+04
-1.992863183822919382e-01 2.639150909427120158e+38 1.394190283802660088e+04
-1.920686439880228136e-01 2.657391711920089817e+38 1.394191005570100060e+04
-1.847307206717232475e-01 2.674746072393970062e+38 1.394191739362430053e+04
-1.774175785576517228e-01 2.691045603482649832e+38 1.394192470676640005e+04
-1.699356485278258333e-01 2.706084768688110034e+38 1.394193218869650082e+04
-1.624154004039155552e-01 2.720267239793979913e+38 1.394193970894459926e+04
-1.546677350470417878e-01 2.733664649037899954e+38 1.394194745660989975e+04
-1.467829001485370100e-01 2.746242307600379906e+38 1.394195534144480007e+04
-1.385826610930962488e-01 2.758156583277480097e+38 1.394196354168389917e+04
-1.300749159308907110e-01 2.769527969444739838e+38 1.394197204942909957e+04
-1.211325814056181116e-01 2.780202706450770148e+38 1.394198099176359938e+04
-1.117911828787327977e-01 2.790261669266360086e+38 1.394199033316210080e+04
-1.019800918566033943e-01 2.799707501168689998e+38 1.394200014425309928e+04
-9.184311980425263755e-02 2.808388912587659978e+38 1.394201028122520074e+04
-8.146779546586913057e-02 2.816228076309340073e+38 1.394202065654949911e+04
-7.083215295642730780e-02 2.823399623998099850e+38 1.394203129219199946e+04
-5.991092422846122645e-02 2.829590149039549964e+38 1.394204221342080018e+04
-4.867564970663806889e-02 2.834777663215160153e+38 1.394205344869530018e+04
-3.709384493231482338e-02 2.839103464613370118e+38 1.394206503050009997e+04
-2.513309440655575600e-02 2.842369640695349949e+38 1.394207699125060026e+04
-1.278084444493288174e-02 2.844565276109559981e+38 1.394208934350060008e+04
0.000000000000000000e+00 2.845691068011480074e+38 1.394210212434499954e+04
1.325290910426701885e-02 2.845583002507170146e+38 1.394211537725410017e+04
2.700151849603571463e-02 2.844149218218720044e+38 1.394212912586349921e+04
4.128481120642391033e-02 2.841253708284700168e+38 1.394214340915620051e+04
5.615144080547906924e-02 2.836992518252120175e+38 1.394215827578579956e+04
7.162765348221000750e-02 2.830670857933349978e+38 1.394217375199849994e+04
8.637727752829960082e-02 2.823316474191469843e+38 1.394218850162250055e+04
1.031770952376973582e-01 2.813168244765740147e+38 1.394220530144020086e+04
1.206991906965413364e-01 2.800810610596709873e+38 1.394222282353569972e+04
1.390371774396044202e-01 2.786164265317560029e+38 1.394224116152239912e+04
1.582369782918249257e-01 2.768907266112550145e+38 1.394226036132330046e+04
1.783677300136332633e-01 2.749074046225269887e+38 1.394228049207500044e+04
1.994999761463986943e-01 2.726580263167200124e+38 1.394230162432110046e+04
2.217074578620668035e-01 2.701195737410580096e+38 1.394232383180289980e+04
2.450691743015340762e-01 2.673134994501349975e+38 1.394234719351929925e+04
2.670590244561026338e-01 2.645808173071080132e+38 1.394236918336949930e+04
2.869030031688453164e-01 2.620567802975230147e+38 1.394238902734819931e+04
3.064247545917169191e-01 2.594914686883370070e+38 1.394240854909960035e+04
3.321676682335237274e-01 2.559137167183929896e+38 1.394243429201320032e+04
3.457829783928900724e-01 2.542051234106050127e+38 1.394244790732339970e+04
3.596502938016783446e-01 2.522886643316670079e+38 1.394246177463879940e+04
3.763049905119260075e-01 2.499235030874760063e+38 1.394247842933550055e+04
3.962857792357681319e-01 2.470596810299809971e+38 1.394249841012420075e+04
4.202743108216964174e-01 2.436070795978290146e+38 1.394252239865579941e+04
4.491021511585131520e-01 2.394868126623369874e+38 1.394255122649619989e+04
4.823010390318813734e-01 2.348418451355100159e+38 1.394258442538400050e+04
5.106303431184642250e-01 2.310774581468309993e+38 1.394261275468809981e+04
5.350237458133051405e-01 2.279013705216430078e+38 1.394263714809080011e+04
5.563730525609571487e-01 2.251663114904890077e+38 1.394265849739760051e+04
5.757524231503339252e-01 2.227098214458220087e+38 1.394267787676810076e+04
5.950919001406873576e-01 2.202672537991720063e+38 1.394269721624510021e+04
6.227903599883575225e-01 2.167038502104540137e+38 1.394272491470500063e+04
6.366998444700584514e-01 2.152152148043819905e+38 1.394273882418950052e+04
6.512244854839082109e-01 2.134545161148710171e+38 1.394275334883049982e+04
6.683825340041948948e-01 2.113623558561859829e+38 1.394277050687900010e+04
6.887026458316540811e-01 2.089243334228010084e+38 1.394279082699080027e+04
7.128111206893663621e-01 2.061058616641379943e+38 1.394281493546569982e+04
7.414646901142987190e-01 2.028788037278379862e+38 1.394284358903509928e+04
7.711043004037492210e-01 1.997302932448860112e+38 1.394287322864539965e+04
7.966080342976056272e-01 1.972101079393710180e+38 1.394289873237930078e+04
8.188447764150623698e-01 1.950718432189489934e+38 1.394292096912140005e+04
8.387472049162170151e-01 1.931988808510830064e+38 1.394294087154989938e+04
8.577512477913842304e-01 1.914234433902569901e+38 1.394295987559280002e+04
8.803412960096466122e-01 1.892690803366430004e+38 1.394298246564100009e+04
9.010145312586246291e-01 1.874197693413239864e+38 1.394300313887630000e+04
9.166084696644247742e-01 1.861055524452510050e+38 1.394301873281470034e+04
9.345305872393510072e-01 1.844702997304050089e+38 1.394303665493220069e+04
9.554790592137578642e-01 1.825883674861609890e+38 1.394305760340420056e+04
9.801423517164948862e-01 1.804413101119220026e+38 1.394308226669669966e+04
1.009301716680056415e+00 1.779956384670789917e+38 1.394311142606169960e+04
1.043825986962474417e+00 1.752331231434940032e+38 1.394314595033200021e+04
1.084660622655064799e+00 1.721545968338090108e+38 1.394318678496770008e+04
1.133014844401259325e+00 1.687522826075679974e+38 1.394323513918940080e+04
1.190260848763500690e+00 1.650100900403259971e+38 1.394329238519379942e+04
1.257989491881744470e+00 1.609353321550140014e+38 1.394336011383689947e+04
1.338240736749867210e+00 1.565378780257390065e+38 1.394344036508170029e+04
1.429284985610138392e+00 1.520903482950410014e+38 1.394353140933060058e+04
1.521803656783959013e+00 1.481221119170019920e+38 1.394362392800179987e+04
1.600657431661602459e+00 1.452027628866749999e+38 1.394370278177669934e+04
1.667974537353074993e+00 1.428098671719770003e+38 1.394377009888229986e+04
1.725489807688063593e+00 1.408563354846980068e+38 1.394382761415270033e+04
1.774687753628313658e+00 1.392550140900170046e+38 1.394387681209860057e+04
1.816842857666415512e+00 1.379371818945910068e+38 1.394391896720270051e+04
1.853060309147622320e+00 1.368464946621719946e+38 1.394395518465409987e+04
1.884308344098826637e+00 1.359354028457910044e+38 1.394398643268910018e+04
1.911444184319407213e+00 1.351625134192820094e+38 1.394401356852930076e+04
1.935250919559621252e+00 1.344983423293030064e+38 1.394403737526459918e+04
1.956487658924743300e+00 1.339103510781050083e+38 1.394405861200390063e+04
1.976006144288476207e+00 1.333658106579350014e+38 1.394407813048930075e+04
1.995141805076855235e+00 1.328089832365140037e+38 1.394409726615010004e+04
2.018194374091763166e+00 1.320321757101649990e+38 1.394412031871910040e+04
2.054600324241619091e+00 1.306908305584529919e+38 1.394415672466919932e+04
2.089540524995754822e+00 1.297596858450189989e+38 1.394419166487000075e+04
2.123596508488844847e+00 1.288749263706229913e+38 1.394422572085349930e+04
2.154336817326111486e+00 1.281579658997019980e+38 1.394425646116230018e+04
2.181137439183657989e+00 1.275707493707110063e+38 1.394428326178419957e+04
2.204785406640439760e+00 1.270561644084149920e+38 1.394430690975159996e+04
2.226035353585757548e+00 1.265919869841879938e+38 1.394432815969859985e+04
2.245758711414964637e+00 1.261498324001429980e+38 1.394434788305639995e+04
2.265349059576692525e+00 1.256779254865109998e+38 1.394436747340459988e+04
2.289459011342842132e+00 1.249675272644230065e+38 1.394439158335630054e+04
2.329937726402931730e+00 1.236206393343379942e+38 1.394443206207140065e+04
2.364817547633720096e+00 1.228805662913620081e+38 1.394446694189260052e+04
2.395123261700064177e+00 1.222027006961550030e+38 1.394449724760669960e+04
2.421684917184393271e+00 1.215855966822220028e+38 1.394452380926220030e+04
2.445266790458845207e+00 1.210167523483769928e+38 1.394454739113550022e+04
2.466626512141374405e+00 1.204799084969630000e+38 1.394456875085710089e+04
2.486660075095642242e+00 1.199464577034009979e+38 1.394458878442010064e+04
2.506863171300210524e+00 1.193533006067659930e+38 1.394460898751629975e+04
2.529381742839177605e+00 1.185902201925849985e+38 1.394463150608780052e+04
2.550165832317361492e+00 1.179186511911810002e+38 1.394465229017730053e+04
2.570577183943896671e+00 1.171923870720300001e+38 1.394467270152889978e+04
2.593888915756906499e+00 1.162433098745320079e+38 1.394469601326080010e+04
2.617352999095601263e+00 1.152980661700630054e+38 1.394471947734410060e+04
2.638943548243332771e+00 1.144496691265099920e+38 1.394474106789319922e+04
2.659834594176572864e+00 1.135951181639489956e+38 1.394476195893919976e+04
2.682470891228149412e+00 1.125941802804489939e+38 1.394478459523620040e+04
2.708131807883546571e+00 1.113948773765799938e+38 1.394481025615289946e+04
2.731339472595209372e+00 1.104024070203129967e+38 1.394483346381760020e+04
2.753111754298515734e+00 1.094493300282800053e+38 1.394485523609929987e+04
2.774827294950227952e+00 1.084659236421829986e+38 1.394487695163990065e+04
2.799889947140400182e+00 1.072232956705700086e+38 1.394490201429209992e+04
2.822891612264356809e+00 1.061358078231139929e+38 1.394492501595730027e+04
2.845057073342104559e+00 1.050501818670390009e+38 1.394494718141829981e+04
2.868500254338869127e+00 1.038498490999570010e+38 1.394497062459930021e+04
2.893547527293776511e+00 1.025113271025519988e+38 1.394499567187230059e+04
2.916886198121574125e+00 1.013111230678209959e+38 1.394501901054309928e+04
2.939902131503913552e+00 1.001117875464289944e+38 1.394504202647649981e+04
2.965688712512928760e+00 9.869891539734519482e+37 1.394506781305749973e+04
2.991614155947900144e+00 9.727735958101649436e+37 1.394509373850090014e+04
3.015870169883783092e+00 9.600353886289850248e+37 1.394511799451489969e+04
3.039808907122278470e+00 9.474768681830429805e+37 1.394514193325209999e+04
3.066462375094488380e+00 9.328723645690460272e+37 1.394516858672009948e+04
3.094547701566625619e+00 9.173310305196779647e+37 1.394519667204660072e+04
3.120516396804305259e+00 9.037990304537069679e+37 1.394522264074180021e+04
3.145531434878648724e+00 8.909890156508760116e+37 1.394524765577990001e+04
3.171491536722896853e+00 8.775181461453480367e+37 1.394527361588170061e+04
3.203529675809477339e+00 8.597630992882859282e+37 1.394530565402079992e+04
3.232614477221432026e+00 8.449332240337129586e+37 1.394533473882219914e+04
3.259828049494899460e+00 8.315003396578310214e+37 1.394536195239449989e+04
3.286271709195716539e+00 8.186862603272569590e+37 1.394538839605420071e+04
3.314066622877362533e+00 8.048995728036550221e+37 1.394541619096790055e+04
3.349223181905472302e+00 7.863095646993190350e+37 1.394545134752689955e+04
3.381069682702218415e+00 7.709178293441210081e+37 1.394548319402769994e+04
3.410728414013647125e+00 7.572850374813829741e+37 1.394551285275900045e+04
3.439141677845327649e+00 7.445544995835260447e+37 1.394554126602279939e+04
3.467883569968762458e+00 7.315452411493440020e+37 1.394557000791499922e+04
3.500952550797592266e+00 7.156741418445379824e+37 1.394560307689580077e+04
3.537265518772983341e+00 6.982046148740230405e+37 1.394563938986379981e+04
3.570582325288341963e+00 6.836273676671359616e+37 1.394567270667030061e+04
3.601982687941926997e+00 6.706027549556190428e+37 1.394570410703289963e+04
3.632535979884778499e+00 6.581139625000329960e+37 1.394573466032490069e+04
3.664109480565457488e+00 6.449573885581690335e+37 1.394576623382559956e+04
3.702250440175703261e+00 6.280424684039330377e+37 1.394580437478520071e+04
3.740287743745284388e+00 6.113494053720230069e+37 1.394584241208869935e+04
3.775605004495446337e+00 5.976327590753320092e+37 1.394587772934950044e+04
3.809250962885926128e+00 5.850897308251240469e+37 1.394591137530790002e+04
3.842429891275969567e+00 5.728465275521070065e+37 1.394594455423629915e+04
3.877337822937988676e+00 5.596980468217119740e+37 1.394597946216789933e+04
3.920405009530441021e+00 5.426074141573740113e+37 1.394602252935450088e+04
3.959859061775205191e+00 5.269744842164259875e+37 1.394606198340680021e+04
3.997017674131711829e+00 5.142380122288340445e+37 1.394609914201910033e+04
4.032976799047901295e+00 5.024196674892250067e+37 1.394613510114400015e+04
4.069215346396958921e+00 4.905872650845999880e+37 1.394617133969140014e+04
4.108815832767504617e+00 4.774274288524550190e+37 1.394621094017779978e+04
4.152292325459711719e+00 4.621677291266990465e+37 1.394625441667049927e+04
4.192672185426999931e+00 4.482964938818290023e+37 1.394629479653039925e+04
4.231328089483213262e+00 4.373360132441220182e+37 1.394633345243449912e+04
4.269722113145689946e+00 4.268056379383379777e+37 1.394637184645809975e+04
4.310361670291968039e+00 4.157853606670719997e+37 1.394641248601530060e+04
4.356044965665205382e+00 4.032214648848100176e+37 1.394645816931069930e+04
4.398426565163390478e+00 3.912784245925910175e+37 1.394650055091019931e+04
4.439043579704957665e+00 3.815834035559959996e+37 1.394654116792470086e+04
4.479662561012446531e+00 3.743069836761609783e+37 1.394658178690599925e+04
4.523559723500511609e+00 3.671967545023790212e+37 1.394662568406850005e+04
4.569674933014539420e+00 3.606113420388209922e+37 1.394667179927799953e+04
4.612978932807891397e+00 3.551501911572330208e+37 1.394671510327780015e+04
4.655337742549818358e+00 3.490713935226450008e+37 1.394675746208750024e+04
4.699610404570194078e+00 3.431947998171769888e+37 1.394680173474960066e+04
4.747655671191751026e+00 3.370424080834989779e+37 1.394684978001620038e+04
4.796886777920008171e+00 3.311942399678790210e+37 1.394689901112289954e+04
4.843076100372854853e+00 3.259135513587069871e+37 1.394694520044539968e+04
4.888197906586356112e+00 3.201604147628430066e+37 1.394699032225160045e+04
4.934488131253601750e+00 3.148692157967719899e+37 1.394703661247620039e+04
4.983288282957801130e+00 3.094837951651730094e+37 1.394708541262799918e+04
5.039016733951939386e+00 3.035164299345280001e+37 1.394714114107890055e+04
5.097478855113877216e+00 2.972976788227140112e+37 1.394719960320010068e+04
5.151541161627392285e+00 2.911911210423210128e+37 1.394725366550659965e+04
5.203009366947298986e+00 2.858953981560590031e+37 1.394730513371189954e+04
5.254177650276687928e+00 2.807595195783710158e+37 1.394735630199529987e+04
5.309417087284600711e+00 2.754725068987979851e+37 1.394741154143230051e+04
5.374045755870611174e+00 2.696192986293320193e+37 1.394747617010089925e+04
5.448019619725528173e+00 2.631487720073990204e+37 1.394755014396469960e+04
5.525274071378589724e+00 2.560625250632820226e+37 1.394762739841639996e+04
5.586247150693452568e+00 2.508620412327149983e+37 1.394768837149570027e+04
5.650642211603553733e+00 2.453793853237570216e+37 1.394775276655659945e+04
5.721830997590586776e+00 2.394705366763449891e+37 1.394782395534259922e+04
5.802005378734975238e+00 2.331205015407410090e+37 1.394790412972369995e+04
5.893417874307488091e+00 2.262831120820550182e+37 1.394799554221929975e+04
5.983764895414424245e+00 2.199486651642530026e+37 1.394808588924039941e+04
6.066694395129161421e+00 2.144671510562680046e+37 1.394816881874009960e+04
6.144102724403637694e+00 2.096043389972970030e+37 1.394824622706939954e+04
6.217931270455665071e+00 2.052030663755319905e+37 1.394832005561550068e+04
6.290626283309393330e+00 2.010831087322399955e+37 1.394839275062829984e+04
6.365993922794586979e+00 1.970355795418259986e+37 1.394846811826779958e+04
6.451174273286596872e+00 1.927085914209089908e+37 1.394855329861830069e+04
6.565331539301041630e+00 1.872135088620839931e+37 1.394866745588430058e+04
6.580899431231955532e+00 1.867840621617619907e+37 1.394868302377620057e+04
6.611879536172637017e+00 1.854230861883059979e+37 1.394871400388119946e+04
6.673529945006521302e+00 1.821973221550480010e+37 1.394877565429000060e+04
6.741990468031872297e+00 1.789227082876080080e+37 1.394884411481300049e+04
6.819948949554600404e+00 1.752780963420220072e+37 1.394892207329459961e+04
6.910499063033057610e+00 1.711862024861330107e+37 1.394901262340799985e+04
7.015945738827213063e+00 1.666264923000579888e+37 1.394911807008379947e+04
7.139049195387997315e+00 1.615865622758900102e+37 1.394924117354040027e+04
7.283152949163195444e+00 1.560539326524730000e+37 1.394938527729419911e+04
7.452284088727537892e+00 1.500054046421329993e+37 1.394955440843369979e+04
7.651508425089559751e+00 1.434419293464150087e+37 1.394975363277010001e+04
7.887081626266081003e+00 1.363597524921410037e+37 1.394998920597130018e+04
8.167139186673011864e+00 1.287597459848690076e+37 1.395026926353169983e+04
8.501953202536242316e+00 1.206576766211859902e+37 1.395060407754749940e+04
8.854821930048274226e+00 1.130582363730189968e+37 1.395095694627500052e+04
9.188447809481658624e+00 1.065801417268300118e+37 1.395129057215449939e+04
9.507180090156907681e+00 1.009347025866359965e+37 1.395160930443520010e+04
9.814115262384802918e+00 9.595695090147589601e+36 1.395191623960740071e+04
1.011264411759839277e+01 9.150516066039579523e+36 1.395221476846259975e+04
1.040613144947747060e+01 8.745711023760849909e+36 1.395250825579450066e+04
1.069777112080191728e+01 8.373624771468950170e+36 1.395279989546579964e+04
1.099115633198562136e+01 8.026022945617900083e+36 1.395309328067699971e+04
1.129045409535865474e+01 7.696061606393360191e+36 1.395339257844040003e+04
1.160065872814448085e+01 7.378130121211929680e+36 1.395370278307310036e+04
1.192857046044264280e+01 7.066310585872570341e+36 1.395403069480540034e+04
