# time luminosity radius
-2.089888255074583867e+01 1.286051886140300065e+36 1.008056784591060015e+06
-1.932092302266937622e+01 1.319174313666540027e+36 1.008045059794430039e+06
-1.757029039288136119e+01 1.358239047857099884e+36 1.008033869821210043e+06
-1.562680051891220501e+01 1.406556140531210112e+36 1.008023283563900040e+06
-1.345673457775956194e+01 1.469414802211660094e+36 1.008013371857019956e+06
-1.102152307308824675e+01 1.558048973960690124e+36 1.008004422255599988e+06
-8.256867721733215149e+00 1.701069538456329892e+36 1.007997206360009965e+06
-8.225263022135550273e+00 1.733572573354519888e+36 1.008154454218539991e+06
-8.219659698574105278e+00 1.734069742804590075e+36 1.008161042305420036e+06
-8.219222145429739612e+00 1.734108537060730013e+36 1.008161569477249985e+06
-8.218351414672724786e+00 1.734167404174840074e+36 1.008162721484699985e+06
-8.216618660466338042e+00 1.734282610463310106e+36 1.008165557084170054e+06
-8.216273842379450798e+00 1.734311146910650026e+36 1.008166142120560049e+06
-8.215587654385672067e+00 1.734356293359729969e+36 1.008167421809240011e+06
-8.214222140279161977e+00 1.734444691788100099e+36 1.008170605163680040e+06
-8.213950402972841403e+00 1.734466713259069988e+36 1.008171263609839953e+06
-8.213409645732099307e+00 1.734501370253370101e+36 1.008172709920529975e+06
-8.212333538822349510e+00 1.734569328997620067e+36 1.008176348996839952e+06
-8.212119393547254731e+00 1.734586349690160108e+36 1.008177106155760004e+06
-8.211693244449634221e+00 1.734613025994920147e+36 1.008178779569510021e+06
-8.210845207746388041e+00 1.734665429246310053e+36 1.008183060434640036e+06
-8.210676448441518005e+00 1.734678618183660085e+36 1.008183953390170005e+06
-8.210340617426481913e+00 1.734699216597120042e+36 1.008185941431030049e+06
-8.209672313705596025e+00 1.734739765111249964e+36 1.008191129395939992e+06
-8.209539321265765466e+00 1.734750012436630146e+36 1.008192214651840040e+06
-8.209274666309283930e+00 1.734765972555800034e+36 1.008194651764239999e+06
-8.208748002945867484e+00 1.734797464310629899e+36 1.008201160963890026e+06
-8.208654059653781587e+00 1.734804819594859922e+36 1.008202376712059951e+06
-8.208467112501239171e+00 1.734815949111820046e+36 1.008205093337050057e+06
-8.208095087667970802e+00 1.734837974548009955e+36 1.008212182724940008e+06
-8.207434700027079089e+00 1.734877282399349950e+36 1.008252964290220058e+06
-8.207178189401020063e+00 1.734894448962139962e+36 1.008273501987279975e+06
-8.206942426013483782e+00 1.734908984562159903e+36 1.008297141045519966e+06
-8.206718590199670871e+00 1.734922768970789871e+36 1.008323022630049963e+06
-8.206545878885663114e+00 1.734933513976859886e+36 1.008342890256479965e+06
-8.206403556217992445e+00 1.734942284310429945e+36 1.008358182602329995e+06
-8.206276368740873295e+00 1.734950034809799869e+36 1.008370647360009956e+06
-8.206159082634258084e+00 1.734957124897189879e+36 1.008380818123250036e+06
-8.206047114497778239e+00 1.734963835719730107e+36 1.008389168123670039e+06
-8.205936937811202370e+00 1.734970391971290039e+36 1.008396365393740009e+06
-8.205830659413550165e+00 1.734976688095220091e+36 1.008402189263600041e+06
-8.205723830647912109e+00 1.734982970141430039e+36 1.008407271175120026e+06
-8.205620278065907769e+00 1.734989046171520052e+36 1.008411420020370046e+06
-8.205517367225183989e+00 1.734995045071640137e+36 1.008414741670449963e+06
-8.205411499771798844e+00 1.735001176533390044e+36 1.008417534413820016e+06
-8.205304888419050258e+00 1.735007332438769996e+36 1.008419698399920017e+06
-8.205193474414045340e+00 1.735013725307880109e+36 1.008421514349360019e+06
-8.205082361118911649e+00 1.735020095176100100e+36 1.008422820811029989e+06
-8.204965413331592572e+00 1.735026749036580108e+36 1.008423743010230013e+06
-8.204841373426461359e+00 1.735033776040529947e+36 1.008424345863939961e+06
-8.204711413043696666e+00 1.735041114054489909e+36 1.008424603403290035e+06
-8.204570640053134412e+00 1.735049014149629881e+36 1.008424551534589962e+06
-8.204417537999688648e+00 1.735057566763529946e+36 1.008424175940650050e+06
-8.204246132436310290e+00 1.735067079147560128e+36 1.008423453934840043e+06
-8.204049148840567796e+00 1.735077935507060144e+36 1.008422338821829995e+06
-8.203815709548507584e+00 1.735090700658059936e+36 1.008420744997009984e+06
-8.203527412870244007e+00 1.735106301619759933e+36 1.008418486801870051e+06
-8.203130061609044787e+00 1.735127460421190084e+36 1.008415106084189960e+06
-8.202524682916191523e+00 1.735158983383210101e+36 1.008409724821249954e+06
-8.201331725353156799e+00 1.735218198672819953e+36 1.008399309051300050e+06
-8.199375518519445905e+00 1.735308897731940124e+36 1.008383654046169948e+06
-8.196698486251989380e+00 1.735415604515479931e+36 1.008364982768040034e+06
-8.192544238529080758e+00 1.735492339983600082e+36 1.008341441564150038e+06
-8.187867409576938371e+00 1.735367851215339876e+36 1.008320152493390022e+06
-8.182793243488049484e+00 1.734795844056159930e+36 1.008301650336059975e+06
-8.177168175674523809e+00 1.733331980417629894e+36 1.008285283986020018e+06
-8.170790369988026214e+00 1.730199595863950090e+36 1.008270554289230029e+06
-8.163409164086260716e+00 1.724151621715649932e+36 1.008257111216500052e+06
-8.154700004364713095e+00 1.713400328980449878e+36 1.008244703493900015e+06
-8.144227462982598809e+00 1.695786257973909992e+36 1.008233146403740044e+06
-8.131388406811311143e+00 1.669428173283409895e+36 1.008222302003470017e+06
-8.115320216296822764e+00 1.634013124384969949e+36 1.008212067027400015e+06
-8.094742054554444621e+00 1.592473762961609901e+36 1.008202364721319987e+06
-8.067663272926438367e+00 1.552121900847820119e+36 1.008193138543469948e+06
-8.030805151609456516e+00 1.523902415791420034e+36 1.008184344915949972e+06
-7.978363925278245006e+00 1.519034415432190128e+36 1.008175949329419993e+06
-7.898948726531671127e+00 1.544123957876859900e+36 1.008167900601970032e+06
-7.766797512376797386e+00 1.597644387991299989e+36 1.008160058193339966e+06
-7.509697595018224092e+00 1.671958636652180133e+36 1.008151893895750050e+06
-6.998068759474335820e+00 1.756668537701659904e+36 1.008142970534309978e+06
-6.052588137037673732e+00 1.874087554725679873e+36 1.008132620917450055e+06
-4.810362155822076602e+00 2.063414312539160051e+36 1.008124221549149952e+06
-3.603009881568141282e+00 2.364953635764040107e+36 1.008121918760080007e+06
-2.788862292372868978e+00 2.721614554734609982e+36 1.008125281638319953e+06
-2.215460207573414664e+00 3.141213722815099995e+36 1.008132033303400036e+06
-1.795866215179557912e+00 3.643913966292170029e+36 1.008141242305919994e+06
-1.478121805621412932e+00 4.259100029943509881e+36 1.008152592553730006e+06
-1.230436306892443099e+00 5.033255400788810102e+36 1.008166177492360002e+06
-1.033830544161901344e+00 6.040218118075839716e+36 1.008182387521030032e+06
-1.018233696999232052e+00 6.139618361287220353e+36 1.008183741941420012e+06
-9.871959711472300114e-01 6.345520116157749744e+36 1.008186659344080021e+06
-9.254308967010729248e-01 6.819949900420459593e+36 1.008193295070650056e+06
-9.140977193910657661e-01 6.915386673783650147e+36 1.008194551572210039e+06
-8.915446965438604821e-01 7.113468796291449892e+36 1.008197204771360033e+06
-8.466641810791770695e-01 7.558927696348399685e+36 1.008203096749939956e+06
-7.730127444065146847e-01 8.501308202884259757e+36 1.008215116469700006e+06
-7.231748986432648962e-01 9.332813651705450513e+36 1.008224891025739955e+06
-6.900383871361555066e-01 1.000950397138939950e+37 1.008232354541850043e+06
-6.696658016790024703e-01 1.048742224551459976e+37 1.008237392882309970e+06
-6.553973543923348188e-01 1.085301268418180101e+37 1.008241176047640038e+06
-6.446877209855301771e-01 1.115181654595130084e+37 1.008244173923579976e+06
-6.361498266505805077e-01 1.140564294543700097e+37 1.008246676479159971e+06
-6.290015258600760717e-01 1.162936286819529947e+37 1.008248856403860031e+06
-6.225078382485662587e-01 1.184250078171150057e+37 1.008250914066849975e+06
-6.158860567520605400e-01 1.207112523597890078e+37 1.008253099364649970e+06
-6.069847684175329050e-01 1.240127590135590007e+37 1.008256206957209972e+06
-5.892712046315864427e-01 1.316420207963270046e+37 1.008263234152509947e+06
-5.726908705782989273e-01 1.402400051486099975e+37 1.008270840716270031e+06
-5.582455210969783366e-01 1.496908699044949913e+37 1.008278533744379994e+06
-5.454891574081557337e-01 1.604798117868090076e+37 1.008286427724160021e+06
-5.345287569543870632e-01 1.720214812781980002e+37 1.008294299534369959e+06
-5.255796743604150834e-01 1.836382373439549973e+37 1.008301692308980040e+06
-5.190117372694658116e-01 1.944147901049069971e+37 1.008307774136940017e+06
-5.139760211459361017e-01 2.018782136251149884e+37 1.008312914317540010e+06
-5.099621200733963633e-01 2.083008844742790087e+37 1.008317539997130050e+06
-5.096410030073457165e-01 2.075565540728099894e+37 1.008317924139149953e+06
-5.090019800463778665e-01 2.076098752700080016e+37 1.008318766136449995e+06
-5.077303243542701239e-01 2.086498320474010050e+37 1.008320754900350003e+06
-5.069050358597451122e-01 2.082935124982899976e+37 1.008322270313840010e+06
-5.064911339777609101e-01 2.105752968233890088e+37 1.008323068550960044e+06
-5.064596388183417730e-01 2.105375097346389997e+37 1.008323162237529992e+06
-5.064335873448726488e-01 2.105171096780000077e+37 1.008323257567069959e+06
-5.064061759694595821e-01 2.105157639299959956e+37 1.008323364650389994e+06
-5.063618977146688849e-01 2.103723846904679981e+37 1.008323549004939967e+06
-5.063021782243595226e-01 2.105951613200580013e+37 1.008323843692280003e+06
-5.062623609410366043e-01 2.105420799321380089e+37 1.008324084206179949e+06
-5.062383569111261750e-01 2.104977463138440018e+37 1.008324235769839957e+06
-5.062184980288293445e-01 2.104890367363509965e+37 1.008324358040819992e+06
-5.061997850934858434e-01 2.104891985900319949e+37 1.008324469851540052e+06
-5.061980443060747348e-01 2.105176032262839973e+37 1.008324516977290041e+06
-5.061972463772690389e-01 2.105290994900110050e+37 1.008324551712749992e+06
-5.061964654232724570e-01 2.105223317394319960e+37 1.008324602240759996e+06
-5.061954775446793064e-01 2.104971390484169988e+37 1.008324685900259996e+06
-5.061941736184962792e-01 2.104740973828959993e+37 1.008324790128789959e+06
-5.061922439563204534e-01 2.104702888737040050e+37 1.008324878396610031e+06
-5.061898745443613734e-01 2.104801532395129911e+37 1.008324926220490015e+06
-5.061874957846157486e-01 2.104878247427840074e+37 1.008324955933440011e+06
-5.061845443087804597e-01 2.104925728233969952e+37 1.008324983868299983e+06
-5.061805740788258845e-01 2.104975985097669989e+37 1.008325009583620005e+06
-5.061742340112687089e-01 2.105063192648860111e+37 1.008325034228309989e+06
-5.061616172752110288e-01 2.105269086577290077e+37 1.008325064986829995e+06
-5.061365099700196879e-01 2.105670743709990086e+37 1.008325116777679999e+06
-5.060865464329253882e-01 2.106728402392009969e+37 1.008325217255639960e+06
-5.059871189951081760e-01 2.108080453666570098e+37 1.008325415183859994e+06
-5.057892583918146556e-01 2.111269677669080097e+37 1.008325803503209958e+06
-5.053955157909513218e-01 2.118113579396549965e+37 1.008326548173410003e+06
-5.046119680173433153e-01 2.131121372089729955e+37 1.008327939389680047e+06
-5.031431824208993930e-01 2.157296517964839878e+37 1.008330382101770025e+06
-5.012542642634798540e-01 2.207933284996250113e+37 1.008333570843030000e+06
-4.993570672977512004e-01 2.365814002855869899e+37 1.008336945516700041e+06
-4.973592335754801752e-01 3.340927005154100021e+37 1.008340707897149958e+06
-4.950739686282759067e-01 3.487832538895049855e+37 1.008345160597239970e+06
-4.923401238138467306e-01 3.732694022604809780e+37 1.008350728283480043e+06
-4.890396254795632558e-01 4.317831466293060256e+37 1.008357871024259948e+06
-4.854313710311544128e-01 4.700641628970760260e+37 1.008366141596690053e+06
-4.817333475330087822e-01 5.495963255512379828e+37 1.008375269293840043e+06
-4.779042906520771794e-01 8.690537886084380221e+37 1.008386568145029945e+06
-4.743957363752997480e-01 7.985424177221099670e+37 1.008397249860660057e+06
-4.701742185261537088e-01 8.327837250529570444e+37 1.008411128488259972e+06
-4.661812976391956909e-01 8.614239580469660236e+37 1.008425030364159960e+06
-4.625544895334314788e-01 8.916372958199530500e+37 1.008438374925040058e+06
-4.591379530484118732e-01 9.246263853201860360e+37 1.008451633764159982e+06
-4.558344639553979505e-01 9.600925341495870562e+37 1.008465122648000019e+06
-4.524356585297937272e-01 1.000684363337739998e+38 1.008479727709989995e+06
-4.487002478726935806e-01 1.049492790273029920e+38 1.008496663479760056e+06
-4.451832081431348342e-01 1.091739926529870020e+38 1.008513333631030051e+06
-4.416872304500429891e-01 1.136716726888349942e+38 1.008530686119229998e+06
-4.379185733178019291e-01 1.189355481772879961e+38 1.008550310452110018e+06
-4.334240535772551084e-01 1.256552840072490010e+38 1.008574956600439968e+06
-4.292429301476659020e-01 1.308493695529510034e+38 1.008598801047279965e+06
-4.251494096533861011e-01 1.362752075411559930e+38 1.008623037472640048e+06
-4.211337802662455942e-01 1.416005483057279997e+38 1.008647563115190016e+06
-4.173470562855072785e-01 1.464518889230700054e+38 1.008671267254980048e+06
-4.138964743669930613e-01 1.507006074981270078e+38 1.008693279705359950e+06
-4.107195612941723084e-01 1.546786077515759934e+38 1.008713847277530003e+06
-4.076576934949116549e-01 1.585159903913579998e+38 1.008733912621579948e+06
-4.048098269231559243e-01 1.621386375212169988e+38 1.008752735260089976e+06
-4.020326064728578785e-01 1.655671284702220008e+38 1.008771233809259953e+06
-3.993297215984057402e-01 1.687656814330920023e+38 1.008789351898640045e+06
-3.967508932473720051e-01 1.717934735393559956e+38 1.008806718614649959e+06
-3.941744828898663400e-01 1.747798011812830007e+38 1.008824153651540051e+06
-3.916055346726352582e-01 1.774356855652860042e+38 1.008841599321360001e+06
-3.890142537347855978e-01 1.798358316536820037e+38 1.008859257554290001e+06
-3.864098690282844473e-01 1.819798041643199814e+38 1.008877060235179961e+06
-3.837122104105219478e-01 1.843856918352120157e+38 1.008895561278710025e+06
-3.810301470439299010e-01 1.857396970795020138e+38 1.008914018779749982e+06
-3.782997570851875935e-01 1.873826294314549984e+38 1.008932886106809950e+06
-3.755709562647098210e-01 1.894232920599260050e+38 1.008951838184440043e+06
-3.728876410950761056e-01 1.915382849662919915e+38 1.008970530953170033e+06
-3.701450658354588086e-01 1.930098087330949834e+38 1.008989688982179970e+06
-3.674010640061169397e-01 1.941420609704089917e+38 1.009008890395540046e+06
-3.645891802589176223e-01 1.954499542448870178e+38 1.009028627186150057e+06
-3.618224328893120401e-01 1.972332514900279992e+38 1.009048058957429952e+06
-3.590491355898848269e-01 1.983300379535920131e+38 1.009067546626589959e+06
-3.563400692055438412e-01 1.991036046430190133e+38 1.009086588372980012e+06
-3.536348281868413324e-01 1.999418269928840130e+38 1.009105622402340057e+06
-3.509039999862579862e-01 2.014962052114609973e+38 1.009124844447540003e+06
-3.482207097258651629e-01 2.024227113912669986e+38 1.009143724377930048e+06
-3.455853570721956203e-01 2.030973750840249909e+38 1.009162258112080046e+06
-3.428784472653205739e-01 2.037770483409850025e+38 1.009181294182430021e+06
-3.400706589509354671e-01 2.052000132038119824e+38 1.009201063941210043e+06
-3.372435003402642906e-01 2.061515860591330100e+38 1.009220941416779999e+06
-3.343372060226101894e-01 2.070255805652990127e+38 1.009241341523239971e+06
-3.314189803768385900e-01 2.078260914344899910e+38 1.009261783481650054e+06
-3.283878764505061554e-01 2.093008487120200051e+38 1.009282999285639962e+06
-3.253118541942967568e-01 2.109098014659649903e+38 1.009304467028990039e+06
-3.222179374024563003e-01 2.121468432062560157e+38 1.009325986155260005e+06
-3.190066696606663754e-01 2.134462545733270150e+38 1.009348253539890051e+06
-3.157294460525008617e-01 2.155231795360589939e+38 1.009370886660350021e+06
-3.123909841779095586e-01 2.169199784556870135e+38 1.009393818283390021e+06
-3.089453611082717543e-01 2.184877536413480102e+38 1.009417353296970017e+06
-3.054672409762133611e-01 2.205540135111590076e+38 1.009440952325260034e+06
-3.019922911298635881e-01 2.228788453022500081e+38 1.009464346945400001e+06
-2.984922107407328440e-01 2.245819504757290130e+38 1.009487703039380023e+06
-2.949131438799668103e-01 2.265342520798580163e+38 1.009511380130239995e+06
-2.912086982178152539e-01 2.290201073531529926e+38 1.009535637987260008e+06
-2.872790940928098280e-01 2.311938818867750010e+38 1.009561082092519966e+06
-2.830900204608042259e-01 2.335947997726920004e+38 1.009587876320100040e+06
-2.786548042968206573e-01 2.362726161535379917e+38 1.009615849676519982e+06
-2.740383848995406879e-01 2.390434920264519899e+38 1.009644526758069987e+06
-2.693019922680832678e-01 2.418643954733179868e+38 1.009673507465729956e+06
-2.642711354874336394e-01 2.446817934144419921e+38 1.009703814367839950e+06
-2.589344231873837998e-01 2.474155453669599926e+38 1.009735420965960016e+06
-2.533741268471203512e-01 2.501080725921719882e+38 1.009767762220429955e+06
-2.476180941357597476e-01 2.527554483339019914e+38 1.009800647432349971e+06
-2.414567590731167002e-01 2.554673292293620068e+38 1.009835213171990006e+06
-2.349160071553342277e-01 2.582120519630960089e+38 1.009871241958530038e+06
-2.284798171403963352e-01 2.608262870751389872e+38 1.009906019992629997e+06
-2.220982546677987557e-01 2.632867774910759914e+38 1.009939889358010027e+06
-2.157467260003613774e-01 2.656140284142489944e+38 1.009972996377969976e+06
-2.094017545750830323e-01 2.678197775359830150e+38 1.010005496299650054e+06
-2.030434379739745054e-01 2.699064922128110036e+38 1.010037448057199945e+06
-1.966600697214744287e-01 2.718865754011360029e+38 1.010068913689390058e+06
-1.903120744027546607e-01 2.737315834868560001e+38 1.010099543552440009e+06
-1.838191938932141056e-01 2.754642788268919940e+38 1.010130199660439976e+06
-1.771804996897117235e-01 2.772173962412130093e+38 1.010160795852130046e+06
-1.702862023794295965e-01 2.788728047150780113e+38 1.010191756686480017e+06
-1.629337320518970955e-01 2.805054263719679926e+38 1.010223861371539999e+06
-1.555394260030880105e-01 2.820475447717119860e+38 1.010255196707129944e+06
-1.479114768299041316e-01 2.834972855534079906e+38 1.010286547586590052e+06
-1.401219903364108177e-01 2.848577325704399902e+38 1.010317585928509943e+06
-1.319949294775142334e-01 2.861394355585790036e+38 1.010348943670180044e+06
-1.235269276257895399e-01 2.873537622145829858e+38 1.010380537973670056e+06
-1.146629363393003587e-01 2.884966228630430015e+38 1.010412493926879950e+06
-1.056169329276599456e-01 2.895469293338660057e+38 1.010443986263419967e+06
-9.636201056127902120e-02 2.905052577901679927e+38 1.010475083064449951e+06
-8.687739695960772224e-02 2.913877819630019991e+38 1.010505849227110040e+06
-7.714174492866732180e-02 2.921736881612540014e+38 1.010536309487459948e+06
-6.713309822589508258e-02 2.928551053095059919e+38 1.010566475567350048e+06
-5.682836200867313892e-02 2.934515674309329822e+38 1.010596387898580055e+06
-4.620188562330440618e-02 2.939510226470709920e+38 1.010626067546230042e+06
-3.522744870315364096e-02 2.943573881686039875e+38 1.010655515703300014e+06
-2.388985602374305017e-02 2.946576912801639878e+38 1.010684707971059950e+06
-1.215861545642837882e-02 2.948527385016510162e+38 1.010713634294950054e+06
0.000000000000000000e+00 2.949279867436419813e+38 1.010742295069260057e+06
1.262409646005835384e-02 2.949017810957520181e+38 1.010770674434529967e+06
2.573183663116651587e-02 2.947088458847299886e+38 1.010798702005850035e+06
3.936079353479726706e-02 2.943552987702780016e+38 1.010826328710520058e+06
5.356293875047413167e-02 2.938424860571570047e+38 1.010853523430970032e+06
6.835202372712956276e-02 2.931607417905770081e+38 1.010880155414580018e+06
8.379125008832488675e-02 2.922847283679929943e+38 1.010906166328629944e+06
9.990375764573400375e-02 2.912124841946980069e+38 1.010931392935220036e+06
1.167566656768030953e-01 2.899163600518810177e+38 1.010955731876989943e+06
1.343864270966150798e-01 2.883935309936389939e+38 1.010978991878289962e+06
1.528510088992334204e-01 2.866093222962270063e+38 1.011000990418190020e+06
1.722155253992241342e-01 2.845891964053929898e+38 1.011021489046760020e+06
1.922310225036198972e-01 2.823468196857459950e+38 1.011039960216040025e+06
2.116680788840312744e-01 2.800472856971779922e+38 1.011055345475660055e+06
2.340307074464362813e-01 2.771826231181939951e+38 1.011069729031680035e+06
2.490173015794425737e-01 2.753332256974019918e+38 1.011077815252759960e+06
2.630982654172839830e-01 2.734591393378170072e+38 1.011084222117590019e+06
2.803500243699090788e-01 2.710259658657209954e+38 1.011090196366310003e+06
3.013037088185228640e-01 2.679805225559190040e+38 1.011094641167609952e+06
3.267926197659107856e-01 2.641996783302889825e+38 1.011095939974340028e+06
3.551100427866913378e-01 2.599782298966500154e+38 1.011092407335489988e+06
3.850389103736233665e-01 2.555102133395790118e+38 1.011083269696619944e+06
4.167976029111741809e-01 2.507947434913320174e+38 1.011067678304960020e+06
4.504845624105655588e-01 2.458584328901709996e+38 1.011044746225249954e+06
4.863060236712044571e-01 2.407185031721179968e+38 1.011013477011249983e+06
5.243922181361995172e-01 2.354125350968239970e+38 1.010972940996380057e+06
5.649703570143174147e-01 2.299745534244280029e+38 1.010922176802200032e+06
6.082572582763532409e-01 2.244381862751539901e+38 1.010860398602679954e+06
6.545165653114963789e-01 2.188456943346620043e+38 1.010787046730739996e+06
7.040015971615503076e-01 2.132404857036229834e+38 1.010702036616969970e+06
7.570345105432352284e-01 2.076552476848280143e+38 1.010605828801759984e+06
8.092584967125731055e-01 2.026325826708719815e+38 1.010508584389599971e+06
8.535646705331600970e-01 1.987711150643949887e+38 1.010425868291539955e+06
8.912473845739441458e-01 1.956567687019529943e+38 1.010356261385719990e+06
9.234110146517195972e-01 1.931110621328589990e+38 1.010297867256639991e+06
9.509997930235840613e-01 1.909975879023869902e+38 1.010248784235390020e+06
9.748505008537904359e-01 1.892324562101570038e+38 1.010207260301419999e+06
9.957633518406510120e-01 1.877114017544619913e+38 1.010171624059490045e+06
1.014637653628597036e+00 1.863590459686169816e+38 1.010140139631569968e+06
1.032934911441770964e+00 1.850446386078149823e+38 1.010110267981530051e+06
1.055745036264852388e+00 1.833228263521329863e+38 1.010073997337909997e+06
1.078540025015172432e+00 1.817161169362879976e+38 1.010038773670910043e+06
1.097534096150411642e+00 1.804696592363669940e+38 1.010010202096150024e+06
1.119489710539710359e+00 1.789012823146109985e+38 1.009978271087970003e+06
1.145364524272736162e+00 1.770939218014180169e+38 1.009942054497139994e+06
1.176118934006808558e+00 1.750254996013480124e+38 1.009900991453410010e+06
1.212799857594291097e+00 1.726655814837519940e+38 1.009854774653699948e+06
1.256544246360135730e+00 1.700207631789139913e+38 1.009803488709109952e+06
1.308636072923036409e+00 1.670717289063630091e+38 1.009747572885229951e+06
1.367325397910462925e+00 1.640230337380949963e+38 1.009690686433690018e+06
1.417326842463808134e+00 1.618201072783649959e+38 1.009646519634369994e+06
1.460019316313264426e+00 1.599652325299499963e+38 1.009611731936590048e+06
1.496562532734969864e+00 1.584117323656209972e+38 1.009583907374919974e+06
1.527955081572144991e+00 1.570983255434400033e+38 1.009561310411439976e+06
1.555076996382922516e+00 1.559777841801240024e+38 1.009542687535539968e+06
1.578722269046920701e+00 1.550095699311189955e+38 1.009527078533889959e+06
1.599649343035707716e+00 1.541573908114639928e+38 1.009513728684299975e+06
1.618696327866928186e+00 1.533772798948399934e+38 1.009501931295090006e+06
1.637153516112448415e+00 1.525986748589370010e+38 1.009490789811820025e+06
1.659151337113144109e+00 1.515676271183499985e+38 1.009477808433400001e+06
1.702927000904310262e+00 1.492740389393899991e+38 1.009453060524920002e+06
1.738368664531662944e+00 1.480286502050429923e+38 1.009433817386440001e+06
1.779129156540875556e+00 1.463101652590309965e+38 1.009412815868359990e+06
1.818690982508996967e+00 1.448424153560499987e+38 1.009393348319240031e+06
1.852693871980591211e+00 1.437036270092310057e+38 1.009377306772439973e+06
1.882073808774293866e+00 1.427243319087610060e+38 1.009363945321080042e+06
1.907654234553774586e+00 1.418749949386009948e+38 1.009352658516539959e+06
1.930196738012455171e+00 1.411266904549839981e+38 1.009342958262389991e+06
1.950461272117536282e+00 1.404494490675280067e+38 1.009334418202850036e+06
1.969374554135356448e+00 1.398032614949110063e+38 1.009326584106010036e+06
1.988654860933820601e+00 1.391011762703010084e+38 1.009318694365820033e+06
2.016721422936825547e+00 1.378765598718550060e+38 1.009307287257030024e+06
2.068244886955653783e+00 1.356373250820279961e+38 1.009286837585669942e+06
2.112731708699357114e+00 1.343448854472330060e+38 1.009269791402540053e+06
2.150971464283429668e+00 1.332194110123579911e+38 1.009255691585359978e+06
2.183979154446205939e+00 1.322423718749330019e+38 1.009243879604539950e+06
2.212645246378087904e+00 1.313925589312310088e+38 1.009233859022389981e+06
2.237765394378584460e+00 1.306474128896020081e+38 1.009225241064380039e+06
2.260084110064781271e+00 1.299817839087229983e+38 1.009217698369050049e+06
2.280363089861566550e+00 1.293667109753020003e+38 1.009210924609860056e+06
2.299567748767003650e+00 1.287617922430999943e+38 1.009204560327089974e+06
2.319590059565598494e+00 1.280731418402510057e+38 1.009197932200219948e+06
2.341874424784691655e+00 1.272359344331019921e+38 1.009190486639320035e+06
2.362217672791302903e+00 1.265329222142030078e+38 1.009183684551579994e+06
2.381819608845034963e+00 1.258084244871070062e+38 1.009177143398449989e+06
2.403198176119985874e+00 1.249333421701310052e+38 1.009169953840930015e+06
2.429698771255061729e+00 1.237518829901950038e+38 1.009160916257950012e+06
2.453193046550950385e+00 1.228657681426370036e+38 1.009152878391809994e+06
2.474566006014356390e+00 1.220390323160199915e+38 1.009145587348039960e+06
2.494757884245700552e+00 1.212383323084379940e+38 1.009138702204869944e+06
2.515476028123885044e+00 1.203692237888029940e+38 1.009131604602660052e+06
2.543598960470262682e+00 1.190126110135370079e+38 1.009121807645760011e+06
2.568449892078206176e+00 1.180095218862779969e+38 1.009113097946709953e+06
2.590937315808332642e+00 1.170756703924730065e+38 1.009105244163890020e+06
2.611922056477851584e+00 1.161866638507399972e+38 1.009097922987289960e+06
2.632714469700658810e+00 1.152703258635480079e+38 1.009090649982249946e+06
2.656458900462894235e+00 1.141145653454669920e+38 1.009082232233630028e+06
2.678302295093089924e+00 1.130972215986140079e+38 1.009074389933130005e+06
2.699525861577058095e+00 1.120558590477889936e+38 1.009066744252400007e+06
2.722696277987779467e+00 1.108363256583239906e+38 1.009058297256189981e+06
2.745512740901176585e+00 1.096255638312890017e+38 1.009049830579939997e+06
2.767360523999741417e+00 1.084573287759500015e+38 1.009041670830809977e+06
2.790329640971322078e+00 1.071769406622639953e+38 1.009033012041789945e+06
2.814584446128719719e+00 1.057708918421829964e+38 1.009023703707359964e+06
2.837357872473148745e+00 1.044887012995330013e+38 1.009014900194610003e+06
2.860192598120192997e+00 1.031831393463740067e+38 1.009006036415360053e+06
2.886488359388749814e+00 1.015909959069870080e+38 1.008995702685339958e+06
2.910708247562070028e+00 1.001829405148390057e+38 1.008986096431480022e+06
2.934105218761033029e+00 9.882101673492149289e+37 1.008976827348449966e+06
2.958801156759363948e+00 9.735725996708270166e+37 1.008967021811309969e+06
2.985834590996091720e+00 9.569136516060160927e+37 1.008956193699060008e+06
3.010919821377683547e+00 9.422345502622030054e+37 1.008946160554980044e+06
3.035348116793102236e+00 9.281399001824530784e+37 1.008936451623889967e+06
3.061464927222914412e+00 9.127999573716840808e+37 1.008926104321270017e+06
3.090562466020855936e+00 8.950041384166789726e+37 1.008914547109470004e+06
3.117404265563891386e+00 8.796418345176479460e+37 1.008903971402819967e+06
3.143179886201323825e+00 8.653371477024320164e+37 1.008893944366369979e+06
3.169621330638619838e+00 8.506213426712070317e+37 1.008883764967050054e+06
3.202243594842002494e+00 8.313795382241840252e+37 1.008871271876250044e+06
3.232290112844566465e+00 8.145951314658869602e+37 1.008859872780930018e+06
3.260453112030518241e+00 7.997064598808380190e+37 1.008849384208200034e+06
3.287839231161342468e+00 7.855988458983979842e+37 1.008839359526040033e+06
3.316503316817033920e+00 7.705726372089350110e+37 1.008829016750809969e+06
3.352003902537035174e+00 7.508364625398690105e+37 1.008816320502660004e+06
3.384376752901516738e+00 7.339593153534090065e+37 1.008804911375949974e+06
3.414782081261364510e+00 7.191854090142869810e+37 1.008794436251329957e+06
3.444256990218491410e+00 7.052613860209830426e+37 1.008784489663269953e+06
3.474579150750287226e+00 6.907901622563440469e+37 1.008774443389620050e+06
3.510978768881614087e+00 6.724341416035449797e+37 1.008762530897969962e+06
3.546855865419274778e+00 6.544877834118779972e+37 1.008750924986799946e+06
3.580335328775618109e+00 6.396098020590990429e+37 1.008740355762779946e+06
3.612475049185377429e+00 6.258756666592179746e+37 1.008730449196679983e+06
3.644614155857198057e+00 6.122495336056150080e+37 1.008720755093920045e+06
3.679631718021482811e+00 5.969703976775449627e+37 1.008710373813390033e+06
3.719515429904276971e+00 5.786817523571489530e+37 1.008698660190379946e+06
3.756370402070388081e+00 5.627949940108000099e+37 1.008688017420890043e+06
3.791492687885693158e+00 5.493399244557219696e+37 1.008678125989179942e+06
3.826044416526201530e+00 5.364697327812460228e+37 1.008668620335309999e+06
3.862036977821844630e+00 5.230112082836009830e+37 1.008658923527279985e+06
3.904736805510765407e+00 5.065257438343120455e+37 1.008647606850009994e+06
3.944513873890173272e+00 4.906359124450030172e+37 1.008637129912619945e+06
3.982260013683116995e+00 4.773486591193449694e+37 1.008627378292890033e+06
4.019254638233178412e+00 4.657741261395279844e+37 1.008618049039119971e+06
4.057475528228678741e+00 4.540214698631650113e+37 1.008608629647320020e+06
4.101178599772538291e+00 4.405385964509709745e+37 1.008598078172120033e+06
4.142775747848645551e+00 4.271159280032279957e+37 1.008588085139530012e+06
4.182351047445990844e+00 4.156709631428049907e+37 1.008578671861510025e+06
4.221474494202993810e+00 4.073366882160400097e+37 1.008569587583570043e+06
4.262823782748455415e+00 3.994002661829799838e+37 1.008560222015570034e+06
4.307782790772762382e+00 3.917357723645360164e+37 1.008550240688289981e+06
4.349831347510189516e+00 3.855312029300440003e+37 1.008540963816400035e+06
4.390755239737700322e+00 3.789486389413609818e+37 1.008532001212190022e+06
4.433071787825610954e+00 3.724877582066890213e+37 1.008522962696010014e+06
4.478538696595933288e+00 3.657607445236700086e+37 1.008513495748169953e+06
4.522621375292146695e+00 3.598253782554839916e+37 1.008504457679569954e+06
4.565716372848328319e+00 3.543853836060510133e+37 1.008495729999820003e+06
4.611087668990876409e+00 3.480266851322840172e+37 1.008486696564109996e+06
4.655954250163631514e+00 3.423811484392999861e+37 1.008477997738720034e+06
4.702124660658228095e+00 3.365960171793920062e+37 1.008469297693619970e+06
4.754165188383922214e+00 3.300051062915360122e+37 1.008459870893880026e+06
4.802827517847617855e+00 3.235043078002450179e+37 1.008451319829860004e+06
4.850306139949680073e+00 3.177408809194419993e+37 1.008443296161449980e+06
4.898564394943605294e+00 3.120230388829590066e+37 1.008435410670110025e+06
4.950868224850637489e+00 3.061159380338649958e+37 1.008427113800690044e+06
5.010054249652966973e+00 2.997008256833249940e+37 1.008418039013199974e+06
5.078066759742796421e+00 2.923677788776419989e+37 1.008408135740319965e+06
5.143564020139820059e+00 2.850719144513990145e+37 1.008399035732700024e+06
5.201950262582613504e+00 2.790810961092490097e+37 1.008391306359190028e+06
5.262749105388138560e+00 2.729801914392070097e+37 1.008383628052150016e+06
5.323059928212387604e+00 2.671805338745189798e+37 1.008376291720160050e+06
5.382416783013468375e+00 2.617575589730819810e+37 1.008369283180669998e+06
5.444702896314993268e+00 2.563443774494739906e+37 1.008362117233649944e+06
5.518049592939860304e+00 2.503249062831019859e+37 1.008353921637690044e+06
5.620184516907102079e+00 2.424284064274000124e+37 1.008343052644449985e+06
5.629737099025078351e+00 2.419530107165860071e+37 1.008341956078300020e+06
5.648746737439068966e+00 2.404495055963909857e+37 1.008339844569480047e+06
5.686575917883601505e+00 2.375232828711190010e+37 1.008335806349879946e+06
5.745956474736885866e+00 2.329368313649400049e+37 1.008329905794380000e+06
5.813997454941272736e+00 2.278398724034929933e+37 1.008323528267620015e+06
5.892477049732406158e+00 2.221925228042999915e+37 1.008316555000629975e+06
5.983342362556868466e+00 2.159959640568309949e+37 1.008308905129389954e+06
6.088891463754407596e+00 2.092129073021800021e+37 1.008300481372880051e+06
6.211888595058553619e+00 2.018302239998990094e+37 1.008291200001760037e+06
6.355671764873477514e+00 1.938519948293419949e+37 1.008280962938660057e+06
6.501361121403533616e+00 1.863888693149550030e+37 1.008271057712289970e+06
6.635494496642422746e+00 1.799733140324809883e+37 1.008262257514280034e+06
6.760559642241787515e+00 1.743338082394559954e+37 1.008254312048500055e+06
6.878754068558919244e+00 1.692908455125179925e+37 1.008247018657339970e+06
6.992536344407199067e+00 1.646831219147540034e+37 1.008240180306019960e+06
7.104607083523660549e+00 1.603665899762429923e+37 1.008233617229950032e+06
7.218451180400734302e+00 1.562114682093880000e+37 1.008227104234840022e+06
7.340329565366118914e+00 1.519815790733620105e+37 1.008220315160420025e+06
7.480847267937861034e+00 1.473703422767119966e+37 1.008212755233010044e+06
7.664794975646145758e+00 1.417039846545990007e+37 1.008203330101659987e+06
7.686714751942417934e+00 1.413455223396740030e+37 1.008202121477540000e+06
7.730335106771235587e+00 1.400641386756799934e+37 1.008199758610590012e+06
7.817139612878236221e+00 1.371789297429079954e+37 1.008195264444289962e+06
7.915961157037600060e+00 1.342629462562979941e+37 1.008190529591049999e+06
8.025428256898521795e+00 1.311745918258810030e+37 1.008185546101939981e+06
8.153317604241237859e+00 1.277079765604170038e+37 1.008179978900730028e+06
8.303006215683126356e+00 1.238639397912330063e+37 1.008173751536329975e+06
8.478696702773959260e+00 1.196218359469269931e+37 1.008166778372140019e+06
8.685563883613212965e+00 1.149754073000009939e+37 1.008158970789349987e+06
8.930255765009860625e+00 1.098991106327560112e+37 1.008150218936569989e+06
9.221040935726705357e+00 1.043862433686290044e+37 1.008140410998719977e+06
9.568608457542723045e+00 9.843736089804639647e+36 1.008129427095449995e+06
9.987221285789928515e+00 9.205316985984819985e+36 1.008117129723450053e+06
1.049616792613778671e+01 8.525433687008359455e+36 1.008103344484110014e+06
1.112219200025356258e+01 7.805927142964619629e+36 1.008087900691639981e+06
