# time luminosity u_luminosity radius u_radius
-2.001594412036320136e+01 1.264846936842512214e+36 3.825232889127972962e+34 6.760219254496011417e+05 4.695356988895722316e+05
-1.981712778983819589e+01 1.266633474389875389e+36 4.371898168300935717e+34 6.664723853753417498e+05 4.728753178575662896e+05
-1.942148329209157964e+01 1.270583825012199735e+36 4.991803182404662644e+34 6.664695487148890970e+05 4.728729828643565415e+05
-1.866652236722620728e+01 1.289980702339650957e+36 4.348491852523782736e+34 6.664818258288862417e+05 4.728813078832366155e+05
-1.761571114846992714e+01 1.302628660406385839e+36 4.972161375141660946e+34 6.664767329814940458e+05 4.728768685602011974e+05
-1.635753210118127754e+01 1.347086515616441768e+36 2.822886556801870214e+34 6.664698571143206209e+05 4.728709926375774085e+05
-1.493423120018087502e+01 1.390705005169202109e+36 2.762421942234679362e+34 6.664687575057136128e+05 4.728691703494825633e+05
-1.334455862193317444e+01 1.434243593046099207e+36 3.492765846462881551e+34 6.664744700884199701e+05 4.728721494920902187e+05
-1.156841014930250822e+01 1.507350559612248166e+36 2.987078699490198076e+34 6.585632675991697470e+05 4.693897661868797150e+05
-9.572220433203256107e+00 1.605854776326485782e+36 3.256173147879469014e+34 6.378917136559170904e+05 4.815002483482228126e+05
-7.299068476608226774e+00 1.772391443088232086e+36 3.326442869691122273e+34 6.378924922106669983e+05 4.814990996606030385e+05
-7.077015343733364716e+00 1.790030428509291983e+36 4.155095460257421187e+34 6.378978252942655236e+05 4.815030292379790917e+05
-6.635129609312571120e+00 1.840452085166147216e+36 3.382645226778185465e+34 6.378965808522222796e+05 4.815017326526893303e+05
-5.755776997813882190e+00 1.936337730761600952e+36 6.248895016951109522e+34 6.379118366079116240e+05 4.815127848889000597e+05
-5.602533369881712133e+00 1.955476233334652661e+36 6.625740658565162450e+34 6.379175856840503402e+05 4.815170868553929613e+05
-5.297578550298567279e+00 1.997955853297849226e+36 6.731302488682606877e+34 6.379209701943992404e+05 4.815194538042711793e+05
-4.690718459325580625e+00 2.078441518703740419e+36 9.528600269553584992e+34 6.379510948845884996e+05 4.815421433666063822e+05
-3.561361941816358012e+00 2.386663181546498620e+36 7.950036379904422555e+34 6.379469337706523947e+05 4.815380758701274754e+05
-2.781576976063661277e+00 2.724108929830272795e+36 8.148294935204672952e+34 6.379549260400024941e+05 4.815436202540585655e+05
-2.225198061909395619e+00 3.143611708398210013e+36 8.635044381796792476e+34 6.379585092270455789e+05 4.815459467501827748e+05
-1.815834950448333984e+00 3.638982776903530467e+36 1.070351946133449716e+35 6.379642928449517349e+05 4.815500779211321496e+05
-1.505258633855191874e+00 4.260130201514866747e+36 1.215293619465565099e+35 6.379714403960041236e+05 4.815553335218637367e+05
-1.505017072095142794e+00 4.258494622774503332e+36 1.192652550094389867e+35 6.379714473513434641e+05 4.815553386827698560e+05
-1.504922976331727114e+00 4.258731815123975402e+36 1.192724383277097349e+35 6.379714500606624642e+05 4.815553406931020436e+05
-1.504735725764476229e+00 4.259203667487888241e+36 1.192866456063288394e+35 6.379714554522081744e+05 4.815553446936631808e+05
-1.504363097135865246e+00 4.260142734395859053e+36 1.193150766491748010e+35 6.379714661813832354e+05 4.815553526547799120e+05
-1.503621566163928946e+00 4.262011613331533138e+36 1.193721516974853386e+35 6.379714875324424356e+05 4.815553684974021744e+05
-1.502698643434996484e+00 4.264337960232100524e+36 1.194441480808824984e+35 6.379715141063526971e+05 4.815553882154136081e+05
-1.501715549136861227e+00 4.266816262706271894e+36 1.195219425583235475e+35 6.379715424127958249e+05 4.815554092189755174e+05
-1.500680268085488933e+00 4.269426393588471501e+36 1.196050595809041722e+35 6.379715722218633164e+05 4.815554313374943449e+05
-1.499604547454509884e+00 4.272138761610351108e+36 1.196927066143240859e+35 6.379716031953159254e+05 4.815554543199946056e+05
-1.498504185547062661e+00 4.274913560895342046e+36 1.197837110128354153e+35 6.379716348782703280e+05 4.815554778289495734e+05
-1.497398812176470528e+00 4.277701300288171210e+36 1.198764968121802926e+35 6.379716667055208236e+05 4.815555014449733426e+05
-1.496312160408706404e+00 4.280442116104028145e+36 1.199690386906673895e+35 6.379716979937161086e+05 4.815555246610147296e+05
-1.495270546203755657e+00 4.283069603556356052e+36 1.200589730966486168e+35 6.379717279851351632e+05 4.815555469148401171e+05
-1.494301692571752938e+00 4.285520378992691313e+36 1.201372659300040627e+35 6.379717559949506540e+05 4.815555677013365203e+05
-1.493431764834895148e+00 4.287744248101162922e+36 1.201858943707575190e+35 6.379717815427370369e+05 4.815555866713274736e+05
-1.492681851148518035e+00 4.289661449100249862e+36 1.202285015571293187e+35 6.379718035659852903e+05 4.815556030242441921e+05
-1.492063949632211006e+00 4.291241237604396749e+36 1.202640800956316991e+35 6.379718217123387149e+05 4.815556164984510397e+05
-1.491576606507805991e+00 4.292487270092840358e+36 1.202924336298337632e+35 6.379718360244907672e+05 4.815556271256493637e+05
-1.491204656564150355e+00 4.293438277633518889e+36 1.203142373605933380e+35 6.379718469478087500e+05 4.815556352365382481e+05
-1.490918710516780266e+00 4.294169377709243666e+36 1.203310840889128795e+35 6.379718553453896893e+05 4.815556414719916647e+05
-1.490693645606370410e+00 4.294744800287479775e+36 1.203443882598414550e+35 6.379718619550310541e+05 4.815556463798469049e+05
-1.490504566656454699e+00 4.295228197814618789e+36 1.203555903404223094e+35 6.379718675078470260e+05 4.815556505029778345e+05
-1.490332398030659533e+00 4.295668347970868933e+36 1.203658113373405831e+35 6.379718725640455959e+05 4.815556542573554907e+05
-1.490163315886093187e+00 4.296100601041243984e+36 1.203758730636301473e+35 6.379718775296009844e+05 4.815556579444281524e+05
-1.490021672143484466e+00 4.296462725065636759e+36 1.203843343595178593e+35 6.379718816893533804e+05 4.815556610331681441e+05
-1.489899102944036713e+00 4.296776089908445301e+36 1.203916763381397167e+35 6.379718852889303816e+05 4.815556637059609639e+05
-1.489789743091023411e+00 4.297055692076576663e+36 1.203982453021885461e+35 6.379718885005788179e+05 4.815556660907055484e+05
-1.489685478554747533e+00 4.297322273103413283e+36 1.204045231479600192e+35 6.379718915625895606e+05 4.815556683643395663e+05
-1.489585979199546273e+00 4.297576678104424188e+36 1.204105289203432571e+35 6.379718944846580271e+05 4.815556705340622575e+05
-1.489489483643410495e+00 4.297823409718756252e+36 1.204163671609603451e+35 6.379718973185116192e+05 4.815556726382828783e+05
-1.489394808080760413e+00 4.298065494106266433e+36 1.204221083145386029e+35 6.379719000989159103e+05 4.815556747028158279e+05
-1.489301043991872575e+00 4.298305253669149798e+36 1.204278066441877649e+35 6.379719028525527101e+05 4.815556767474730150e+05
-1.489207986121982685e+00 4.298543213140688497e+36 1.204334743214516399e+35 6.379719055854494218e+05 4.815556787767299684e+05
-1.489114064966997830e+00 4.298783384773716397e+36 1.204392061968426230e+35 6.379719083436987130e+05 4.815556808248121524e+05
-1.489020306218662881e+00 4.299023146625527845e+36 1.204449403702117167e+35 6.379719110971782357e+05 4.815556828693528078e+05
-1.488923017615888966e+00 4.299271938317848206e+36 1.204509015975870718e+35 6.379719139543222263e+05 4.815556849908668664e+05
-1.488827040810065228e+00 4.299517381405054451e+36 1.204567954225649824e+35 6.379719167729411274e+05 4.815556870837754104e+05
-1.488727177558757830e+00 4.299772766135811040e+36 1.204629392486611518e+35 6.379719197056961711e+05 4.815556892614333192e+05
-1.488621985054123797e+00 4.300041783720110024e+36 1.204694241434754112e+35 6.379719227949592751e+05 4.815556915553028812e+05
-1.488513659709497006e+00 4.300318817541548908e+36 1.204761162867395652e+35 6.379719259762266884e+05 4.815556939174886211e+05
-1.488398546005555545e+00 4.300613216196823570e+36 1.204832430128242090e+35 6.379719293568525463e+05 4.815556964277039515e+05
-1.488277115679011331e+00 4.300923773475682908e+36 1.204907774625016830e+35 6.379719329229835421e+05 4.815556990756621235e+05
-1.488144786077100434e+00 4.301262209864055691e+36 1.204990073060772633e+35 6.379719368092010263e+05 4.815557019612941076e+05
-1.487999291208325303e+00 4.301634322010415769e+36 1.205080789917583686e+35 6.379719410820523044e+05 4.815557051340133185e+05
-1.487835020159764099e+00 4.302054461011466525e+36 1.205183497565075039e+35 6.379719459063169779e+05 4.815557087161733652e+05
-1.487643391574238194e+00 4.302544576109810939e+36 1.205303683893262591e+35 6.379719515340097714e+05 4.815557128949026810e+05
-1.487418045120648458e+00 4.303120940465897114e+36 1.205445547843293051e+35 6.379719581519194180e+05 4.815557178088973742e+05
-1.487124699940977735e+00 4.303871233587449918e+36 1.205631020259588074e+35 6.379719667667954927e+05 4.815557242056993418e+05
-1.486705610468561645e+00 4.304943169493267057e+36 1.205897604490731611e+35 6.379719790744943311e+05 4.815557333445316181e+05
-1.485997933328690124e+00 4.306753312493532406e+36 1.206352042319281329e+35 6.379719998573517660e+05 4.815557487764215912e+05
-1.484589655819945619e+00 4.310358573040819218e+36 1.207257704788520228e+35 6.379720412694558036e+05 4.815557795275694807e+05
-1.482379439336000360e+00 4.316084121189072642e+36 1.208373181650829106e+35 6.379721075453510275e+05 4.815558287754128687e+05
-1.479178118119307328e+00 4.324374458477281178e+36 1.210053495939087883e+35 6.379722035406671930e+05 4.815559001069625956e+05
-1.474809215180357569e+00 4.335782887563669872e+36 1.211756004665729711e+35 6.379723363574794494e+05 4.815559988460025634e+05
-1.469697413876929204e+00 4.349122761101305906e+36 1.213441773974737470e+35 6.379724924341604346e+05 4.815561148940428393e+05
-1.464083231123368023e+00 4.363680875606194069e+36 1.215112771228551055e+35 6.379726638498629909e+05 4.815562423471407965e+05
-1.457771494859116501e+00 4.379901564350307435e+36 1.216868784618577216e+35 6.379728565637009451e+05 4.815563856360901846e+05
-1.450473726095879101e+00 4.398609910661555422e+36 1.220979548246482406e+35 6.379730814683868084e+05 4.815565529121842119e+05
-1.441798358524465584e+00 4.421231543194414632e+36 1.224629237066760899e+35 6.379733508951606927e+05 4.815567533535078983e+05
-1.431184891796874581e+00 4.449083697518004583e+36 1.231754316220930812e+35 6.379736829569835681e+05 4.815570004524245160e+05
-1.417784698964169365e+00 4.485652824448371742e+36 1.258567231168369241e+35 6.379741090220201295e+05 4.815573176686253282e+05
-1.400230001207091846e+00 4.536397924823837425e+36 1.293075628992329162e+35 6.379746831510441843e+05 4.815577455082631204e+05
-1.376135462853198987e+00 4.608066372338118341e+36 1.326595608977867045e+35 6.379755089414181421e+05 4.815583617754200241e+05
-1.340865789063172997e+00 4.720664104627444932e+36 1.410977996571285716e+35 6.379767620434801793e+05 4.815592979268248891e+05
-1.283788869839554536e+00 4.922891453109957403e+36 1.593329688356247613e+35 6.379790517530352809e+05 4.815610141669507138e+05
-1.172051637226104503e+00 5.395625500130337440e+36 1.736665995072882550e+35 6.379911580436270451e+05 4.815702351379836327e+05
-1.011576497643545736e+00 6.328380437028864131e+36 2.202383564768890920e+35 6.379993669508650200e+05 4.815764217089266167e+05
-9.035754040323809022e-01 7.280299837240332616e+36 2.702423606222380964e+35 6.380072888730484992e+05 4.815824282465115539e+05
-8.224270988557691453e-01 8.268925968624782812e+36 3.259335073232040315e+35 6.380152508744858205e+05 4.815884863003793871e+05
-7.709026721513509983e-01 9.087691999704408007e+36 4.040447518979437734e+35 6.380214204792473465e+05 4.815931893135962309e+05
-7.321588944178074598e-01 9.859556211654993052e+36 4.916021500569400597e+35 6.380268837789326208e+05 4.815973592151749181e+05
-7.008808227419649484e-01 1.062672814271384231e+37 5.936506927803426282e+35 6.380320119662405923e+05 4.816012772557855351e+05
-6.747467965979012661e-01 1.140183816776685865e+37 7.193271867285089532e+35 6.380369464127804385e+05 4.816050503233999480e+05
-6.523942084131704178e-01 1.220787127357402804e+37 8.917119818003978311e+35 6.380418510010889731e+05 4.816088033538522432e+05
-6.330697350094851572e-01 1.306313800458050137e+37 1.135633375499509699e+36 6.380467528834985569e+05 4.816125566346364212e+05
-6.162310744221031200e-01 1.397951160680321147e+37 1.445704440173737269e+36 6.380517514502856648e+05 4.816163861597536597e+05
-6.015253079622198129e-01 1.497409407614700116e+37 1.777681529715882450e+36 6.380569117312676972e+05 4.816203416485838825e+05
-5.886124989647214534e-01 1.638611079555427313e+37 3.652679477003113399e+36 6.380622219627926825e+05 4.816244138027101872e+05
-5.788518114186445018e-01 1.770496124398618741e+37 5.016006915256456654e+36 6.380668767651580274e+05 4.816279845598986722e+05
-5.720462305143882986e-01 1.886049222767676171e+37 6.552194211754608160e+36 6.380705441439801361e+05 4.816307985408600653e+05
-5.667477837505430216e-01 1.973745366982840024e+37 7.260995206054740935e+36 6.380736364622453693e+05 4.816331716265054420e+05
-5.624975163082126528e-01 2.064559205588107890e+37 8.071545280154972884e+36 6.380763029090787750e+05 4.816352181414257502e+05
-5.588780013567884453e-01 2.149800198264684361e+37 8.941098814798420751e+36 6.380787179175140336e+05 4.816370718600247637e+05
-5.555878536524687661e-01 2.254643136420292617e+37 1.025380168353673940e+37 6.380810393981754314e+05 4.816388539378013811e+05
-5.523506339195591863e-01 2.408526006568042766e+37 1.335903459363867811e+37 6.380834877279371722e+05 4.816407335798612330e+05
-5.487378559519129340e-01 2.577102335277116443e+37 1.578538385414907306e+37 6.380864035606586840e+05 4.816429723283659550e+05
-5.444138015664066188e-01 2.714863187659593802e+37 1.543558877585025337e+37 6.380901341468712781e+05 4.816458368767125066e+05
-5.408056966007279698e-01 2.898798071307308271e+37 1.571291804647376912e+37 6.380934981746191625e+05 4.816484201897648163e+05
-5.374113193702214630e-01 3.113984987962711398e+37 1.618617037386365726e+37 6.380968586734266719e+05 4.816510009637247422e+05
-5.337588883176067611e-01 3.388299878912152153e+37 1.709463937824007147e+37 6.381006525798673974e+05 4.816539147307996755e+05
-5.284074010160111357e-01 3.818948513585629507e+37 1.852146793755322769e+37 6.381066515554796206e+05 4.816585223600192112e+05
-5.229043372000887757e-01 4.390454240042826100e+37 1.911742322216911923e+37 6.381134247739147395e+05 4.816637250909127179e+05
-5.177502024507703027e-01 5.112488705681494097e+37 2.042917629421134848e+37 6.381204499858766794e+05 4.816691218311748817e+05
-5.126757627040205989e-01 5.669998981372042116e+37 2.151108577433558035e+37 6.381279977914137999e+05 4.816749204032882699e+05
-5.074954364645236637e-01 6.223749713581879758e+37 2.126459476916264314e+37 6.381363666689300444e+05 4.816813501113325474e+05
-5.022736317951057572e-01 6.912697413159934975e+37 2.063000950985555888e+37 6.381455725860979874e+05 4.816884232604812714e+05
-4.977875928179855691e-01 7.528417991313604891e+37 2.086065917067387852e+37 6.381540653875677381e+05 4.816949487690793467e+05
-4.935224722157727228e-01 8.034320331187717088e+37 2.147058844947566612e+37 6.381627131316247396e+05 4.817015935637047514e+05
-4.890467872482986422e-01 8.467133958533521086e+37 2.081124567394355815e+37 6.381723732302061981e+05 4.817090164545701700e+05
-4.837039312678825809e-01 9.065862000435113912e+37 2.005397080005439791e+37 6.381847193634255091e+05 4.817185035836339812e+05
-4.785512384260073304e-01 9.724496970109463668e+37 1.932734243257729415e+37 6.381975443411050364e+05 4.817283589471089654e+05
-4.735920860712212743e-01 1.021265760463269737e+38 1.957122868822447813e+37 6.382106534927900648e+05 4.817384328956655809e+05
-4.687685426961252233e-01 1.077169055913912572e+38 1.927618831824343755e+37 6.382240968655726174e+05 4.817487638566689566e+05
-4.640936613941448741e-01 1.133001083384683406e+38 1.909020820821727916e+37 6.382377641945973737e+05 4.817592670756865991e+05
-4.596715610878163716e-01 1.193607615027934136e+38 2.005237898011023794e+37 6.382512697987770662e+05 4.817696461458902340e+05
-4.554844865451741498e-01 1.237147648202992479e+38 1.925590355222172154e+37 6.382645004762014141e+05 4.817798140376802767e+05
-4.514392148375918623e-01 1.281740727832276043e+38 1.871784886860412371e+37 6.382776969387581339e+05 4.817899557142633712e+05
-4.474284243515285198e-01 1.328617658519891032e+38 1.800823190763233738e+37 6.382911477936984738e+05 4.818002929658535868e+05
-4.436387534169625724e-01 1.379699088938246146e+38 1.721186236123059988e+37 6.383042011682000011e+05 4.818103248125482351e+05
-4.402722324557544198e-01 1.414026953820387799e+38 1.645872886453671284e+37 6.667164422859780025e+05 4.734737721786314505e+05
-4.370811790086008841e-01 1.449902827346418131e+38 1.557083316730004818e+37 6.667276651129089296e+05 4.734818760513198213e+05
-4.340521615358738927e-01 1.480211176676990766e+38 1.518708656345949284e+37 6.667386346724514151e+05 4.734897972698573139e+05
-4.312160881363524823e-01 1.508352699661707347e+38 1.472038935059664450e+37 6.667491316332771676e+05 4.734973773592819925e+05
-4.284207614909973927e-01 1.535681717637055384e+38 1.427185270923011336e+37 6.667596619150043698e+05 4.735049816231629229e+05
-4.257270699799846625e-01 1.561493550948927209e+38 1.378084540583792231e+37 6.667699768679685658e+05 4.735124304723832756e+05
-4.230867843925807392e-01 1.586238238067302426e+38 1.326107150621805390e+37 6.667802191921676276e+05 4.735198269407484331e+05
-4.205171938119747210e-01 1.609788678448353525e+38 1.268450536398202700e+37 6.667903022529752925e+05 4.735271084491640213e+05
-4.179286008456983836e-01 1.632513039447613955e+38 1.215040192222163310e+37 6.668005697216686094e+05 4.735345231737850700e+05
-4.152981961378827691e-01 1.654553464285486044e+38 1.160258878648947021e+37 6.668110984837909928e+05 4.735421266357704299e+05
-4.126784934487659484e-01 1.675453724687657456e+38 1.097910212614265240e+37 6.668216739763952792e+05 4.735497638746460434e+05
-4.099805472651496530e-01 1.696550332728395222e+38 1.033941024716705910e+37 6.668326429063286632e+05 4.735576852730462560e+05
-4.071965205257583875e-01 1.717154073008280204e+38 9.705624025631381396e+36 6.668440333250070689e+05 4.735659110847356496e+05
-4.042880464239715366e-01 1.737590960350149154e+38 9.072435799066785888e+36 6.668559950777044287e+05 4.735745495269259554e+05
-4.014460796533967368e-01 1.756497800272992609e+38 8.474795784643923135e+36 6.668677359399131965e+05 4.735830284735452733e+05
-3.985348652477114229e-01 1.775090968740716817e+38 7.906397131989520507e+36 6.668798068757436704e+05 4.735917458159105736e+05
-3.955528523729299195e-01 1.793301727876162676e+38 7.405028155654501157e+36 6.668922112008973490e+05 4.736007039503580891e+05
-3.925891938979475526e-01 1.810091236505117793e+38 7.002221649204561178e+36 6.669045735176854068e+05 4.736096317724088440e+05
-3.896270319601171650e-01 1.825773550630993964e+38 6.715343727544151613e+36 6.669169591407835251e+05 4.736185764492781018e+05
-3.866320731649466325e-01 1.841054244943182737e+38 6.511254716391140235e+36 6.669295155146443285e+05 4.736276444639430265e+05
-3.835644600767409429e-01 1.856551301572334393e+38 6.351580481757373636e+36 6.669424082265755860e+05 4.736369554022239754e+05
-3.804197076278796885e-01 1.871300712486839776e+38 6.298545032737695695e+36 6.669556593482095050e+05 4.736465252070191782e+05
-3.772349000719259493e-01 1.885652693386801872e+38 6.328533856782112508e+36 6.669691173853967339e+05 4.736562444719275809e+05
-3.739378478912840365e-01 1.900765963119429888e+38 6.393046064445299810e+36 6.669830908775362186e+05 4.736663360233676503e+05
-3.705378713857498951e-01 1.915731023829496624e+38 6.469883528330226126e+36 6.669975355047533521e+05 4.736767678537348984e+05
-3.670822705917089479e-01 1.930890647623059146e+38 6.611046048590435465e+36 6.670122551743116928e+05 4.736873983504339121e+05
-3.635720739912358113e-01 1.946680009176299554e+38 6.746488621692752946e+36 6.670272498890566640e+05 4.736982275164893945e+05
-3.600090580948744901e-01 1.962073869000932864e+38 6.871524088075944813e+36 6.670425083165845135e+05 4.737092471623835736e+05
-3.564511270124057774e-01 1.977734417426870489e+38 7.016118864921792226e+36 6.670577835465018870e+05 4.737202789689124911e+05
-3.529354299917031312e-01 1.993478764564341314e+38 7.162815803975657528e+36 6.670729095182825113e+05 4.737312030023302650e+05
-3.493207882729620906e-01 2.009955866191800662e+38 7.263044030088101686e+36 6.670884952513569733e+05 4.737424590982276713e+05
-3.458017949888017029e-01 2.026621871011385548e+38 7.369954809314840020e+36 6.671036929373362800e+05 4.737534349608697812e+05
-3.421873994248016970e-01 2.044113781636274477e+38 7.517492789410672162e+36 6.671193256998586003e+05 4.737647250544749550e+05
-3.385717243527324172e-01 2.062275782131161528e+38 7.622710018116086644e+36 6.671349800590077648e+05 4.737760307588934666e+05
-3.347171655750571517e-01 2.081722485292846379e+38 7.763805019007750299e+36 6.671516766433271114e+05 4.737880891790993628e+05
-3.309505434372113086e-01 2.101443413729982132e+38 7.958237836036825873e+36 6.671679881166158011e+05 4.737998694795620395e+05
-3.272641721614490962e-01 2.121816482061155514e+38 8.131830613607679086e+36 6.671839304849426262e+05 4.738113832182913320e+05
-3.236283990299853031e-01 2.141906914223788211e+38 8.486211414481757532e+36 6.671996251149856253e+05 4.738227180493533961e+05
-3.200104525094502605e-01 2.161974634129208102e+38 8.863589315625208179e+36 6.672151977427771781e+05 4.738339647835995420e+05
-3.163747246144339442e-01 2.182207610956848441e+38 9.046657998249841164e+36 6.672308166836452438e+05 4.738452449625332374e+05
-3.126730728690745309e-01 2.203443628231149240e+38 9.463136421459839861e+36 6.672466536398165626e+05 4.738566826155205490e+05
-3.088506908607087098e-01 2.239511192595391528e+38 1.730939107112767596e+37 6.672630581901721889e+05 4.738685301041316707e+05
-3.048792839508678298e-01 2.256224929269592574e+38 1.488474227218881368e+37 6.672800080818468705e+05 4.738807714663920342e+05
-3.006928967024578014e-01 2.278826309058999965e+38 1.509611524813158746e+37 6.672977542419084348e+05 4.738935879368085298e+05
-2.962349096269463189e-01 2.302214639179262949e+38 1.536433566471764673e+37 6.673165060331020504e+05 4.739071307254515123e+05
-2.912924824613583041e-01 2.327280709258516867e+38 1.549862279065651619e+37 6.673371043961091200e+05 4.739220071873436100e+05
-2.859085762720496859e-01 2.353377978876611304e+38 1.542081753610492659e+37 6.673593059540034737e+05 4.739380415821470087e+05
-2.802321922627015738e-01 2.379876484106700755e+38 1.511185950414807301e+37 6.673824319573973771e+05 4.739547437196063111e+05
-2.741783627006952884e-01 2.409228587862368703e+38 1.455004693227181177e+37 6.674068110982988728e+05 4.739723509890454006e+05
-2.678825345356017351e-01 2.435829974084930243e+38 1.388709337802494647e+37 6.674318305928397458e+05 4.739904208727600053e+05
-2.614036404138460057e-01 2.464773711641504978e+38 1.295757045299269975e+37 6.674572539771853480e+05 4.740087825809111237e+05
-2.545362141936493572e-01 2.490562209194086031e+38 1.200955775375137254e+37 6.674838234387313714e+05 4.740279722130480804e+05
-2.476520125765091507e-01 2.516605584393800477e+38 1.111459341100169404e+37 6.675100646509600338e+05 4.740469249886848847e+05
-2.405165599193423986e-01 2.542986823748972670e+38 1.027968009855244139e+37 6.675368283153208904e+05 4.740662553560601082e+05
-2.331768474741693353e-01 2.568937005863081980e+38 9.662863697280428792e+36 6.675638962423386984e+05 4.740858057733061141e+05
-2.259676304111053469e-01 2.593380717917395490e+38 9.269257911992233957e+36 6.675900356852265541e+05 4.741046858622531290e+05
-2.186766473478201078e-01 2.617341277121019976e+38 9.145493437201704172e+36 6.676160304199045058e+05 4.741234617386243190e+05
-2.114778167942859000e-01 2.639306603975918207e+38 9.133330946766908753e+36 6.676412649635751732e+05 4.741416888381738099e+05
-2.041718961972947000e-01 2.660142961637844228e+38 9.280263597246113758e+36 6.676664331473396160e+05 4.741598683281030389e+05
-1.969137978303479031e-01 2.679646936047038552e+38 9.360439719796175774e+36 6.676909940748722292e+05 4.741776095077720820e+05
-1.895090598554816097e-01 2.698461702247208330e+38 9.485432804485439008e+36 6.677155790471755899e+05 4.741953684000822250e+05
-1.820974696365738055e-01 2.715832192128954994e+38 9.641388648287570799e+36 6.677397007555277087e+05 4.742127930185809964e+05
-1.744884838863072218e-01 2.732288850983420671e+38 9.795665899576980493e+36 6.677639585649479413e+05 4.742303163478110800e+05
-1.667922821361571550e-01 2.747632477290154015e+38 9.956462568710325731e+36 6.677879647827259032e+05 4.742476583661649493e+05
-1.588248360803845571e-01 2.762169901608412474e+38 1.012052128560858921e+37 6.678122670216314727e+05 4.742652147046782193e+05
-1.506354510547680547e-01 2.776015552120729755e+38 1.033705067519313804e+37 6.678366607259825105e+05 4.742828376616901951e+05
-1.420610056320583681e-01 2.789612605546657689e+38 1.072866358502498630e+37 6.678615855227919528e+05 4.743008449128624052e+05
-1.330459885139134713e-01 2.802578651086631815e+38 1.105231783892500917e+37 6.678871355143017136e+05 4.743193045499230502e+05
-1.236836005318764364e-01 2.814290633546636360e+38 1.127030170763345815e+37 6.679129909108746797e+05 4.743379856361792772e+05
-1.138781195932097035e-01 2.825070685846649371e+38 1.139870576529453140e+37 6.679393603540582117e+05 4.743570390401885379e+05
-1.038654641615721630e-01 2.835101543489455690e+38 1.155617924565210059e+37 6.679655804750013631e+05 4.743759855431825854e+05
-9.361537183576729149e-02 2.844268141449529574e+38 1.172498327143187357e+37 6.679917200910458341e+05 4.743948749509724439e+05
-8.310382358467904851e-02 2.852561586769283841e+38 1.188537740294508815e+37 6.680178260334923398e+05 4.744137411932348623e+05
-7.230460056234733202e-02 2.859774311684507950e+38 1.203199865267359979e+37 6.680439340514768846e+05 4.744326102275408339e+05
-6.118729319859994575e-02 2.865938656203932653e+38 1.216126832710650551e+37 6.680701008704408305e+05 4.744515231599160470e+05
-4.973639340460067615e-02 2.871098550940326463e+38 1.227727849114353744e+37 6.680963374899774790e+05 4.744704880681358627e+05
-3.792632404838514049e-02 2.875267585735261273e+38 1.238222537390871986e+37 6.681226634237670805e+05 4.744895192166937632e+05
-2.572283995868929196e-02 2.878422025060265221e+38 1.248576442568969383e+37 6.681491212089757901e+05 4.745086475220377906e+05
-1.308784797402040567e-02 2.880375924372988417e+38 1.257874935960630794e+37 6.681757444597727153e+05 4.745278974908472737e+05
0.000000000000000000e+00 2.889505183536855754e+38 1.702476165837262684e+37 6.682380235037803650e+05 4.745728839008907089e+05
1.357394186015881132e-02 2.876176293615970186e+38 1.069927193095868740e+37 6.682769155837458093e+05 4.746010101473178365e+05
2.768480828308383934e-02 2.873871346674720295e+38 1.067263845162878466e+37 6.683096994297412457e+05 4.746247228400402237e+05
4.234983841342909727e-02 2.869922496088269275e+38 1.062005360844290720e+37 6.683430234095576452e+05 4.746488308827690198e+05
5.762523736484581605e-02 2.864087681842070981e+38 1.055434006474512230e+37 6.683768998594498262e+05 4.746733438891809783e+05
7.218920024206454400e-02 2.857095652893668051e+38 1.048132764169534107e+37 6.684084159312447300e+05 4.746961541262446553e+05
8.875421389166149311e-02 2.847487465266952942e+38 1.039416448959833371e+37 6.684432770848422078e+05 4.747213919210748281e+05
1.060153097496367991e-01 2.835728027371107916e+38 1.030506816653944238e+37 6.684785283329822123e+05 4.747469197081516613e+05
1.240762685592926573e-01 2.821664164576853096e+38 1.021229384446156522e+37 6.685142339693141403e+05 4.747727851885472191e+05
1.429790281672467245e-01 2.805202529237902768e+38 1.010090035443883461e+37 6.685503441869007656e+05 4.747989535357601126e+05
1.627831246059940895e-01 2.786120304458602768e+38 9.989340694061521877e+36 6.685867545116062975e+05 4.748253506597675150e+05
1.835581956238456769e-01 2.764251550463417964e+38 9.874361353777741021e+36 6.686233699301033048e+05 4.748519095145530882e+05
2.053761121151183033e-01 2.739541993678875235e+38 9.741579182387691834e+36 6.686600850489161676e+05 4.748785557030529017e+05
2.283130831874586875e-01 2.712100831689197562e+38 9.585756877456981347e+36 6.686967331898045959e+05 4.749051707446305081e+05
2.524518937061657198e-01 2.682056117344486979e+38 9.426936322868741842e+36 6.687332487511234358e+05 4.749317093314519734e+05
2.738183527053479338e-01 2.654517032593257720e+38 9.258303298700184247e+36 6.687638032486252487e+05 4.749539334435900091e+05
2.933566401879943442e-01 2.628433892494545681e+38 9.099519346839542883e+36 6.687901635092124343e+05 4.749731228791986359e+05
3.131903769281052519e-01 2.601401514531359348e+38 8.940064317111207497e+36 6.688154206219579792e+05 4.749915252983744140e+05
3.419555947693879716e-01 2.562102206309497782e+38 8.696872729848579687e+36 6.688495005481593544e+05 4.750163854172438732e+05
3.552067249675019411e-01 2.543634942035469480e+38 8.595177119231523286e+36 6.688641145208239323e+05 4.750270587114420487e+05
3.705346476344857365e-01 2.521845161651683993e+38 8.489403947409176396e+36 6.688801029603412608e+05 4.750387470664899447e+05
3.889139441998850089e-01 2.495655759545289440e+38 8.368600296793001969e+36 6.688979781350500416e+05 4.750518313621164416e+05
4.109835373419628013e-01 2.464136672570604327e+38 8.214985052993390251e+36 6.689175891043810407e+05 4.750662114297437365e+05
4.375112683210318210e-01 2.426462892141247374e+38 8.022090294372131097e+36 6.689385193853237433e+05 4.750815977239144268e+05
4.693989678507932695e-01 2.382040354389806859e+38 7.779083072807734050e+36 6.689600074667797890e+05 4.750974540301689412e+05
4.973173389353178209e-01 2.343973087819543304e+38 7.525939664823649406e+36 6.689754496427874546e+05 4.751089112566472031e+05
5.213782978116796585e-01 2.311895389849556889e+38 7.351875223117726775e+36 6.689863736094206106e+05 4.751170706461830414e+05
5.424893963827344123e-01 2.284190429201796231e+38 7.182640181582096318e+36 6.689940273475184804e+05 4.751228396370876580e+05
5.617644478497823002e-01 2.259068084198772094e+38 7.032670059061456578e+36 6.689993892993316986e+05 4.751269349348891410e+05
5.813183163336361758e-01 2.233877199053746785e+38 6.896091332425244653e+36 6.690030499910472427e+05 4.751298062918655924e+05
6.117032833735720487e-01 2.196054262981245872e+38 6.691811135078107132e+36 6.690060727190640755e+05 4.751323467296168092e+05
6.256078098085708916e-01 2.179192981351969732e+38 6.598184828041701146e+36 6.690062130144010298e+05 4.751326132143411669e+05
6.410210826797992922e-01 2.160332688211492421e+38 6.511049675544307794e+36 6.690054423193968832e+05 4.751322402542949421e+05
6.592611897103779484e-01 2.138109171746921661e+38 6.410000594603712240e+36 6.690032790123346495e+05 4.751308944636446540e+05
6.809013903475715779e-01 2.112560027167717608e+38 6.275806917884992463e+36 6.689988513669059612e+05 4.751279521334262099e+05
7.066149374586530030e-01 2.082825863252927984e+38 6.102870121822126783e+36 6.689912304884595796e+05 4.751227476174079929e+05
7.372339236007974250e-01 2.049099568138281834e+38 5.975001202182213543e+36 6.689791096816475037e+05 4.751143473799213534e+05
7.736764710589341121e-01 2.010814515511658352e+38 5.743564083881919774e+36 6.689605641528856941e+05 4.751013643618291244e+05
8.170191171975602629e-01 1.967670163789852970e+38 5.517282857031307542e+36 6.689330855156129692e+05 4.750819902382444125e+05
8.685547972254425986e-01 1.918889875284036117e+38 5.297739120964188003e+36 6.688932199296485633e+05 4.750537218011445948e+05
9.297312713988503674e-01 1.864969922678111358e+38 5.057097926199791946e+36 6.688377336512976326e+05 4.750142069452466094e+05
9.987984661966038402e-01 1.808008745263077521e+38 4.810650350592502968e+36 6.687666763750979444e+05 4.749634101643449976e+05
1.073688162739927066e+00 1.752509101747216382e+38 4.588553387726001664e+36 6.686831795214597369e+05 4.749035265900459490e+05
1.149506884132279083e+00 1.704203495601894307e+38 4.549579911138822308e+36 6.686235473457233747e+05 4.748605994838926708e+05
1.213929180272316444e+00 1.663185022289139510e+38 4.161037174197423912e+36 6.685593387307409430e+05 4.748142893695259118e+05
1.268766969806165434e+00 1.631755733753661560e+38 4.033245691196702356e+36 6.685043402254068060e+05 4.747745335414394503e+05
1.315516444557943032e+00 1.606843447097369692e+38 3.959816171629379849e+36 6.684576177787625929e+05 4.747407085905763088e+05
1.355451756184265832e+00 1.586701892792884018e+38 3.902406761378407914e+36 6.684176506581323920e+05 4.747117371177297900e+05
1.389661403221907676e+00 1.570227032958158985e+38 3.839191622984750637e+36 6.683842034514758270e+05 4.746874686464054394e+05
1.419104319325924735e+00 1.556438946836719078e+38 3.768780302259080710e+36 6.683549851224211743e+05 4.746662462707343511e+05
1.444617224808098399e+00 1.544873218268258716e+38 3.695588169929070274e+36 6.683301325405564858e+05 4.746481825184837799e+05
1.466988824198779184e+00 1.534921269265897258e+38 3.625320733817361426e+36 6.683084595889573684e+05 4.746324209605865180e+05
1.487018128726049326e+00 1.526224083942592493e+38 3.570296839928230446e+36 6.682891416459310567e+05 4.746183641265571932e+05
1.505749183765146881e+00 1.518226173326089155e+38 3.521532338816911607e+36 6.682709788702522637e+05 4.746051404628282180e+05
1.525514569615552318e+00 1.509986680162152365e+38 3.466353165479543873e+36 6.682519460849817842e+05 4.745912787363941898e+05
1.564847687459405279e+00 1.494010494856081088e+38 3.378075829071191573e+36 6.682146347258447204e+05 4.745640895524081425e+05
1.595446047431323677e+00 1.482088599882207754e+38 3.327493335904285452e+36 6.681856659098585369e+05 4.745429659999544965e+05
1.629898075156233972e+00 1.469103067431349718e+38 3.258423455596760642e+36 6.681532907943697646e+05 4.745193449567978969e+05
1.670132222507163533e+00 1.454330153175598527e+38 3.133121473774615342e+36 6.681157774095516652e+05 4.744919598541002488e+05
1.717758432718255790e+00 1.437637119481547526e+38 2.976476841572314813e+36 6.680712899577817880e+05 4.744594630404785275e+05
1.768921288432466099e+00 1.420474766233904412e+38 2.843216220309175472e+36 6.680240359631755855e+05 4.744249286020113504e+05
1.815374105213777511e+00 1.405629292866284875e+38 2.757653473260459592e+36 6.679813465002222219e+05 4.743937169720862294e+05
1.858198281055592815e+00 1.392348308870430459e+38 2.688164917885662540e+36 6.679422954450903926e+05 4.743651593474767287e+05
1.898195109646621859e+00 1.380109734404983171e+38 2.630662031945165001e+36 6.679060329438035842e+05 4.743386370040842448e+05
1.936031292058032705e+00 1.368472884673638653e+38 2.551381567693669125e+36 6.678718137576337904e+05 4.743136059320665081e+05
1.972299433427906479e+00 1.357103725786129335e+38 2.444003562114394135e+36 6.678391394070776878e+05 4.742897016365987365e+05
2.007561751657704008e+00 1.345619917436216278e+38 2.375263487585352084e+36 6.678075549603804247e+05 4.742665935533752781e+05
2.042389417239974136e+00 1.333812422618350510e+38 2.315443738892442247e+36 6.677766035153551493e+05 4.742439488390690531e+05
2.075983911614457611e+00 1.322947531456038432e+38 2.272885311763314438e+36 6.677470379388642032e+05 4.742223185668741935e+05
2.105064803352433955e+00 1.314151650087334123e+38 2.244636405415322588e+36 6.677217117495719576e+05 4.742037899650976760e+05
2.130461067730720970e+00 1.306773952611777663e+38 2.229864700224955241e+36 6.676998000550890574e+05 4.741877595635031466e+05
2.152928672761845519e+00 1.300452265488959768e+38 2.216675891815053646e+36 6.676806667714568321e+05 4.741737612435242045e+05
2.173223282805338386e+00 1.294780654739048351e+38 2.204406369328105620e+36 6.676635429626782425e+05 4.741612329990915605e+05
2.192272980952111538e+00 1.291048546052653696e+38 1.994493903624883760e+36 6.676704583423070144e+05 4.741660333410741296e+05
2.211783520069730002e+00 1.284651988190253105e+38 2.000800344740641823e+36 6.676556691237377236e+05 4.741551992413845146e+05
2.239701538706867723e+00 1.275330779587617139e+38 2.094054400303068442e+36 6.676352974734164309e+05 4.741402671511146473e+05
2.264468692741502309e+00 1.267190243259207875e+38 2.191389046801267486e+36 6.676174273808725411e+05 4.741271703419254045e+05
2.286546708875903278e+00 1.259972707296376977e+38 2.256419837745060193e+36 6.676016415490355575e+05 4.741156021445385995e+05
2.306722725203144364e+00 1.253536677924446967e+38 2.287103804657598788e+36 6.675872602637893287e+05 4.741050647921757773e+05
2.326063867531047435e+00 1.247496247942301400e+38 2.289490763354071719e+36 6.675734620829845080e+05 4.740949572537880740e+05
2.346926955535309389e+00 1.241083868305312888e+38 2.295192377739458286e+36 6.675586153389191022e+05 4.740840828244552249e+05
2.370441431026847567e+00 1.233885469337735722e+38 2.289720633589702050e+36 6.675419365898751421e+05 4.740718689062027843e+05
2.391651556637953036e+00 1.227508476430082876e+38 2.288711207798167813e+36 6.675270017901993124e+05 4.740609334045277792e+05
2.411582671531505184e+00 1.221534564753176887e+38 2.285556859934644745e+36 6.675130270905551733e+05 4.740507023741019075e+05
2.431858729247323936e+00 1.215381843473680115e+38 2.276583180625944855e+36 6.674989159629230853e+05 4.740403724296819419e+05
2.455847932822507573e+00 1.207863007782841330e+38 2.263564217905061138e+36 6.674823402258921415e+05 4.740282396616669139e+05
2.477510710879869293e+00 1.200699609064606837e+38 2.255952353406362895e+36 6.674675042559267022e+05 4.740173809899341431e+05
2.497924879056881764e+00 1.193755386263222180e+38 2.245884148623069026e+36 6.674535573061803589e+05 4.740071746033316595e+05
2.518722143166087335e+00 1.186558833729477498e+38 2.244549150011122460e+36 6.674394573934216751e+05 4.739968564356933348e+05
2.541414935350985616e+00 1.178410528331371416e+38 2.237939077681846753e+36 6.674241912030640524e+05 4.739856866862917668e+05
2.562516810759916552e+00 1.170681780426101544e+38 2.248290105227897722e+36 6.674101004189891974e+05 4.739753779865553952e+05
2.583532990851381328e+00 1.162701640045708705e+38 2.255127419713953090e+36 6.673961888736021938e+05 4.739652015629603993e+05
2.608721848739151028e+00 1.152740238865371274e+38 2.277895991436481900e+36 6.673796766079261433e+05 4.739531241393283126e+05
2.632329065667363466e+00 1.143029258217260907e+38 2.310352364937478471e+36 6.673643498673877912e+05 4.739419152629281161e+05
2.654226293976535089e+00 1.133727995423491297e+38 2.336471722294079133e+36 6.673502585715998430e+05 4.739316111676336732e+05
2.675688460953097092e+00 1.124419307837126044e+38 2.357695007148992411e+36 6.673365287709920667e+05 4.739215728424474946e+05
2.699813046972849406e+00 1.113549220503218862e+38 2.383308771618476101e+36 6.673211934782352764e+05 4.739103623049923917e+05
2.726693662620164105e+00 1.101000748683053738e+38 2.411456219873141919e+36 6.673041984035354108e+05 4.738979405883556465e+05
2.750936439084398444e+00 1.089495905691880982e+38 2.438952258967733652e+36 6.672889040612210520e+05 4.738867643356244662e+05
2.773524455646111164e+00 1.078554790521196138e+38 2.453962379335043487e+36 6.672746804895987734e+05 4.738763727950518369e+05
2.795676493351493264e+00 1.067499221284760941e+38 2.474021250792974830e+36 6.672607360404853243e+05 4.738661875450609368e+05
2.820408124149253126e+00 1.054903305893183364e+38 2.497659183575914282e+36 6.672451623378627701e+05 4.738548151485294220e+05
2.845137964279274456e+00 1.042131767909196026e+38 2.521111446079359832e+36 6.672295721036419272e+05 4.738434338711063610e+05
2.868300353313316009e+00 1.029960869851563828e+38 2.529155268167375617e+36 6.672149362095526885e+05 4.738327523037318024e+05
2.891329517604390276e+00 1.017604417320090634e+38 2.537329775339997699e+36 6.672003511592500145e+05 4.738221108108543558e+05
2.917892235944236745e+00 1.003236760749503445e+38 2.540483348083542697e+36 6.671834869737596018e+05 4.738098101689202012e+05
2.943408430712224799e+00 9.893698692968957520e+37 2.536916967907845331e+36 6.671672478131110547e+05 4.737979692357021268e+05
2.967431470897281542e+00 9.762068954685640292e+37 2.519239301241482690e+36 6.671519351746819448e+05 4.737868073121773195e+05
2.991397638261332759e+00 9.629248395972878335e+37 2.503024397114307346e+36 6.671366308875766117e+05 4.737756548332531238e+05
3.019118146185064688e+00 9.476279487020505370e+37 2.486500310490349649e+36 6.671189121480175527e+05 4.737627471385325771e+05
3.046798665900496417e+00 9.324438007960664903e+37 2.457545046691787907e+36 6.671012363022096688e+05 4.737498751383494819e+05
3.072492387002057512e+00 9.183700520890646587e+37 2.412906370098646637e+36 6.670848546943905530e+05 4.737379496572408243e+05
3.097372683452704223e+00 9.047648110839594080e+37 2.381803693213830811e+36 6.670690281587595819e+05 4.737264320079565514e+05
3.123567759083016426e+00 8.905820205918187622e+37 2.355755119877884070e+36 6.670524296819110168e+05 4.737143565497742384e+05
3.155192526101018302e+00 8.735927178161671622e+37 2.309709772069430225e+36 6.670325285167745315e+05 4.736998837298894650e+05
3.183943488285876811e+00 8.583458186326024545e+37 2.252070805813326445e+36 6.670146065704193898e+05 4.736868553633241099e+05
3.210899563619022956e+00 8.441804955589103121e+37 2.194714922955755464e+36 6.669979873136128299e+05 4.736747784086938482e+05
3.237211419716913952e+00 8.305288875911220278e+37 2.169173283501217218e+36 6.669819670490270946e+05 4.736631408333855215e+05
3.265222144584186026e+00 8.162057936057737196e+37 2.152982437964790390e+36 6.669651835197317414e+05 4.736509531614477746e+05
3.299715268216459663e+00 7.987456014526070173e+37 2.101690352349031390e+36 6.669450411795550026e+05 4.736363323137378320e+05
3.331025580009736586e+00 7.830791077929111031e+37 2.034876573106798167e+36 6.669273137465530308e+05 4.736234695759178721e+05
3.360259701881659566e+00 7.687736093289355018e+37 1.992696029266898427e+36 6.669113517841243884e+05 4.736118918556878343e+05
3.388416334131761687e+00 7.553121615517972304e+37 1.986097254276535591e+36 6.668966961151708383e+05 4.736012647810475319e+05
3.417219769355142489e+00 7.417071509789933354e+37 1.982584689890017692e+36 6.668824303098480450e+05 4.735909229527849238e+05
3.451673933621350443e+00 7.254651119592381759e+37 1.969448144116991082e+36 6.668666061285864562e+05 4.735794537010680651e+05
3.487086575658395304e+00 7.090053271001795222e+37 1.937033026792179602e+36 6.668518220336365048e+05 4.735687394932677853e+05
3.519756728561333148e+00 6.942323026598463708e+37 1.907508045727280378e+36 6.668395397871341556e+05 4.735598382933463436e+05
3.550684641848420142e+00 6.806561176889853831e+37 1.905863015872041266e+36 6.668289675535353599e+05 4.735521756450020475e+05
3.581020925223128870e+00 6.676075794036900978e+37 1.922709140912199857e+36 6.668194343947456218e+05 4.735452651325530605e+05
3.612955929316740367e+00 6.540768895114871432e+37 1.929959107564562060e+36 6.668101297103806864e+05 4.735385190985400113e+05
3.653427916991859092e+00 6.368508932567917714e+37 1.912497139718706336e+36 6.667991036436808063e+05 4.735305236072571715e+05
3.690276960054688971e+00 6.212140955384115948e+37 1.859019665682838449e+36 6.667896095018889755e+05 4.735236378057114198e+05
3.724801957134332042e+00 6.069784357125324170e+37 1.813765097703470643e+36 6.667810814770081779e+05 4.735174518073673244e+05
3.757929890176455956e+00 5.939444094718170334e+37 1.810539280545457929e+36 6.667731991008231416e+05 4.735117333629054483e+05
3.791012932260855450e+00 5.812814406589466614e+37 1.823685786816210570e+36 6.667655762543944875e+05 4.735062025150862755e+05
3.826843091203045333e+00 5.676805075249378398e+37 1.822236916415903931e+36 6.667575598273798823e+05 4.735003854107877123e+05
3.868466408719541505e+00 5.517486483241411525e+37 1.801249843204599755e+36 6.667484967521410435e+05 4.734938080661999411e+05
3.906811603519599885e+00 5.371482069443536638e+37 1.756651621043514907e+36 6.667403501394980121e+05 4.734878951998268603e+05
3.943193832401448162e+00 5.237175665707753458e+37 1.717938579055580570e+36 6.667327835023748921e+05 4.734824027591806953e+05
3.978732758787373314e+00 5.113494294800981652e+37 1.708887980837817643e+36 6.667255582786492305e+05 4.734771575914348359e+05
4.015213974484140635e+00 4.992125897003098147e+37 1.723248770327356290e+36 6.667183126197638921e+05 4.734718970111190574e+05
4.056826577827450819e+00 4.857030096949145946e+37 1.729479323721428774e+36 6.667102342712539248e+05 4.734660312252517324e+05
4.098577450864468119e+00 4.721451315825748782e+37 1.712113663490021144e+36 6.667022997186974389e+05 4.734602692492044880e+05
4.137768446018526447e+00 4.594156375520861618e+37 1.674129222842190542e+36 6.666949843529658392e+05 4.734549564380298834e+05
4.175814620506571373e+00 4.475650747556773488e+37 1.633836304449092609e+36 6.666880039579781005e+05 4.734498864482071949e+05
4.214383736896706978e+00 4.364037362284456001e+37 1.613869838217821535e+36 6.666810644324510358e+05 4.734448456227355055e+05
4.256845310479548061e+00 4.247798168828404127e+37 1.595736293334774756e+36 6.666735902456744807e+05 4.734394157821319532e+05
4.300872696463557077e+00 4.132234423093322467e+37 1.551305778978694986e+36 6.666660197457170580e+05 4.734339152613173937e+05
4.342114816568937385e+00 4.027052917822938330e+37 1.475024078895688312e+36 6.666590784104093909e+05 4.734288712612846866e+05
4.382166874705944792e+00 3.929490238918921415e+37 1.375123117966617271e+36 6.666524692445142427e+05 4.734240680804039002e+05
4.423141289276827592e+00 3.840663471831803937e+37 1.271783505338767122e+36 6.666458455938040279e+05 4.734192537774265511e+05
4.469241274706291733e+00 3.754499695709200618e+37 1.180431152557938319e+36 6.666385632904655067e+05 4.734139599938372849e+05
4.515047725453769090e+00 3.678526141859406509e+37 1.104878787941021289e+36 6.666314921491231071e+05 4.734088189722674433e+05
4.558107261033001123e+00 3.613468287634754530e+37 1.050068401192206369e+36 6.666249755858678836e+05 4.734040805540595902e+05
4.600164307632439886e+00 3.553238323998555737e+37 1.006699361747360857e+36 6.666187226864966797e+05 4.733995333287995309e+05
4.644015722657059086e+00 3.491671811030176934e+37 9.499593284248253046e+35 6.666123313537915237e+05 4.733948848116215668e+05
4.693971472737757722e+00 3.422888136660679371e+37 8.894294352682783460e+35 6.666052163365477463e+05 4.733897091289702803e+05
4.742926269356757984e+00 3.360293209572566364e+37 8.503293991380258795e+35 6.665984095482291887e+05 4.733847568292194628e+05
4.788838240890981979e+00 3.304640681528496853e+37 8.283376270374212912e+35 6.665921573999486864e+05 4.733802073819322977e+05
4.833583464000184904e+00 3.258349872913690714e+37 7.584178105786690770e+35 6.666024684080207953e+05 4.733876261040934478e+05
4.878903330052708043e+00 3.197891674530660096e+37 8.357065491281359699e+35 6.665945570947338128e+05 4.733818773231641389e+05
4.927076880008826265e+00 3.140768008609283566e+37 8.915556207732386215e+35 6.665883006039378233e+05 4.733773231328168185e+05
4.982189960861433065e+00 3.080479896853275670e+37 8.972111401956207234e+35 6.665815102317748824e+05 4.733723783830906614e+05
5.039653966950936592e+00 3.019730019337475939e+37 8.666955811561474832e+35 6.665746140038548037e+05 4.733673554504735512e+05
5.092841288502313546e+00 2.964061297767703724e+37 8.272257649622468965e+35 6.665683690675710095e+05 4.733628060257068719e+05
5.143571949432953261e+00 2.912178762382554115e+37 7.941718397556123420e+35 6.665625463446648791e+05 4.733585633314946899e+05
5.194203193521389039e+00 2.861792742979350879e+37 7.718246578599707383e+35 6.665568851923334878e+05 4.733544373957643402e+05
5.249325182296161074e+00 2.808428562856022724e+37 7.430480175270492013e+35 6.665508948296776507e+05 4.733500703939045197e+05
5.312521520672817132e+00 2.748844269855962958e+37 7.086432077983376153e+35 6.665442800322875846e+05 4.733452464813999250e+05
5.384851380549662281e+00 2.682266989830088622e+37 6.675152346882218142e+35 6.665370187805594178e+05 4.733399489914767328e+05
5.460704758339488762e+00 2.613988143971952402e+37 6.311569834498572523e+35 6.665297863385304809e+05 4.733346697641651263e+05
5.521684932644348009e+00 2.560590859049653562e+37 6.098646690294097650e+35 6.665242332661077380e+05 4.733306143920095637e+05
5.585778660706637311e+00 2.506344213930085788e+37 5.866681664252641655e+35 6.665186364535113098e+05 4.733265251758350641e+05
5.656447960795048857e+00 2.448564729561416174e+37 5.676493940271714769e+35 6.665126975022766273e+05 4.733221840716881561e+05
5.735929627939185593e+00 2.386114038684104682e+37 5.528749821778681557e+35 6.665063075673009735e+05 4.733175108417274896e+05
5.812445938538076007e+00 2.329026174380735929e+37 5.435922533094201095e+35 6.665004169563018950e+05 4.733132004559796187e+05
5.884049434780536103e+00 2.279897186508711535e+37 5.260915643490711369e+35 6.665101012009455590e+05 4.733201476932110381e+05
5.952785366014722968e+00 2.227010018440020134e+37 6.140431812722991970e+35 6.665016295768164564e+05 4.733139763237960287e+05
6.021435347396618454e+00 2.181668868620146917e+37 6.105744831282788660e+35 6.664965874040578492e+05 4.733102844206555164e+05
6.094486337005946552e+00 2.135791459810240306e+37 5.812774330336300681e+35 6.664915923099491047e+05 4.733066234441134147e+05
6.181643948930286570e+00 2.082526234206946229e+37 5.431064619534419864e+35 6.664859257077890215e+05 4.733024672272606986e+05
6.315329893142916262e+00 2.001463199594253835e+37 6.107373691704704492e+35 6.664883185829678550e+05 4.733041000534901395e+05
6.417820163387659704e+00 1.945989369998927377e+37 5.675498565820254676e+35 6.664821396968135377e+05 4.732995626526343985e+05
6.493366461052573868e+00 1.906650718723114174e+37 5.353138077086555521e+35 6.664778484588746214e+05 4.732964083035652293e+05
6.581022817277698778e+00 1.862890125632040154e+37 5.013483841716174836e+35 6.664730214817671804e+05 4.732928582151536830e+05
6.682983239070381387e+00 1.813802930870698587e+37 4.671280434091644521e+35 6.664676062748798868e+05 4.732888728753962787e+05
6.801908254630689044e+00 1.759416045200474242e+37 4.344838487470762279e+35 6.664615344947847771e+05 4.732844009974381188e+05
6.941015510436045588e+00 1.699327039301577909e+37 4.027119847430152038e+35 6.664547179154413752e+05 4.732793765211002319e+05
7.104199423205500352e+00 1.633524471135282502e+37 3.743748443694304581e+35 6.664470758482709061e+05 4.732737383608137607e+05
7.296261247782240389e+00 1.562106732686389504e+37 3.503290865689600141e+35 6.664385870164610678e+05 4.732674676985358237e+05
7.523207451220514486e+00 1.484416567673771211e+37 3.337476824952001851e+35 6.664290922409477644e+05 4.732604452272009221e+05
7.792630815150914714e+00 1.400518389793058072e+37 3.209927420635233338e+35 6.664185895243799314e+05 4.732526640290201758e+05
8.114399080246585072e+00 1.310714093934490557e+37 3.086255332011752280e+35 6.664069471655553207e+05 4.732440218331997748e+05
8.466569679287204053e+00 1.223727799665310310e+37 2.983415397513388671e+35 6.663952322523141047e+05 4.732353053079713718e+05
8.797135463275481015e+00 1.148260055470830556e+37 3.310540110532652666e+35 6.663935111893272260e+05 4.732338245464269421e+05
9.110294986048756982e+00 1.086622032729476636e+37 2.868084140713126733e+35 6.663836971584541025e+05 4.732265090227219043e+05
9.409186736889751046e+00 1.032314856375738690e+37 2.641192735182996494e+35 6.663753926825716626e+05 4.732202944570688996e+05
9.697003666167802294e+00 9.840141555818934002e+36 2.453985440732408704e+35 6.663679361334478017e+05 4.732147003856136580e+05
9.976950233109164401e+00 9.405120118224187288e+36 2.332393779558701786e+35 6.663611616210488137e+05 4.732096046694341931e+05
1.025202460399304982e+01 9.007882813198522898e+36 2.253079612441169559e+35 6.663548820655327290e+05 4.732048700142080197e+05
1.052550248969964741e+01 8.642102876023938545e+36 2.174953952809656069e+35 6.663489309043146204e+05 4.732003737216960290e+05
1.080101402388208953e+01 8.298701030844395849e+36 2.118419688465169989e+35 6.663432740585730644e+05 4.731960885662838118e+05
1.108291548019769834e+01 7.971963856981980995e+36 2.088605897189655672e+35 6.663377745483182371e+05 4.731919124523653300e+05
1.137671403354761424e+01 7.656605928563452345e+36 2.062621762869760409e+35 6.663323206282781903e+05 4.731877606826126575e+05
1.169004387287168356e+01 7.344621593826429090e+36 2.073444909801451774e+35 6.855142660480095074e+05 4.664788639760622173e+05
1.203623504223469354e+01 6.990351593988826528e+36 2.560981753037239261e+35 6.855227760211765999e+05 4.664845120947585092e+05
1.243956262584288197e+01 6.668099472464879271e+36 2.271682680250880724e+35 7.058952628482397413e+05 4.583640796115435078e+05
1.294266616606182652e+01 6.254777739888172142e+36 1.965310652445041370e+35 6.642138458820933010e+05 4.740708895825460204e+05
1.299280818574698060e+01 6.202277091349161927e+36 1.682489679445379861e+35 6.642086677769449307e+05 4.740670941889988026e+05
1.309259080492120120e+01 6.111399840041971766e+36 1.470154970426146539e+35 6.519349898277602624e+05 4.779093054496714612e+05
1.329115821707819123e+01 5.989341981959203888e+36 1.499695330221779954e+35 6.245243370746599976e+05 4.852291838642736548e+05
1.349976069552030822e+01 5.898756841260930474e+36 1.610159312484019368e+35 5.387411203188500367e+05 4.979065187735400395e+05
1.373708593050650961e+01 5.697492119802496682e+36 1.961730073125495040e+35 5.092440669087492861e+05 4.989132838954693871e+05
1.401845788170612650e+01 5.584918745841419164e+36 1.387643028322299060e+35 6.762438396300090244e+05 4.693761239638788975e+05
1.435346485463924182e+01 5.332179152737529858e+36 0.000000000000000000e+00 1.274812931235409997e+04 0.000000000000000000e+00
