# time luminosity radius
-2.015957839040129329e+01 4.847788993221699752e+35 1.008172688878339948e+06
-1.888097337476938264e+01 4.942187503576690172e+35 1.008174134880420053e+06
-1.633654939365987957e+01 5.195345923046360138e+35 1.008178580381019972e+06
-1.597882059971925628e+01 5.234400239123749952e+35 1.008179262065359973e+06
-1.526694029977625178e+01 5.316377066246439655e+35 1.008180807381729945e+06
-1.385029850288992748e+01 5.519820587944230229e+35 1.008184907442489988e+06
-1.359791393952764338e+01 5.558710446507880110e+35 1.008185690855549998e+06
-1.309566865843589767e+01 5.641190896382019798e+35 1.008187442105420050e+06
-1.209620054906372388e+01 5.842865442742979969e+35 1.008191947464899975e+06
-1.193043755753751611e+01 5.878404365739199991e+35 1.008192746081860038e+06
-1.160056920439819805e+01 5.953186431696079641e+35 1.008194502550230012e+06
-1.094413118165175547e+01 6.129784935787139739e+35 1.008198854077209951e+06
-9.935746819544874597e+00 6.534538583792570140e+35 1.008209935950570041e+06
-9.461775231236970285e+00 6.771674701628249742e+35 1.008217072553680046e+06
-9.135427590206745663e+00 6.965747087568279565e+35 1.008223297164179967e+06
-8.833616289814017364e+00 7.182590902754269956e+35 1.008230712475699955e+06
-8.598014643455826445e+00 7.374009560106980548e+35 1.008238137228140025e+06
-8.458572500287118601e+00 7.519490361765650187e+35 1.008243414612479974e+06
-8.366991569990204880e+00 7.613605287795009577e+35 1.008247383409459959e+06
-8.297784557846171083e+00 7.690547667831150044e+35 1.008250739869849989e+06
-8.241288045672263252e+00 7.757640569850080605e+35 1.008253770282219979e+06
-8.192892510360252345e+00 7.817806907920420659e+35 1.008256621832160046e+06
-8.150031112418218981e+00 7.872503197137619450e+35 1.008259398264809977e+06
-8.112055181625692057e+00 7.924772581973650365e+35 1.008262106881669955e+06
-8.078287066449775011e+00 7.972172883993720238e+35 1.008264963026680052e+06
-8.047389533961904817e+00 8.020389058326329888e+35 1.008268069258389995e+06
-8.016009207614843035e+00 8.061921269359389438e+35 1.008271392377909971e+06
-7.980720233161264332e+00 8.119764332917689832e+35 1.008275294590560021e+06
-7.944432312706339872e+00 8.181915231002659785e+35 1.008279503556150012e+06
-7.909248383313752129e+00 8.260555025860789281e+35 1.008283835480259964e+06
-7.870927516718438710e+00 8.368634782138839975e+35 1.008288871108000050e+06
-7.835000092654809123e+00 8.515666083645900645e+35 1.008293914857169962e+06
-7.797935667047568131e+00 8.768078853384480066e+35 1.008299605707439943e+06
-7.761972642965702107e+00 9.144830712401850585e+35 1.008305532219919958e+06
-7.726657200291811023e+00 9.648237330410829315e+35 1.008311790158019983e+06
-7.694596218461811077e+00 1.042016580466980000e+36 1.008317902135250042e+06
-7.664289719914449961e+00 1.134172646373209951e+36 1.008324052491680020e+06
-7.636369265397661366e+00 1.227261770839280046e+36 1.008330052664180053e+06
-7.611045698993621045e+00 1.371478939249129870e+36 1.008335805457959999e+06
-7.586969287582178367e+00 1.610938018722170102e+36 1.008341634607400047e+06
-7.564582519786199555e+00 2.423092845735639865e+36 1.008347873428259976e+06
-7.542638930703105871e+00 2.967350667892650130e+36 1.008354255327929975e+06
-7.521072222843940835e+00 3.353011983769219801e+36 1.008360848829280003e+06
-7.499725173571277992e+00 3.530422465776439709e+36 1.008367687225540052e+06
-7.478599558695350424e+00 3.774739286162130267e+36 1.008374921426060027e+06
-7.456804218682009378e+00 4.342077876578489955e+36 1.008383196586839971e+06
-7.434344310006054002e+00 4.752280686487650179e+36 1.008392071890280000e+06
-7.412002514513005735e+00 5.221880627445789881e+36 1.008401350904669962e+06
-7.390939912555040792e+00 5.927165709111759912e+36 1.008410628553419956e+06
-7.371577375060951454e+00 6.484738006726609568e+36 1.008419594611090026e+06
-7.353774906741818995e+00 9.183096681409530107e+36 1.008429038977760007e+06
-7.340529777960909996e+00 8.586785685968210028e+36 1.008436187271240051e+06
-7.324571770383045077e+00 8.715190084704799808e+36 1.008445110360119957e+06
-7.309457862678755191e+00 8.995965805394339455e+36 1.008453897836860036e+06
-7.294881272486236412e+00 9.236363729740740028e+36 1.008462651955479989e+06
-7.280724334072147030e+00 9.484998305542100377e+36 1.008471424427789985e+06
-7.266906486129300902e+00 9.746201583234639671e+36 1.008480251490539988e+06
-7.253446312148298603e+00 1.001234777393699960e+37 1.008489105532289948e+06
-7.240110468563216273e+00 1.028669961184149995e+37 1.008498132349289954e+06
-7.226764051401914912e+00 1.057762636039330006e+37 1.008507451973989955e+06
-7.213548434072436066e+00 1.097824541356620036e+37 1.008517060468690004e+06
-7.200451363230968127e+00 1.129454002411430006e+37 1.008526843255509972e+06
-7.187533596050343476e+00 1.160785220792589931e+37 1.008536750573139987e+06
-7.174756012269426719e+00 1.192198976253519919e+37 1.008546799898079946e+06
-7.162020112702521146e+00 1.223871459858950059e+37 1.008557065539930016e+06
-7.149289002874866128e+00 1.255906167942129925e+37 1.008567577519690036e+06
-7.136517949398694327e+00 1.288348100215759897e+37 1.008578375317689963e+06
-7.123720389747177251e+00 1.321020980370209988e+37 1.008589445788159966e+06
-7.110901680300230510e+00 1.353960237202350114e+37 1.008600789767530048e+06
-7.098113029778687633e+00 1.400136689455430079e+37 1.008612440673290053e+06
-7.085576833771483507e+00 1.434441595703050044e+37 1.008624065945639974e+06
-7.073318824979651254e+00 1.466598707173829983e+37 1.008635627942339983e+06
-7.061311599576583831e+00 1.498482321921789941e+37 1.008647145485740039e+06
-7.049573593525565229e+00 1.528763761633470034e+37 1.008658580777049996e+06
-7.038132277673867065e+00 1.557700440088619894e+37 1.008669890987640014e+06
-7.026947962451231433e+00 1.585237860789570060e+37 1.008681096512240008e+06
-7.015980140096871764e+00 1.611627298421659897e+37 1.008692223910090048e+06
-7.005180384050618159e+00 1.636912954777899897e+37 1.008703306593909976e+06
-6.994472596168634482e+00 1.661307503281089890e+37 1.008714413092370029e+06
-6.984004823330906220e+00 1.684353294135610036e+37 1.008725375218849978e+06
-6.973774047930419329e+00 1.705985991956399996e+37 1.008736183890669956e+06
-6.963759820453560678e+00 1.726264025934979921e+37 1.008746846838459955e+06
-6.953956337578347302e+00 1.745367480447960022e+37 1.008757370167499990e+06
-6.944328954956290545e+00 1.762112931905680032e+37 1.008767787383579998e+06
-6.934870606602999032e+00 1.777866182386100062e+37 1.008778092260980047e+06
-6.925551234344311524e+00 1.792868213968310025e+37 1.008788305307960021e+06
-6.916342258960867184e+00 1.807140541749550089e+37 1.008798447939830017e+06
-6.907217955636951956e+00 1.820891704394119893e+37 1.008808546034200001e+06
-6.898172568640802638e+00 1.834417424812139954e+37 1.008818600602900027e+06
-6.889478112187134684e+00 1.844018146457620096e+37 1.008828299024750013e+06
-6.880737433573813178e+00 1.854863820152610075e+37 1.008838077140519978e+06
-6.872053670138484449e+00 1.866525525511410037e+37 1.008847818147229962e+06
-6.863258081280946499e+00 1.879162476590320099e+37 1.008857708344010054e+06
-6.854459113073971821e+00 1.898634909996779970e+37 1.008867637072450016e+06
-6.845545972497347975e+00 1.942756034477309986e+37 1.008877737342969980e+06
-6.836625165447912877e+00 1.958560569519859991e+37 1.008887852488199947e+06
-6.827508306285380968e+00 1.990653360347370024e+37 1.008898212336429977e+06
-6.818414323310207692e+00 2.008585197940739964e+37 1.008908552923740004e+06
-6.809030155576692778e+00 2.039039452133249990e+37 1.008919238871579990e+06
-6.799716268913471140e+00 2.077860378051649981e+37 1.008929863665689947e+06
-6.790049278917649644e+00 2.115392600330639966e+37 1.008940905893940013e+06
-6.780467294855043292e+00 2.149921486028599826e+37 1.008951857955400017e+06
-6.770400463256009971e+00 2.195567359558370137e+37 1.008963377311230055e+06
-6.759864064941211836e+00 2.243460289400170036e+37 1.008975441524680005e+06
-6.749315974329874734e+00 2.305855444085079938e+37 1.008987524826399982e+06
-6.738279083036104566e+00 2.357529487178029985e+37 1.009000175465369946e+06
-6.726818937517236918e+00 2.417122340728250054e+37 1.009013318019910017e+06
-6.715272756469857995e+00 2.490770655773339803e+37 1.009026559168330044e+06
-6.703110873695550254e+00 2.560807625076919886e+37 1.009040509556469973e+06
-6.690210674143600045e+00 2.631419500560369972e+37 1.009055303018320003e+06
-6.676567274123954121e+00 2.711814535679659984e+37 1.009070942445349996e+06
-6.662214793966995785e+00 2.787129125341139910e+37 1.009087379687019973e+06
-6.647009644606441725e+00 2.868290506262609820e+37 1.009104768979860004e+06
-6.631081401324991020e+00 2.959817936025249907e+37 1.009122949511029990e+06
-6.614356181389666745e+00 3.051867636406710193e+37 1.009142001726389979e+06
-6.596339717245427892e+00 3.153828709023260095e+37 1.009162467517700046e+06
-6.577601244287507143e+00 3.259332225956570152e+37 1.009183666618579999e+06
-6.557176239035470644e+00 3.374480864799769792e+37 1.009206653172609978e+06
-6.534875854364145198e+00 3.500940322497480005e+37 1.009231583637219970e+06
-6.508984770751339965e+00 3.650601277042640063e+37 1.009260324502420030e+06
-6.481272313703811960e+00 3.814395799695870218e+37 1.009290793959100032e+06
-6.450372764998974162e+00 4.000722274640620053e+37 1.009324408900939976e+06
-6.417614980848156847e+00 4.201836649884750133e+37 1.009359606003729976e+06
-6.384653987677666009e+00 4.406984088811240128e+37 1.009394540660219966e+06
-6.349807354185031727e+00 4.624779757344439802e+37 1.009430938380789943e+06
-6.312662852476933040e+00 4.856834050159100428e+37 1.009469093009419972e+06
-6.271843167027327581e+00 5.109571006664889932e+37 1.009510194616629975e+06
-6.226929491185728693e+00 5.382975461358510196e+37 1.009554344357160036e+06
-6.181038136164715979e+00 5.656622788098980177e+37 1.009598225024380023e+06
-6.134322972271547769e+00 5.927735710731909935e+37 1.009641576330260024e+06
-6.084229037134718965e+00 6.207968134846559633e+37 1.009686515872420045e+06
-6.031227140201735892e+00 6.492700557027440453e+37 1.009732260861649993e+06
-5.975255525472675799e+00 6.779288155571140403e+37 1.009778522565930034e+06
-5.915921859497757396e+00 7.066812838944250298e+37 1.009825266349110054e+06
-5.853170024434803054e+00 7.352907241872959630e+37 1.009872159486460034e+06
-5.790539717927458696e+00 7.621321544539839661e+37 1.009916439745640033e+06
-5.726958865298001911e+00 7.874943029356189751e+37 1.009958906427660026e+06
-5.661548856036461075e+00 8.117644572328570158e+37 1.010000061156359967e+06
-5.593403086701073335e+00 8.351000807729449588e+37 1.010040330199899967e+06
-5.521480309011167265e+00 8.577375926186160022e+37 1.010080102903589956e+06
-5.444539102583803469e+00 8.798590494995579734e+37 1.010119305669469992e+06
-5.360999261176402797e+00 9.018204987122009805e+37 1.010158822691789945e+06
-5.268788030896757846e+00 9.238933494784310060e+37 1.010198808197129983e+06
-5.165099673122313106e+00 9.463415667035830410e+37 1.010240157435309957e+06
-5.046025287791053415e+00 9.696941368531559283e+37 1.010283734575259965e+06
-4.926498192045983160e+00 9.917196002117210789e+37 1.010324377438609954e+06
-4.815488108397403266e+00 1.011423605822539975e+38 1.010360202405979973e+06
-4.708490544144297019e+00 1.029897791979250038e+38 1.010393542058389983e+06
-4.603109612457046751e+00 1.047967550617489991e+38 1.010425682657500030e+06
-4.497714816487132339e+00 1.066233363048969964e+38 1.010457542551100021e+06
-4.391057609214840340e+00 1.085152864648910025e+38 1.010489874882959994e+06
-4.282000912106013857e+00 1.105136150446979936e+38 1.010523355836199946e+06
-4.169559967622262775e+00 1.126588576434829970e+38 1.010558634271719959e+06
-4.052618278978115995e+00 1.149987708982170083e+38 1.010596397146999952e+06
-3.929969108216027962e+00 1.175723269073779977e+38 1.010637401879700017e+06
-3.803397407333250158e+00 1.203711125377009937e+38 1.010681353508229950e+06
-3.685182853831065586e+00 1.231341213232399934e+38 1.010723923910800018e+06
-3.582186594418089953e+00 1.256554464382720090e+38 1.010762199174450012e+06
-3.491433292985675507e+00 1.279414496873559913e+38 1.010796895732779987e+06
-3.409322151746891905e+00 1.300519393879349958e+38 1.010829033687729971e+06
-3.333390309155220166e+00 1.320330271863629933e+38 1.010859321711080032e+06
-3.261977667101746192e+00 1.339195975587330075e+38 1.010888278474080027e+06
-3.193783364335104125e+00 1.357451557416520008e+38 1.010915149650610052e+06
-3.127697364572668448e+00 1.375204980455130026e+38 1.010941744137970032e+06
-3.069224671209667576e+00 1.391272054286380061e+38 1.010965805762470001e+06
-3.017744027069056756e+00 1.405829331310560042e+38 1.010985794301070040e+06
-2.972430524157971377e+00 1.418544751486289929e+38 1.011003661184030003e+06
-2.932459430516246357e+00 1.429674280702270045e+38 1.011019734841360012e+06
-2.897404030789402896e+00 1.439418891774650093e+38 1.011034029320140020e+06
-2.866612560759676853e+00 1.447978049066269970e+38 1.011046709237130010e+06
-2.839666586654857383e+00 1.455474461163020086e+38 1.011057877416640054e+06
-2.816098265553591773e+00 1.462033906580569931e+38 1.011067689519849955e+06
-2.795477918916731142e+00 1.467773523022200051e+38 1.011076301066290005e+06
-2.777401864499552175e+00 1.472802832929680007e+38 1.011083865459050052e+06
-2.761414198186685098e+00 1.477244009876110034e+38 1.011090566133740009e+06
-2.747105790989735397e+00 1.481210158297410071e+38 1.011096568920979975e+06
-2.734017164491888252e+00 1.484823703058250022e+38 1.011102063576790038e+06
-2.721527196104943869e+00 1.488252244610979919e+38 1.011107307450479944e+06
-2.708226972963529988e+00 1.491847911381750030e+38 1.011112889385569957e+06
-2.687209093935962301e+00 1.497233238045330060e+38 1.011121717550219968e+06
-2.667112568058655597e+00 1.502778465470190083e+38 1.011130072753289947e+06
-2.649419154548013466e+00 1.507643049192360001e+38 1.011137408774120035e+06
-2.633705551119419397e+00 1.511955939147239962e+38 1.011143918631950044e+06
-2.619515027046873001e+00 1.515830751152399986e+38 1.011149793007820030e+06
-2.606355793006514432e+00 1.519405642588359990e+38 1.011155234943810035e+06
-2.593383569972502301e+00 1.522918373757869965e+38 1.011160592556989985e+06
-2.578192898641646025e+00 1.527013237702339925e+38 1.011166851341590052e+06
-2.551441369543681503e+00 1.533745828163970009e+38 1.011177861131750047e+06
-2.528217795530508738e+00 1.539317150230060091e+38 1.011187269353779964e+06
-2.507798732123774244e+00 1.545345172842799984e+38 1.011195522475749953e+06
-2.489792856393250986e+00 1.550138084250490057e+38 1.011202781994579942e+06
-2.473742549180315109e+00 1.554394260261369942e+38 1.011209239073880017e+06
-2.459192590868042316e+00 1.558244064471580001e+38 1.011215080036710016e+06
-2.445607746110908920e+00 1.561811160246139909e+38 1.011220520871190005e+06
-2.431999645083124051e+00 1.565296942544960033e+38 1.011225957056349958e+06
-2.415248486599011812e+00 1.569481084928219997e+38 1.011232622915460030e+06
-2.381913681214427925e+00 1.577389366826260076e+38 1.011245828975729994e+06
-2.338552966337374528e+00 1.587406768904750054e+38 1.011262702498479979e+06
-2.290091498820402194e+00 1.599263523855589933e+38 1.011281259413630003e+06
-2.233714290856369189e+00 1.612419410091999925e+38 1.011302508036540006e+06
-2.167858830671320902e+00 1.627116502049879911e+38 1.011326806525320048e+06
-2.090400319813852548e+00 1.643618326901280007e+38 1.011354604496079963e+06
-1.997585334083851194e+00 1.662197347440510093e+38 1.011386699932490010e+06
-1.883272088402009103e+00 1.683324648757699919e+38 1.011424267498660018e+06
-1.736922936115661287e+00 1.708421942510369955e+38 1.011460787266409956e+06
-1.565672003329382278e+00 1.732960294321530151e+38 1.011505331357900053e+06
-1.386301189188088756e+00 1.757201938965950035e+38 1.011544944364720024e+06
-1.196064826150177396e+00 1.779076515505910018e+38 1.011582946967980010e+06
-1.003793850408328581e+00 1.798024250797589888e+38 1.011615732138389954e+06
-8.302943256894650403e-01 1.813016538778099926e+38 1.011640289988409961e+06
-6.734234540926991031e-01 1.824059184617740083e+38 1.011658123048990034e+06
-5.315192167490749853e-01 1.831963637715429912e+38 1.011670623562520021e+06
-4.030920584500563564e-01 1.837412917365780049e+38 1.011678920113930013e+06
-2.868104397693969076e-01 1.840937919523210120e+38 1.011683929496799945e+06
-1.814850909286178648e-01 1.842977108174740098e+38 1.011686399617559975e+06
-8.603158092591911554e-02 1.843883783261720100e+38 1.011686939229690004e+06
0.000000000000000000e+00 1.843973877473409990e+38 1.011686048307409976e+06
7.764153977404930629e-02 1.843452173144830135e+38 1.011684128272779984e+06
1.473527878715685802e-01 1.842524258147550164e+38 1.011681507623950019e+06
2.097202959539572475e-01 1.841327922688240184e+38 1.011678450702660019e+06
2.652973058211500756e-01 1.839976132718899972e+38 1.011675164839350036e+06
3.146327107260731282e-01 1.838553978097469850e+38 1.011671808389910031e+06
3.582997106677794363e-01 1.837121766286869821e+38 1.011668495706200018e+06
3.969271432670211652e-01 1.835716776947579822e+38 1.011665299459289992e+06
4.311731914876872906e-01 1.834359221768950137e+38 1.011662257736050058e+06
4.618948270090186270e-01 1.833038675140510164e+38 1.011659362581460038e+06
4.899687101387826260e-01 1.831737531686849821e+38 1.011656577461299952e+06
5.165969532536109909e-01 1.830397486664699878e+38 1.011653809277559980e+06
5.445722531094361329e-01 1.828807565689329834e+38 1.011650756742840051e+06
5.910587652651884127e-01 1.825343124148920059e+38 1.011645301353459945e+06
6.513062343583442271e-01 1.820945494182400137e+38 1.011637450324779958e+06
7.148409752262523398e-01 1.816389770890769879e+38 1.011628379129189998e+06
7.904629315999045502e-01 1.810151971081390084e+38 1.011616623332440038e+06
8.816582731542439433e-01 1.801893297629499840e+38 1.011601029216450057e+06
9.934912298067501979e-01 1.790722437258080112e+38 1.011579885461539961e+06
1.134358119365060702e+00 1.775133524369830095e+38 1.011550285614080029e+06
1.317879793004976818e+00 1.752629110526950096e+38 1.011507250388360000e+06
1.545707385777859599e+00 1.722505068222830082e+38 1.011448138740679948e+06
1.796005892318135011e+00 1.688165677097059999e+38 1.011378263112829998e+06
2.081630685690470273e+00 1.647239581628920056e+38 1.011294493540699943e+06
2.403121938483309350e+00 1.600634170600280024e+38 1.011197673373050056e+06
2.744535328289202880e+00 1.550170203257340062e+38 1.011093663461609976e+06
3.111467613020067802e+00 1.494857196986819957e+38 1.010982849467269960e+06
3.510600922194498708e+00 1.435896894871840083e+38 1.010866355996569968e+06
3.950971330939864856e+00 1.373165267832059910e+38 1.010745383521849988e+06
4.417320762615418062e+00 1.310702490610110060e+38 1.010626993139049970e+06
4.836878291023822385e+00 1.259552461677320070e+38 1.010529126376379980e+06
5.212607118948653806e+00 1.216581342696759955e+38 1.010448606035770033e+06
5.547885481188131962e+00 1.180835339690089921e+38 1.010382211749630049e+06
5.846006257997942157e+00 1.151239912022709950e+38 1.010327479042130057e+06
6.110524617250121082e+00 1.126702068557720084e+38 1.010282159974060021e+06
6.345567439366277540e+00 1.106262125039989934e+38 1.010244291840850026e+06
6.554019492439692840e+00 1.089192744930490072e+38 1.010212497777209966e+06
6.739819046990305651e+00 1.074810176176570057e+38 1.010185455036289990e+06
6.904796180488119717e+00 1.062648743215269977e+38 1.010162490352359950e+06
7.052083715394473984e+00 1.052217193930730077e+38 1.010142805308329989e+06
7.182947726196289295e+00 1.043309942917069940e+38 1.010125935637880000e+06
7.299458734625659417e+00 1.035631683466800060e+38 1.010111387933969963e+06
7.402807633909105789e+00 1.029036126411390045e+38 1.010098842754060053e+06
7.494230015987341176e+00 1.023363843754010088e+38 1.010088017743939999e+06
7.574867324237857247e+00 1.018484099268379968e+38 1.010078675295999972e+06
7.645939044929036754e+00 1.014275856989599940e+38 1.010070597697290010e+06
7.708803779336449225e+00 1.010621888237159907e+38 1.010063571380099980e+06
7.765224087203023373e+00 1.007389854702719915e+38 1.010057357484539971e+06
7.818214717310183914e+00 1.004378622950760020e+38 1.010051597404730041e+06
7.875414666203141678e+00 1.001106848628260063e+38 1.010045446114039980e+06
7.989242564501182642e+00 9.941603180169999858e+37 1.010033483664499945e+06
8.127296804841535049e+00 9.860709206160740174e+37 1.010019218607070041e+06
8.283381942992491531e+00 9.772923073922990564e+37 1.010003541964160046e+06
8.476523667450237554e+00 9.667908319119180185e+37 1.009984887638650020e+06
8.690233223798713880e+00 9.560127804333939631e+37 1.009965147682350012e+06
8.930546931920616771e+00 9.447183962205660360e+37 1.009944144545790041e+06
9.146249179815640673e+00 9.357854195878889827e+37 1.009926228549889987e+06
9.338711703492663219e+00 9.284437188467979245e+37 1.009911030231259996e+06
9.509725611649628263e+00 9.223101794089520920e+37 1.009898094682949944e+06
9.662463153605131083e+00 9.170772786883809103e+37 1.009886958219449967e+06
9.798377948527559056e+00 9.125983870940689639e+37 1.009877346423520008e+06
9.919493510289612459e+00 9.087318167433160671e+37 1.009869002072690055e+06
1.002709589459300332e+01 9.053914574150099564e+37 1.009861749833100010e+06
1.012246026527100184e+01 9.025020399045850872e+37 1.009855442335129948e+06
1.020680485848060925e+01 8.999998139549540594e+37 1.009849951697960030e+06
1.028145745936853928e+01 8.978235701797100009e+37 1.009845158062729985e+06
1.034795964487057063e+01 8.959104534229940266e+37 1.009840936360260006e+06
1.040898905322319479e+01 8.941629132608200044e+37 1.009837099330979981e+06
1.046983111395820742e+01 8.923982545930560848e+37 1.009833297864209977e+06
1.056074858380998194e+01 8.894925153374389246e+37 1.009827641286410042e+06
1.068789775785262464e+01 8.852099698669189128e+37 1.009819724125350011e+06
1.086187896991032176e+01 8.792262154059329115e+37 1.009808923986030044e+06
1.105220995454510557e+01 8.731209968730269880e+37 1.009797241825839970e+06
1.123951819546891784e+01 8.676112543338939611e+37 1.009786002134389943e+06
1.140724013223007205e+01 8.631072407552760944e+37 1.009776193893090007e+06
1.155715827625499514e+01 8.592919487082650235e+37 1.009767654386900016e+06
1.169090113265156106e+01 8.560059545834890830e+37 1.009760204352190020e+06
1.181010570544640359e+01 8.531478612733570204e+37 1.009753686094030039e+06
1.191611662714967679e+01 8.506535047119190339e+37 1.009747977259590058e+06
1.201017811416750192e+01 8.484737233000279557e+37 1.009742976161689963e+06
1.209362638995844463e+01 8.465627264628500119e+37 1.009738586541680037e+06
1.216789693436658126e+01 8.448761149987789997e+37 1.009734712290409952e+06
1.223557228753270465e+01 8.433381562140829699e+37 1.009731205892830039e+06
1.230134109182290558e+01 8.418149479330530142e+37 1.009727810322350007e+06
1.238464718737122894e+01 8.397019579099110384e+37 1.009723491754819988e+06
1.251187796054182400e+01 8.360718848570759978e+37 1.009716844591640052e+06
1.268601359974672960e+01 8.309185446195800131e+37 1.009707636590500013e+06
1.287649005624007259e+01 8.256386621708509861e+37 1.009697572725720005e+06
1.305292495926369156e+01 8.212412525422319741e+37 1.009688377840920002e+06
1.321148256389096787e+01 8.175504495453260373e+37 1.009680281989539973e+06
1.335347042677494755e+01 8.143679760736399638e+37 1.009673169585880009e+06
1.348027381992505980e+01 8.115894145616800154e+37 1.009666917743019992e+06
1.359331409381411504e+01 8.091485348626980070e+37 1.009661417152659968e+06
1.369387509083753685e+01 8.070003419657989991e+37 1.009656574677690049e+06
1.378333571412986203e+01 8.051037322148610211e+37 1.009652302780090016e+06
1.386324215888998879e+01 8.034161836477149833e+37 1.009648513148600003e+06
1.393643664106457436e+01 8.018603882093440120e+37 1.009645058222339954e+06
1.400849657690559980e+01 8.002834044871180423e+37 1.009641658851520042e+06
1.410692387771996437e+01 7.978353731765279658e+37 1.009636974047190044e+06
1.424934429604763864e+01 7.939259358010140370e+37 1.009630087732970016e+06
1.442976069298856601e+01 7.889310741451519953e+37 1.009621250638270052e+06
1.462876219112149556e+01 7.837204352458460244e+37 1.009611529628059943e+06
1.481053743880875118e+01 7.794695627611450466e+37 1.009602771775670000e+06
1.497422711041690491e+01 7.758571305363550028e+37 1.009595045049799955e+06
1.512103831913918839e+01 7.727133539251819588e+37 1.009588238072799984e+06
1.525238565320432826e+01 7.699473976957209856e+37 1.009582234329900006e+06
1.536969596019662276e+01 7.675024508199570028e+37 1.009576932761769975e+06
1.547433258389719413e+01 7.653371624960300158e+37 1.009572245481980033e+06
1.556776487649949559e+01 7.634117461547850442e+37 1.009568090120019973e+06
1.565192018934794760e+01 7.616758385102629733e+37 1.009564366676490055e+06
1.573047590562418918e+01 7.600310113994469876e+37 1.009560900525980047e+06
1.581313862564275041e+01 7.582012771503389916e+37 1.009557234100310015e+06
1.597763743848008744e+01 7.535975851464450279e+37 1.009549786016289960e+06
1.615400418910394365e+01 7.490534505156319658e+37 1.009541639588220045e+06
1.635201245431380812e+01 7.440330652049199914e+37 1.009532541297090007e+06
1.655911602221567591e+01 7.390310134752200173e+37 1.009523137987790047e+06
1.674299543635788723e+01 7.350231767706830381e+37 1.009514930552529986e+06
1.690878583770972909e+01 7.315211876017410146e+37 1.009507676808499964e+06
1.705752459763789375e+01 7.284345193625409883e+37 1.009501264063499984e+06
1.719083734573723632e+01 7.256917790400910279e+37 1.009495582686839974e+06
1.731014118986968242e+01 7.232503487239309843e+37 1.009490541632559965e+06
1.741689963643329975e+01 7.210719263495730404e+37 1.009486060580029967e+06
1.751278635693779506e+01 7.191145908155650004e+37 1.009482054650860024e+06
1.760103726497072785e+01 7.172920784210689992e+37 1.009478377351999981e+06
1.768836616289627273e+01 7.154194429963739688e+37 1.009474728942489950e+06
1.781063831154460786e+01 7.123724829289730049e+37 1.009469532719849958e+06
1.798063635195103416e+01 7.078361418935110078e+37 1.009462150269120000e+06
1.813166145571631205e+01 7.043133840370789587e+37 1.009455542415239965e+06
1.826746685601938225e+01 7.012712378502430159e+37 1.009449661548390053e+06
1.838910278279217891e+01 6.986033003991940160e+37 1.009444442536260001e+06
1.849862533173654811e+01 6.962164701440259744e+37 1.009439780838179984e+06
1.859748309624774265e+01 6.940658488773269634e+37 1.009435597895049956e+06
1.868934880357846851e+01 6.920431790680970346e+37 1.009431723373439978e+06
1.878330546309007332e+01 6.898780057262770314e+37 1.009427746319129947e+06
1.895322665546154894e+01 6.850825351083229576e+37 1.009420395264560007e+06
1.912407388893916504e+01 6.807439123072459568e+37 1.009412902505189995e+06
1.927704969860678830e+01 6.771549573387480343e+37 1.009406250404890045e+06
1.941451867169780598e+01 6.740228790471039768e+37 1.009400350021580001e+06
1.953787720249783888e+01 6.712537543682440285e+37 1.009395113571999944e+06
1.964857203523024509e+01 6.687881344574060242e+37 1.009390456893490045e+06
1.974955120919366891e+01 6.665339197328879796e+37 1.009386237026290037e+06
1.984536746215962921e+01 6.643601816801010227e+37 1.009382246142270043e+06
1.995162443684057507e+01 6.617792206870940048e+37 1.009377786754649947e+06
2.009643494946249120e+01 6.578991035664730464e+37 1.009371629544229945e+06
2.022512851849569415e+01 6.548031994432250158e+37 1.009366120480800048e+06
2.034112347465270432e+01 6.520856492007769779e+37 1.009361195378980017e+06
2.044645792601295398e+01 6.496474576112299812e+37 1.009356755358850001e+06
2.054550149013630289e+01 6.473379314886089602e+37 1.009352601513860049e+06
2.065064314208575524e+01 6.447618844354590072e+37 1.009348176217689994e+06
2.085987502946591121e+01 6.385715464350589886e+37 1.009339205544969998e+06
2.104821999882369710e+01 6.339727243486470441e+37 1.009331145217900048e+06
2.121779861218601582e+01 6.300672381870710015e+37 1.009324053179510054e+06
2.137046595646825153e+01 6.266550344306189689e+37 1.009317796562050004e+06
2.150789044157318131e+01 6.236391829594189614e+37 1.009312260602819966e+06
2.163134967043697543e+01 6.209691963275160332e+37 1.009307355736969970e+06
2.174383010510791792e+01 6.185494736884599828e+37 1.009302936810269952e+06
2.184943001359533810e+01 6.162645932501389996e+37 1.009298819528989960e+06
2.195943234201877203e+01 6.137801684539180210e+37 1.009294525711540016e+06
2.217833697557944106e+01 6.077565209429720455e+37 1.009285818253219943e+06
2.237378331595391501e+01 6.034242779321239809e+37 1.009278095787639963e+06
2.260042901494125545e+01 5.981874982944660314e+37 1.009269359201719984e+06
2.283165367603396589e+01 5.932244495461920460e+37 1.009260662299160031e+06
2.303954743895519641e+01 5.891746963298170206e+37 1.009253065468590008e+06
2.322743338397594925e+01 5.856313820974119688e+37 1.009246375137440045e+06
2.339704712412458321e+01 5.824942186303650390e+37 1.009240451276420034e+06
2.355021755430061603e+01 5.796976441001119789e+37 1.009235181165650021e+06
2.368867908919492038e+01 5.771936210289109645e+37 1.009230471714399988e+06
2.381457151634276670e+01 5.749271141836730466e+37 1.009226225833319942e+06
2.393192174118303228e+01 5.727958806402019842e+37 1.009222288625180023e+06
2.404999571176085738e+01 5.705620965653079672e+37 1.009218317954660044e+06
2.422480247494058858e+01 5.666544943779719704e+37 1.009212302467699978e+06
2.441654314608058485e+01 5.626505775389809570e+37 1.009205652105820016e+06
2.458876612797212147e+01 5.594356177415509821e+37 1.009199748279800056e+06
2.474403921726116096e+01 5.566230519818850082e+37 1.009194512085270020e+06
2.488535701075488760e+01 5.540852247500279815e+37 1.009189807822710020e+06
2.501462438329144788e+01 5.517720592858729712e+37 1.009185543694710010e+06
2.513666985595409642e+01 5.495589786683280047e+37 1.009181539397320012e+06
2.526467055364992120e+01 5.471027311924689866e+37 1.009177313860379974e+06
2.547557516074084560e+01 5.422898310072469850e+37 1.009170186366769951e+06
2.566395541126621538e+01 5.387728425657119610e+37 1.009163846612820053e+06
2.583441764137387509e+01 5.357141790343860410e+37 1.009158222029139986e+06
2.598894343158644915e+01 5.329898645055559766e+37 1.009153203927880037e+06
2.612953180627300753e+01 5.305315726886509896e+37 1.009148693726890022e+06
2.626026461559013114e+01 5.282351034524800298e+37 1.009144534239519970e+06
2.638850384681791184e+01 5.259238778025350406e+37 1.009140463398779975e+06
2.654707947118731681e+01 5.227312479499479805e+37 1.009135351028179983e+06
2.675922343437378004e+01 5.182647383499829568e+37 1.009128440064889961e+06
2.694849954636993061e+01 5.149167354170770167e+37 1.009122352889840025e+06
2.712080991128459573e+01 5.119673545360250174e+37 1.009116930910479976e+06
2.727742098326052655e+01 5.093367545917019573e+37 1.009112085759270005e+06
2.742089991399188875e+01 5.069440944586880454e+37 1.009107702897310024e+06
2.755593736269474903e+01 5.046759015425959660e+37 1.009103611643339973e+06
2.769390662200930819e+01 5.022581209724939655e+37 1.009099427324270015e+06
2.769392862219683593e+01 5.043804504616439677e+37 1.009693278832309996e+06
2.769393544794729678e+01 5.044665502083859617e+37 1.009699135471720016e+06
2.769394903119064111e+01 5.043981190255060377e+37 1.009697827155290055e+06
2.769396491657062143e+01 5.043971252451649912e+37 1.009698687670800020e+06
2.769398370750786853e+01 5.043973095631040113e+37 1.009699988875110052e+06
2.769400611224955355e+01 5.043969671841439719e+37 1.009701451396589982e+06
2.769403288437933952e+01 5.043966827696489975e+37 1.009703092765009962e+06
2.769406533696746919e+01 5.043963404180229599e+37 1.009704951563040027e+06
2.769410494103976816e+01 5.043959249267139844e+37 1.009707019139150041e+06
2.769415435196424369e+01 5.043954079959639595e+37 1.009709328700719983e+06
2.769421698632504558e+01 5.043947548814490244e+37 1.009711876285310020e+06
2.769428932387381792e+01 5.043940233748999953e+37 1.009714357798650046e+06
2.769436442276673915e+01 5.043932900696570134e+37 1.009716521365339984e+06
2.769444284545716073e+01 5.043925273157479780e+37 1.009718383485169965e+06
2.769452672441184404e+01 5.043917104705510080e+37 1.009720027487360057e+06
2.769461642871101503e+01 5.043908433025780254e+37 1.009721444619589951e+06
2.769471534078184050e+01 5.043898869315200330e+37 1.009722687049980043e+06
2.769482659164350480e+01 5.043888169386460393e+37 1.009723773177199997e+06
2.769495588031895750e+01 5.043875783560790201e+37 1.009724747245469945e+06
2.769510865495612961e+01 5.043861316271589560e+37 1.009725573133550002e+06
2.769530960400516051e+01 5.043842175166169569e+37 1.009726324592540041e+06
2.769559650447808963e+01 5.043815178992630247e+37 1.009727012974409969e+06
2.769609298713294265e+01 5.043769126725079563e+37 1.009727744325630018e+06
2.769708098761475412e+01 5.043684384662589696e+37 1.009728798771810019e+06
2.769904710857372265e+01 5.043540391311999778e+37 1.009730947502669995e+06
2.770295968928257935e+01 5.043208096273659673e+37 1.009735897425620002e+06
2.771074572489487764e+01 5.041307543312859804e+37 1.009747222973210039e+06
2.772623993576235080e+01 5.030411823407750121e+37 1.009771118886069977e+06
2.775707341539055051e+01 4.993542809912060210e+37 1.009814342376920045e+06
2.781843203985044966e+01 4.920673658973220342e+37 1.009877936775540002e+06
2.791487876907922328e+01 4.842919341391960246e+37 1.009941381105629960e+06
2.807472217472968623e+01 4.775164695240760214e+37 1.009996949622589978e+06
2.827124963937058055e+01 4.734508779593250004e+37 1.010029898078090046e+06
2.844802866455756885e+01 4.715708051092109695e+37 1.010044354399650008e+06
2.860919514703527966e+01 4.703538321169410439e+37 1.010050136894610012e+06
2.875780655175185530e+01 4.693437187622160029e+37 1.010051463800629950e+06
2.889884708159297588e+01 4.683436719509699608e+37 1.010050274139079964e+06
2.904656047176104039e+01 4.670999934689169928e+37 1.010047088051369996e+06
2.929048931831857772e+01 4.640660324751349850e+37 1.010038093146290048e+06
2.950879307285140385e+01 4.619647893188920282e+37 1.010028433152989950e+06
2.970687718751469220e+01 4.600460841494700026e+37 1.010018921065459959e+06
2.988716750310231873e+01 4.582418716564489630e+37 1.010009866139419959e+06
3.005154238608156447e+01 4.565443558341050168e+37 1.010001374333770014e+06
3.020447369966495899e+01 4.549005398782279935e+37 1.009993309020980028e+06
3.035220557308639400e+01 4.532282019138629735e+37 1.009985368615170009e+06
3.051686622847046237e+01 4.511158050860679659e+37 1.009976236834209994e+06
3.076798778933880385e+01 4.472820708603100155e+37 1.009961525934329955e+06
3.099296576035521866e+01 4.445498825490159997e+37 1.009948323421119945e+06
3.119733269738753734e+01 4.421371515558360122e+37 1.009936494919889956e+06
3.138366502076132747e+01 4.399426742545449873e+37 1.009925857366709970e+06
3.155404315301348106e+01 4.379300276379840104e+37 1.009916238887830055e+06
3.171319585606761393e+01 4.360198351283730267e+37 1.009907322872239980e+06
3.186869753334030975e+01 4.340880907264150273e+37 1.009898632270929986e+06
3.204853413394994277e+01 4.315904508076230027e+37 1.009888438825329999e+06
3.228078098480546032e+01 4.281288521466850188e+37 1.009875000170369982e+06
3.248927792571157624e+01 4.255188990128319999e+37 1.009863061737430049e+06
3.268028279621466936e+01 4.231820206514920236e+37 1.009852326149160042e+06
3.285538907169029699e+01 4.210593436454949918e+37 1.009842646282010013e+06
3.301969840879428375e+01 4.190479866417800097e+37 1.009833676761180046e+06
3.318191182617556478e+01 4.169983787739079893e+37 1.009824876538889948e+06
3.337659129886560549e+01 4.142402172316050090e+37 1.009814182643980021e+06
3.363988788194365043e+01 4.102980955558460174e+37 1.009799483722710051e+06
3.387490375913512253e+01 4.074386518714390134e+37 1.009786644453360001e+06
3.408929589494618995e+01 4.048992577020069816e+37 1.009775248194979969e+06
3.428614651622046949e+01 4.025877824411960098e+37 1.009765017800629954e+06
3.446735960751357197e+01 4.004725968584799841e+37 1.009755764012780041e+06
3.463831753729027696e+01 3.984576877508990154e+37 1.009747140724990051e+06
3.480959783070829872e+01 3.963636998305670119e+37 1.009738541791049996e+06
3.502715836603420030e+01 3.933363839405929793e+37 1.009727427145550027e+06
3.527312526551577321e+01 3.900346623329619941e+37 1.009714797748320037e+06
3.549562070185493212e+01 3.874247913891749764e+37 1.009703595420169993e+06
3.569901989585923729e+01 3.850907284413869880e+37 1.009693581664190046e+06
3.588737321778171463e+01 3.829355840800509866e+37 1.009684474778859993e+06
3.606545249726877955e+01 3.808843032636850105e+37 1.009675975655129994e+06
3.624338117092338507e+01 3.787687754966380215e+37 1.009667531198389945e+06
3.646565582958282903e+01 3.757844015392799818e+37 1.009656808707110002e+06
3.673480367348383879e+01 3.722012433978830077e+37 1.009643731133769965e+06
3.699357696359038528e+01 3.691886329051420068e+37 1.009631422029459965e+06
3.723015165336073551e+01 3.665986499100819971e+37 1.009620488273879979e+06
3.744701174958026968e+01 3.642637121290769986e+37 1.009610710067189997e+06
3.764658834261717857e+01 3.621307371196849923e+37 1.009601878288010019e+06
3.783473450989913545e+01 3.601026587827509994e+37 1.009593658214080031e+06
3.802045555112272268e+01 3.580465294402590058e+37 1.009585590746029979e+06
3.823342055246939708e+01 3.554569168027449888e+37 1.009576224215899943e+06
3.851005573910697422e+01 3.518881381093169770e+37 1.009563845824789954e+06
3.875875410445223679e+01 3.492274693652840119e+37 1.009552942959249951e+06
3.898714776054657705e+01 3.468279441549270175e+37 1.009543170356450020e+06
3.919790679173274839e+01 3.446309285784690002e+37 1.009534323817720055e+06
3.939536434515684959e+01 3.425690315214270161e+37 1.009526149657499976e+06
3.958776764351023303e+01 3.405203827648649790e+37 1.009518244946229970e+06
3.979693038702316699e+01 3.381341513278230140e+37 1.009509594054099987e+06
4.008245217538024008e+01 3.345235214001460029e+37 1.009497510462110047e+06
4.033899803745225654e+01 3.318614994936039816e+37 1.009486865749830031e+06
4.057467577900933975e+01 3.294600020335169911e+37 1.009477321123220026e+06
4.079240947505240911e+01 3.272609516937509976e+37 1.009468671497910051e+06
4.099679920487687923e+01 3.251956823087760100e+37 1.009460664587100036e+06
4.119644247147880378e+01 3.231424153458410092e+37 1.009452904417590005e+06
4.141328741238976363e+01 3.207651746479720196e+37 1.009444425781080034e+06
4.170736136205414368e+01 3.172062650084660039e+37 1.009432666360000032e+06
4.197286801287191338e+01 3.145567059548559957e+37 1.009422269265559968e+06
4.221692841032927390e+01 3.121700455862639916e+37 1.009412947402399965e+06
4.244249389994183730e+01 3.099874282564479890e+37 1.009404501174150035e+06
4.265428408029947605e+01 3.079409498850060103e+37 1.009396684511129977e+06
4.286123730469080328e+01 3.059091252219310021e+37 1.009389109368809965e+06
4.308387887345816125e+01 3.035989476715609796e+37 1.009380926601420040e+06
4.339222837901252205e+01 3.000268910788180001e+37 1.009369310124640004e+06
4.366201696525786247e+01 2.975076306476529875e+37 1.009359385673939949e+06
4.391764751961818547e+01 2.950861181847419922e+37 1.009350199327329989e+06
4.415346801346822758e+01 2.929163489806220172e+37 1.009341893930330058e+06
4.437413451466454717e+01 2.908972166205490224e+37 1.009334241734800045e+06
4.458845855003164615e+01 2.889114444499920045e+37 1.009326879904430010e+06
4.481301746737517533e+01 2.867464191691789864e+37 1.009319167041779961e+06
4.513564423045318108e+01 2.831964453214060019e+37 1.009307772751469980e+06
4.540029707222129218e+01 2.809316998442259808e+37 1.009298657329119975e+06
4.567272620322182775e+01 2.783663727522969859e+37 1.009289428329890012e+06
4.592260347752380767e+01 2.761860769906889903e+37 1.009281133775489987e+06
4.615545254960125021e+01 2.741785309112010098e+37 1.009273541611619992e+06
4.637860790036938852e+01 2.722462719748139865e+37 1.009266354750790051e+06
4.660364556386230106e+01 2.702511689409589827e+37 1.009259142376290052e+06
4.687056699644926994e+01 2.676602322062790223e+37 1.009250451140839956e+06
4.719811876324820332e+01 2.644366854342650041e+37 1.009239675199739984e+06
4.749307830893121718e+01 2.619859114862850003e+37 1.009230237993360031e+06
4.776312107748344715e+01 2.597846977402530049e+37 1.009221828662459971e+06
4.801260299434579792e+01 2.577728929107030189e+37 1.009214216328509967e+06
4.824715521988036926e+01 2.558858226089540157e+37 1.009207160593500012e+06
4.847690484755003126e+01 2.540091042510689949e+37 1.009200301940900041e+06
4.872164485141729529e+01 2.519184625138189926e+37 1.009192974086840055e+06
4.908050166484099464e+01 2.484397484525979929e+37 1.009181898964539985e+06
4.936823918779737141e+01 2.463064253297090137e+37 1.009173272732720012e+06
4.966707012835831847e+01 2.438275012294170226e+37 1.009164458864429966e+06
4.993976167645996611e+01 2.417522657052829810e+37 1.009156588791999966e+06
5.019221271657079342e+01 2.398571564324370062e+37 1.009149437504180009e+06
5.043297942135905032e+01 2.380412266882209900e+37 1.009142701778389979e+06
5.067304545473234612e+01 2.361958221959879942e+37 1.009136020422199974e+06
5.094084203045531467e+01 2.339977558730399791e+37 1.009128488482329994e+06
5.126192042402726656e+01 2.312108355109639981e+37 1.009119262978450046e+06
5.155026641817858035e+01 2.290419345291630060e+37 1.009111128202170017e+06
5.181772058146088966e+01 2.270463443529360112e+37 1.009103726730640046e+06
5.206899454842641717e+01 2.251882011561060140e+37 1.009096876664369949e+06
5.231412325121345930e+01 2.233626590842490098e+37 1.009090258179759956e+06
5.257053005007583124e+01 2.213955920744700216e+37 1.009083342876709998e+06
5.290429852339548233e+01 2.185707136760950025e+37 1.009074136206350056e+06
5.328980184479405580e+01 2.154917766142779900e+37 1.009063550271230051e+06
5.366044964486900426e+01 2.128833516891640007e+37 1.009053730135450023e+06
5.399453786336016492e+01 2.106926771939840030e+37 1.009045203391500050e+06
5.429820204395946348e+01 2.087398604090189926e+37 1.009037665762449964e+06
5.457775409116038645e+01 2.069606861758959977e+37 1.009030860617769998e+06
5.484048034145416750e+01 2.052884200214760066e+37 1.009024544375850004e+06
5.509804295889261994e+01 2.036200382464849921e+37 1.009018384696610039e+06
5.537118479775199376e+01 2.017733261601280012e+37 1.009011819734259974e+06
5.574052965615555877e+01 1.989781887049610116e+37 1.009002656617340050e+06
5.611154492646346625e+01 1.964646644258720071e+37 1.008993524653629982e+06
5.644714145705984265e+01 1.943715470732920023e+37 1.008985490529419971e+06
5.675268861120275687e+01 1.925065451363999898e+37 1.008978345720899990e+06
5.703642669643159024e+01 1.907875108768180080e+37 1.008971821910260012e+06
5.730682087218701781e+01 1.891473810999670085e+37 1.008965671479900018e+06
5.757811864904033428e+01 1.874646733877179986e+37 1.008959517495829961e+06
5.788311038017491228e+01 1.854496045590300075e+37 1.008952509880939964e+06
5.823630925969155214e+01 1.829910562298309895e+37 1.008944187565959990e+06
5.855702888578707643e+01 1.810041787854199914e+37 1.008936743842190015e+06
5.885315207752682909e+01 1.792030104166840085e+37 1.008929991732890019e+06
5.913415068804533803e+01 1.775019090498969981e+37 1.008923669552120031e+06
5.941230175830605731e+01 1.758049650392690071e+37 1.008917458238029969e+06
5.971671818201866699e+01 1.738654625720619979e+37 1.008910628655479988e+06
6.009793347281811293e+01 1.712696817774059996e+37 1.008901882366440026e+06
6.044245586668330361e+01 1.691891973463039918e+37 1.008894091970829992e+06
6.075831532061420148e+01 1.673309010488910004e+37 1.008887102221230045e+06
6.105463455332574085e+01 1.656181243720320065e+37 1.008880663168909959e+06
6.134260240394178254e+01 1.639622030773940086e+37 1.008874487349509960e+06
6.164241181704528572e+01 1.622040712250170001e+37 1.008868086141129956e+06
6.202175414366502082e+01 1.597935294004279993e+37 1.008859836548189982e+06
6.255774600112272310e+01 1.564012370487329962e+37 1.008848155346140033e+06
6.303566283329200814e+01 1.539739459301100047e+37 1.008838295441829949e+06
6.346568979693620349e+01 1.518715423946500103e+37 1.008829802611400024e+06
6.385453583815615275e+01 1.500255393610750002e+37 1.008822360392870032e+06
6.420906631341858883e+01 1.483736808519229921e+37 1.008815721794430050e+06
6.453798822378848854e+01 1.468541724189479895e+37 1.008809655205260031e+06
6.485218940705817658e+01 1.453950105403910097e+37 1.008803906663459959e+06
6.516716838549837121e+01 1.438983242187330021e+37 1.008798143750860007e+06
6.551923493540380150e+01 1.421151024985940024e+37 1.008791594322690042e+06
6.598761084070793004e+01 1.395129175544989961e+37 1.008782546926019946e+06
6.640874065675598104e+01 1.375175341575930038e+37 1.008774586537469993e+06
6.679272388189565390e+01 1.357434189792320115e+37 1.008767498751129955e+06
6.714772972674109042e+01 1.341340054578799955e+37 1.008761070295779966e+06
6.748439432982195285e+01 1.326166903190040029e+37 1.008755051828740048e+06
6.781698963263261248e+01 1.311038928763689939e+37 1.008749140191319981e+06
6.817391460088583699e+01 1.294197859655990035e+37 1.008742759222649969e+06
6.869370719733706210e+01 1.267160154968039918e+37 1.008733165958349942e+06
6.927641060703172116e+01 1.239507372253209951e+37 1.008722555900419946e+06
6.981869094807734655e+01 1.216713220930859984e+37 1.008713101946339943e+06
7.030846065965306479e+01 1.197124093677449995e+37 1.008704866966250003e+06
7.075391465197390062e+01 1.179700531108720090e+37 1.008697563521369942e+06
7.116327194780569698e+01 1.163910567806069943e+37 1.008690966840920039e+06
7.154685261675695074e+01 1.149153264767559904e+37 1.008684847802310018e+06
7.191812996564658533e+01 1.134737170813500071e+37 1.008678946384359966e+06
7.229752607591399283e+01 1.119620312286019938e+37 1.008672887536520022e+06
7.274027747587206250e+01 1.100667100136560076e+37 1.008665636195280007e+06
7.338648622297114343e+01 1.071221030396979976e+37 1.008654705380699947e+06
7.396886500477558002e+01 1.048785509873599981e+37 1.008645175189419999e+06
7.449915684038751351e+01 1.028904437211630037e+37 1.008636735538449953e+06
7.498675740635917464e+01 1.010980608525149953e+37 1.008629130178509979e+06
7.543966412611916894e+01 9.945137397022070250e+36 1.008622155174619984e+06
7.586955614956968930e+01 9.789112874868270356e+36 1.008615582151810057e+06
7.629235022395369015e+01 9.634396635168670327e+36 1.008609126226169989e+06
7.673670694240536250e+01 9.467570815729180286e+36 1.008602292676349985e+06
7.730110651625000173e+01 9.240348073700440547e+36 1.008593356593089993e+06
7.801536720908006828e+01 8.953534445732419845e+36 1.008581901121390052e+06
7.868374072777442052e+01 8.715389725627040382e+36 1.008571520381379989e+06
7.929840951579171815e+01 8.503756004846150293e+36 1.008562213846239960e+06
7.987159667437663302e+01 8.309147965025839609e+36 1.008553670816009981e+06
8.041136329155233398e+01 8.127680649718509775e+36 1.008545702668449958e+06
8.092964559503343480e+01 7.954286911353569983e+36 1.008538091388090048e+06
8.144679305595491314e+01 7.780593545974760558e+36 1.008530498008999974e+06
8.199811242724899785e+01 7.592537403959210059e+36 1.008522350335030002e+06
8.273033014654902217e+01 7.330311378361909612e+36 1.008511258110929979e+06
8.350180537778578582e+01 7.065825077159449958e+36 1.008499602825399954e+06
8.455466705223625468e+01 6.730777367003560056e+36 1.008484284913460026e+06
8.599437008290988160e+01 6.311251895704750553e+36 1.008464332231160020e+06
8.756333624052967934e+01 5.883756095723380203e+36 1.008443314025530010e+06
8.909396232032668195e+01 5.483508969358620250e+36 1.008423175666779978e+06
9.060820921198683209e+01 5.099301837273160183e+36 1.008403450445619994e+06
9.212638071254332317e+01 4.732943651740420228e+36 1.008383993393460056e+06
9.366707848713849671e+01 4.385246821268119747e+36 1.008364751056000008e+06
