# time luminosity radius
-2.775715930163278244e+01 4.133667291323990265e+35 1.008153610237680026e+06
-1.949130135354425875e+01 4.606630808921529735e+35 1.008159342673680047e+06
-1.462470217938971473e+01 5.178596329084119673e+35 1.008170218627199996e+06
-1.438210604503183276e+01 5.211634340913190145e+35 1.008170836030279985e+06
-1.389933973766164854e+01 5.276155452707729803e+35 1.008172202264850028e+06
-1.293863478599087102e+01 5.429834282739430059e+35 1.008175582807339961e+06
-1.278390566349116853e+01 5.456058076881980284e+35 1.008176155403909972e+06
-1.247599470971545088e+01 5.510404041846109864e+35 1.008177389713259996e+06
-1.186325191170544713e+01 5.634728808315119829e+35 1.008180305812719977e+06
-1.176183685021533165e+01 5.656272869848879847e+35 1.008180807166600018e+06
-1.156002087785236654e+01 5.700522299885919752e+35 1.008181871491550002e+06
-1.115840709285112098e+01 5.798084424936219647e+35 1.008184292468879954e+06
-1.041573707417410333e+01 6.029203902566629770e+35 1.008190487166360021e+06
-9.913439025385741843e+00 6.220137802220180312e+35 1.008196123825030052e+06
-9.589893774686061079e+00 6.363190349243309643e+35 1.008200492229050025e+06
-9.348713921961461892e+00 6.482366954363629979e+35 1.008204285476060002e+06
-9.152538095371710369e+00 6.591536876704000201e+35 1.008207817245419952e+06
-8.973776462134992471e+00 6.702642090300189461e+35 1.008211492526110029e+06
-8.781488580832956359e+00 6.839037081931609682e+35 1.008216179907960002e+06
-8.764572550098819192e+00 6.851443947838810255e+35 1.008216601197900018e+06
-8.730909648937085876e+00 6.876262249518330045e+35 1.008217472856319975e+06
-8.682237054221332073e+00 6.913748527290680648e+35 1.008218791957070003e+06
-8.585378590734762838e+00 6.993645068016859783e+35 1.008221719346630038e+06
-8.483361557558964705e+00 7.085178352438610033e+35 1.008225217931439984e+06
-8.404179856192058651e+00 7.159155467110260573e+35 1.008228253396030050e+06
-8.336887984496570425e+00 7.227504791761830170e+35 1.008231135309870006e+06
-8.284950853289046790e+00 7.281889914849000467e+35 1.008233585645520012e+06
-8.233809559496876318e+00 7.338526805048309290e+35 1.008236306460789987e+06
-8.191523124278319301e+00 7.387533571185199668e+35 1.008238820498039946e+06
-8.162299550054740394e+00 7.422876608743210388e+35 1.008240712291750009e+06
-8.140224003807816189e+00 7.448285907870189515e+35 1.008242249218350044e+06
-8.122966910872492008e+00 7.470429299914979926e+35 1.008243527438299963e+06
-8.108438287901662989e+00 7.487795885820039380e+35 1.008244666749170050e+06
-8.095177028215402970e+00 7.506356401191779465e+35 1.008245768210849958e+06
-8.081021204408898484e+00 7.523648336807750439e+35 1.008247027034169994e+06
-8.060495420893857954e+00 7.549278753302250064e+35 1.008249073387110024e+06
-8.042007439082226483e+00 7.572309919738560677e+35 1.008251106951790047e+06
-8.030933229932998074e+00 7.591169112500690449e+35 1.008252462304639979e+06
-8.015187323726422619e+00 7.610520799945240477e+35 1.008254759612909984e+06
-8.000395334853237728e+00 7.635112892767029465e+35 1.008257222444440005e+06
-7.984855270180560183e+00 7.669058133448079342e+35 1.008260159715680056e+06
-7.970084119944658596e+00 7.681572685630079702e+35 1.008263215514210053e+06
-7.957932190012797946e+00 7.691599915020110231e+35 1.008265856721519958e+06
-7.946897921170602785e+00 7.711550569030510304e+35 1.008268351779849967e+06
-7.936334474514296744e+00 7.712880415781500168e+35 1.008270809055740014e+06
-7.926012797226576367e+00 7.742942398644749379e+35 1.008273391374249943e+06
-7.915299332849826897e+00 7.763003949847759539e+35 1.008276110495690024e+06
-7.903710537128063152e+00 7.777756966435570382e+35 1.008279087012259988e+06
-7.892124571324529825e+00 7.803680251513410394e+35 1.008282117842969950e+06
-7.879717548345070099e+00 7.825965610984500219e+35 1.008285718732779962e+06
-7.866319663400645368e+00 7.845384997510989304e+35 1.008289529958050000e+06
-7.852651857283490244e+00 7.925503012980170589e+35 1.008293782557929982e+06
-7.843212004048837116e+00 8.031286210891100607e+35 1.008296636239579995e+06
-7.825865765626076609e+00 8.807131924649329332e+35 1.008301822054189979e+06
-7.804723738023312762e+00 1.071861167804389983e+36 1.008308046778630000e+06
-7.779718872392550111e+00 1.842989343134700031e+36 1.008315438888589968e+06
-7.752139589621947380e+00 2.346894617052789982e+36 1.008323570799520006e+06
-7.722302843223587843e+00 3.326158836528180149e+36 1.008332519928039983e+06
-7.690555692330235615e+00 4.158206364700859991e+36 1.008342314309259993e+06
-7.658983844718022738e+00 4.605235372403540146e+36 1.008352284431430046e+06
-7.628862299428874394e+00 5.642382427197750120e+36 1.008362376396500040e+06
-7.600036502113653114e+00 5.866656679742549869e+36 1.008372302328040008e+06
-7.572551149813079974e+00 6.096536796187290015e+36 1.008382051261150045e+06
-7.545522590935433982e+00 6.329248105736309760e+36 1.008391971936829970e+06
-7.517817444539105054e+00 6.650073295220229617e+36 1.008402617927839980e+06
-7.486938139962148853e+00 6.937895138151779489e+36 1.008415021644640015e+06
-7.457686787369311787e+00 7.221868362168879632e+36 1.008427226701210020e+06
-7.429880584521015408e+00 7.499620408661939554e+36 1.008439319273469970e+06
-7.403594715793587966e+00 7.853665156664619432e+36 1.008451266656229971e+06
-7.378589031890442129e+00 8.125512705264570262e+36 1.008463079819950042e+06
-7.354942613885214087e+00 8.382307638872889469e+36 1.008474672684689984e+06
-7.332364826899720356e+00 8.628277943302910263e+36 1.008486147569410037e+06
-7.310588749314774759e+00 8.869356722987720545e+36 1.008497615508079994e+06
-7.289465156198275508e+00 9.112135343541810178e+36 1.008509143201370025e+06
-7.268776036984490929e+00 9.358351518322469735e+36 1.008520838047159952e+06
-7.248600891281967051e+00 9.607293995739910551e+36 1.008532616438589990e+06
-7.228743706658860901e+00 9.867318090642099502e+36 1.008544587722319993e+06
-7.209202911431930261e+00 1.013690279868510024e+37 1.008556778245970025e+06
-7.190112358519400004e+00 1.041333893567469977e+37 1.008569113597420044e+06
-7.171622339890745934e+00 1.069458761529480003e+37 1.008581485943339998e+06
-7.153729064513754565e+00 1.097927552348340060e+37 1.008593877693159971e+06
-7.136347880710673053e+00 1.128145022563550103e+37 1.008606331102989963e+06
-7.119514861809875583e+00 1.159445690929769899e+37 1.008618802525799954e+06
-7.103214490809477866e+00 1.192040608324140040e+37 1.008631301589000039e+06
-7.087375916951714316e+00 1.225980040737660066e+37 1.008643851883240044e+06
-7.071979864893364720e+00 1.261746812518079958e+37 1.008656415213880013e+06
-7.057011645476450212e+00 1.298676578790320072e+37 1.008668960516749998e+06
-7.042428833614394534e+00 1.336867185550860068e+37 1.008681489963760017e+06
-7.028225007936271140e+00 1.377106878428890032e+37 1.008693988216220052e+06
-7.014370515320479171e+00 1.417485811212770071e+37 1.008706439733110019e+06
-7.000832243589684367e+00 1.458031013256219913e+37 1.008718863708160003e+06
-6.987564529983501416e+00 1.496960029519510009e+37 1.008731270973169943e+06
-6.974543268399429508e+00 1.538381787934010068e+37 1.008743673302449984e+06
-6.961742710333055584e+00 1.579229994859280104e+37 1.008756075537060038e+06
-6.949196179451973876e+00 1.614465652964039942e+37 1.008768408467379981e+06
-6.936758775911584962e+00 1.651626541649240015e+37 1.008780804532220005e+06
-6.924506293580634519e+00 1.689294450668649904e+37 1.008793167598919943e+06
-6.912325567325751763e+00 1.727296823254340108e+37 1.008805608347820002e+06
-6.900218406339263311e+00 1.764742672265230009e+37 1.008818098417819943e+06
-6.888462817256367998e+00 1.799756821016489964e+37 1.008830339599209954e+06
-6.877199689490225865e+00 1.830093925712549991e+37 1.008842149900779943e+06
-6.866378139249718515e+00 1.888655239134739976e+37 1.008853582850820036e+06
-6.855961320725327823e+00 1.915030595682799893e+37 1.008864627619970008e+06
-6.845869454700732604e+00 1.957011215047930107e+37 1.008875381867159973e+06
-6.836045916199509520e+00 1.980391108337759936e+37 1.008885874374810024e+06
-6.826473181336041307e+00 2.018144317353020054e+37 1.008896135446929955e+06
-6.817191668658779236e+00 2.040398898569070027e+37 1.008906100848729955e+06
-6.808270419354812475e+00 2.074800743776649891e+37 1.008915703631739947e+06
-6.799517949159053387e+00 2.104397838022039910e+37 1.008925144309710013e+06
-6.790496759171219310e+00 2.146071971448760151e+37 1.008934887922959984e+06
-6.781507091687672073e+00 2.183905818046879834e+37 1.008944603813380003e+06
-6.772280505596427247e+00 2.223379078076159824e+37 1.008954582357160049e+06
-6.763095165792037733e+00 2.281307900471600224e+37 1.008964519134750008e+06
-6.754390977337607183e+00 2.320619861567040063e+37 1.008973937663989956e+06
-6.745913617869518930e+00 2.364232732088119843e+37 1.008983113930030027e+06
-6.737111768452450633e+00 2.419088105184610103e+37 1.008992638128589955e+06
-6.727710834933532169e+00 2.474678466416750170e+37 1.009002815387430019e+06
-6.718385649281117367e+00 2.518014344138149916e+37 1.009012901237720042e+06
-6.707791479257139144e+00 2.548723228876430020e+37 1.009024341871910030e+06
-6.696499800480523845e+00 2.606765391794079855e+37 1.009036518763659988e+06
-6.684613803776301211e+00 2.671123407573580030e+37 1.009049311849139980e+06
-6.671375570058444282e+00 2.746851569346449890e+37 1.009063538118439959e+06
-6.657228019226749893e+00 2.808507082744329775e+37 1.009078690747670014e+06
-6.641809252618259052e+00 2.877863479314839853e+37 1.009095124541630037e+06
-6.623893732732540229e+00 2.971877107828279841e+37 1.009114129770959960e+06
-6.602893389015662251e+00 3.069289816652829868e+37 1.009136241984409979e+06
-6.579426239673921373e+00 3.188079676407090051e+37 1.009160711679029977e+06
-6.555343412408547010e+00 3.313761754278180235e+37 1.009185564527419978e+06
-6.530755701955058612e+00 3.445010029840469926e+37 1.009210684122230043e+06
-6.504530207745119696e+00 3.587143333552340124e+37 1.009237201216820045e+06
-6.475296647116920212e+00 3.757669530079079869e+37 1.009266416011819965e+06
-6.442625899533595657e+00 3.939228749827999776e+37 1.009298623716659960e+06
-6.409741305720672244e+00 4.123197936792459818e+37 1.009330556943319971e+06
-6.375772406168835005e+00 4.313157195488459627e+37 1.009363020427549956e+06
-6.339914843643782660e+00 4.512286325411810053e+37 1.009396693546770024e+06
-6.301228767697466537e+00 4.724484046917330248e+37 1.009432290955999983e+06
-6.258512398741004290e+00 4.954438599261799653e+37 1.009470643093580031e+06
-6.210144909440714400e+00 5.215432625279879833e+37 1.009512814110659994e+06
-6.159183417290478246e+00 5.467221260972569677e+37 1.009555730948859942e+06
-6.112733946894877590e+00 5.696762151376289562e+37 1.009593490461149951e+06
-6.068276391131803393e+00 5.908589124759110205e+37 1.009628407071350026e+06
-6.024511628966138232e+00 6.109177897774330128e+37 1.009661571285489947e+06
-5.980510090172174387e+00 6.302838542151150139e+37 1.009693697595249978e+06
-5.935471331558801467e+00 6.522081323858350114e+37 1.009725289504510001e+06
-5.888606909167720005e+00 6.697365016290979536e+37 1.009756780943750055e+06
-5.839045883156359196e+00 6.869454800849390000e+37 1.009788571649760008e+06
-5.785724424124055076e+00 7.060674071229219599e+37 1.009821036689769942e+06
-5.727273031614458887e+00 7.256431886351760188e+37 1.009854600952990004e+06
-5.661813563063333277e+00 7.458849267970919792e+37 1.009889737572400016e+06
-5.586659301930922084e+00 7.670143883488490336e+37 1.009927025906200055e+06
-5.510186842235270888e+00 7.866569503917499809e+37 1.009961924546240014e+06
-5.434519251022720709e+00 8.042921114970470249e+37 1.009993695808609948e+06
-5.362097697641729610e+00 8.233544944003609731e+37 1.010021755742840003e+06
-5.290636473488120828e+00 8.334788498392590222e+37 1.010047371635930031e+06
-5.218661744176642969e+00 8.461497584042430283e+37 1.010071212682449957e+06
-5.144978403503046138e+00 8.600782808328640392e+37 1.010092778632550035e+06
-5.068439373440924101e+00 8.693344845425070647e+37 1.010113720147129963e+06
-4.987843511953542475e+00 8.803326061584310011e+37 1.010134239818830043e+06
-4.901770681459311163e+00 8.913120411032019109e+37 1.010154248442600016e+06
-4.808463532914174721e+00 9.032633798833400706e+37 1.010174397734189988e+06
-4.705584244708006736e+00 9.137757168047140501e+37 1.010195091810210026e+06
-4.589949549103039317e+00 9.262244709324390459e+37 1.010216901703019976e+06
-4.457058067699108506e+00 9.401197588367019997e+37 1.010240732743870001e+06
-4.300328467663348420e+00 9.551646597891109697e+37 1.010268061691100011e+06
-4.154759763765468961e+00 9.735111636693230316e+37 1.010293477618089993e+06
-4.015839572948607383e+00 9.889703746843950078e+37 1.010318378370890045e+06
-3.879336247329774778e+00 1.007254160421909970e+38 1.010343716241459944e+06
-3.742554069795005489e+00 1.026326110209820070e+38 1.010370173938899999e+06
-3.603453053008706775e+00 1.045422309504120047e+38 1.010398278450889979e+06
-3.460310415244748583e+00 1.067627850028770080e+38 1.010428499981899979e+06
-3.311515241235611029e+00 1.090903435744550048e+38 1.010461235036269994e+06
-3.155247934413637267e+00 1.116153873988490050e+38 1.010496929195909994e+06
-2.989582115886150859e+00 1.143851266105380049e+38 1.010535939032049966e+06
-2.812059569801931502e+00 1.173852888580139932e+38 1.010578665367729962e+06
-2.619645702550769784e+00 1.206569129676990028e+38 1.010625365872269962e+06
-2.408366035921062576e+00 1.241180054604129928e+38 1.010676292440469959e+06
-2.172913530477671884e+00 1.278717423959090042e+38 1.010731299243340036e+06
-1.905998314919997938e+00 1.316855717255319969e+38 1.010789837179700029e+06
-1.648998592419957276e+00 1.351792184537870059e+38 1.010841508974549943e+06
-1.407447999212308787e+00 1.381223390850670019e+38 1.010885007297610049e+06
-1.173278625003149500e+00 1.405413833533260077e+38 1.010914404385130038e+06
-9.416428899385209661e-01 1.425149847161359959e+38 1.010941450044670026e+06
-7.089505528201698326e-01 1.440901873591999964e+38 1.010955331347089959e+06
-4.721694251638837159e-01 1.451518094558350038e+38 1.010967394097139942e+06
-2.284003612221567892e-01 1.457657499739550041e+38 1.010974483296349994e+06
0.000000000000000000e+00 1.460123067715229982e+38 1.010975228942250018e+06
2.071957609550736379e-01 1.459373796182930047e+38 1.010970872006490012e+06
3.949914640979841352e-01 1.456161556203669918e+38 1.010962900581400027e+06
5.650978986777772661e-01 1.451268091666529935e+38 1.010952461509860004e+06
7.192693206779949833e-01 1.445353567315290013e+38 1.010940464795739972e+06
8.583270730960066430e-01 1.438886403073589981e+38 1.010927677961220033e+06
9.844535345582698938e-01 1.432083585569499906e+38 1.010914539855589974e+06
1.097812100138980895e+00 1.425343474835479937e+38 1.010901548854870023e+06
1.200200209292233922e+00 1.418704641428680068e+38 1.010888901811640011e+06
1.292097495068446733e+00 1.412354416688550030e+38 1.010876844683720032e+06
1.374462982486875262e+00 1.406358862109770075e+38 1.010865499568240019e+06
1.447951471920532640e+00 1.400785405165299995e+38 1.010854969666989986e+06
1.513271681447804440e+00 1.395661321918750030e+38 1.010845302634870051e+06
1.571102175799751421e+00 1.390997353289429982e+38 1.010836512719720020e+06
1.622272576787509024e+00 1.386769915281620067e+38 1.010828560677620000e+06
1.667701546812168090e+00 1.382934633406820023e+38 1.010821367558290018e+06
1.708534326728113228e+00 1.379411417714289984e+38 1.010814797318569967e+06
1.746408246388455154e+00 1.376058027621009997e+38 1.010808613574789953e+06
1.784135094712837599e+00 1.372594965457099929e+38 1.010802360182409990e+06
1.834133340620610397e+00 1.367596523673310078e+38 1.010793898473419948e+06
1.912753751694253879e+00 1.359295538294219910e+38 1.010780164916989976e+06
2.005499280785443261e+00 1.349727486526189922e+38 1.010763383665130008e+06
2.113227858812024351e+00 1.338294128532039911e+38 1.010743312695599976e+06
2.244649936743371654e+00 1.323785104392320030e+38 1.010718109973359969e+06
2.408061653786717216e+00 1.305210717908050006e+38 1.010685899319930002e+06
2.615250905957509531e+00 1.281142884769010018e+38 1.010644159998720046e+06
2.845309855569212232e+00 1.254793105418839968e+38 1.010597396963870036e+06
3.069788735949259717e+00 1.229701703068460075e+38 1.010551945132700028e+06
3.272612238415604224e+00 1.207496756335790047e+38 1.010511353908719961e+06
3.453902015877247322e+00 1.187852223306339909e+38 1.010475600709600025e+06
3.617156719345075544e+00 1.170308097681979983e+38 1.010443904457270051e+06
3.762946449976880103e+00 1.154846971308659926e+38 1.010416034152689972e+06
3.893907374753325712e+00 1.141137674100719936e+38 1.010391371446770034e+06
4.010680580649932381e+00 1.129085495579719942e+38 1.010369643713740050e+06
4.115105590957682580e+00 1.118425408850680042e+38 1.010350467683200026e+06
4.207946553135116119e+00 1.109056629116740087e+38 1.010333628991479985e+06
4.290256016989587806e+00 1.100836091424749985e+38 1.010318872259950032e+06
4.363027682480606018e+00 1.093637846203109930e+38 1.010305963033449952e+06
4.427338930887344759e+00 1.087330295579540069e+38 1.010294665052919998e+06
4.484438084968132898e+00 1.081768812812279974e+38 1.010284721940009971e+06
4.535993206893181195e+00 1.076769197336100066e+38 1.010275814472269965e+06
4.584864588188793277e+00 1.072025505424210082e+38 1.010267430920409970e+06
4.638541812146286247e+00 1.066742543816110012e+38 1.010258273475629976e+06
4.745359487824316602e+00 1.055687226954070088e+38 1.010240273169480031e+06
4.877642914194439072e+00 1.042658238856069971e+38 1.010218265197849949e+06
5.025992819671955658e+00 1.028496000720789906e+38 1.010194132467470015e+06
5.208174144969234476e+00 1.011446278072260049e+38 1.010165410617329995e+06
5.417794157030584756e+00 9.927738084382150059e+37 1.010133636201880057e+06
5.650958371803426417e+00 9.731641625029249110e+37 1.010099981818779954e+06
5.907844351229869062e+00 9.529032759038570596e+37 1.010064995962869958e+06
6.133580375997553347e+00 9.367771792551049914e+37 1.010035899465869996e+06
6.335475713472987991e+00 9.231370537210669495e+37 1.010011202924299985e+06
6.514934152652131161e+00 9.116099300384489125e+37 1.009990227716829977e+06
6.675583300257130759e+00 9.017144526384590196e+37 1.009972195860109990e+06
6.818477218515909044e+00 8.932517408947429992e+37 1.009956714146060054e+06
6.946176953370013507e+00 8.859373202851139615e+37 1.009943305915610050e+06
7.059874713981116656e+00 8.796246689128800895e+37 1.009931692993149976e+06
7.160926165681303246e+00 8.741676144993550519e+37 1.009921620855269954e+06
7.250507516098878114e+00 8.694491043053099066e+37 1.009912881835330045e+06
7.329826615881756879e+00 8.653620897007889909e+37 1.009905288953230018e+06
7.400189289986883523e+00 8.618047221311699543e+37 1.009898664417359978e+06
7.463229469220095780e+00 8.586658958730250330e+37 1.009892814456850057e+06
7.521800702834298136e+00 8.557749407047799079e+37 1.009887447807929944e+06
7.582439010333473561e+00 8.527673728566639190e+37 1.009881944474390009e+06
7.703109242254868150e+00 8.463080775938619645e+37 1.009871168449399993e+06
7.840111694753431948e+00 8.393968785583379783e+37 1.009859107792890049e+06
8.017821334284235490e+00 8.305660387171870125e+37 1.009843933926349971e+06
8.212717963255272480e+00 8.215575177003739911e+37 1.009827877379550016e+06
8.430388172637321986e+00 8.120908507666940390e+37 1.009810758051629993e+06
8.676068967608443927e+00 8.021133235136589673e+37 1.009792458759599947e+06
8.957506233185995370e+00 7.915384620393499531e+37 1.009772782879699953e+06
9.290260046920593595e+00 7.800779405151559886e+37 1.009751178640690050e+06
9.698265782692033099e+00 7.673970841014619722e+37 1.009726897365969955e+06
1.022013813674857374e+01 7.530525719984620098e+37 1.009698886116710026e+06
1.094876241558085894e+01 7.355913524270510220e+37 1.009664395917430054e+06
1.186328718715958530e+01 7.180724708265859784e+37 1.009626944867499988e+06
1.281332820251191151e+01 7.038749506577490443e+37 1.009592177828490036e+06
1.366512224555845023e+01 6.935922781334519783e+37 1.009563407718249946e+06
1.443126278881754843e+01 6.846664879029649835e+37 1.009538663847910007e+06
1.511772557595031685e+01 6.767104251590880200e+37 1.009517112676869961e+06
1.573128448958595982e+01 6.696714043710259771e+37 1.009498240501089953e+06
1.627835905744359479e+01 6.634369189927540405e+37 1.009481673704829998e+06
1.676534097735202522e+01 6.578807482341920079e+37 1.009467156264259946e+06
1.719847956954981782e+01 6.529328968925429803e+37 1.009454391492289957e+06
1.758384031289097038e+01 6.485255499090020317e+37 1.009443136671729968e+06
1.792711797670926899e+01 6.445841091866790425e+37 1.009433188284580014e+06
1.823362101646853262e+01 6.410446960060710324e+37 1.009424356767390040e+06
1.850813991603718023e+01 6.378543511840259765e+37 1.009416481609910028e+06
1.875478035003106925e+01 6.349661723113040219e+37 1.009409429647719953e+06
1.897684004891561926e+01 6.323478427277979887e+37 1.009403095464900020e+06
1.917737804891658016e+01 6.299650881191700144e+37 1.009397385531630018e+06
1.935839629407564644e+01 6.278043516454039662e+37 1.009392237804020057e+06
1.952185465273214504e+01 6.258441377047540319e+37 1.009387594756799983e+06
1.966940448549576104e+01 6.240676182760319866e+37 1.009383407853560057e+06
1.980258888101525372e+01 6.224576057826959827e+37 1.009379630005010054e+06
1.992337795468483819e+01 6.209853135043930047e+37 1.009376203256290057e+06
2.003547392348991707e+01 6.195858249123970318e+37 1.009373015847939998e+06
2.014784313689960982e+01 6.180836247098819931e+37 1.009369788487670012e+06
2.032086802133198944e+01 6.150888066115879999e+37 1.009364629726339947e+06
2.051703420428384561e+01 6.118893443080969698e+37 1.009358633705119952e+06
2.073590375432104338e+01 6.083961602223310095e+37 1.009351928582160035e+06
2.098662377875007223e+01 6.044168437338790219e+37 1.009344299182359944e+06
2.126275484094367130e+01 6.002229536481529795e+37 1.009336022059069946e+06
2.150882313789043110e+01 5.970714687467809715e+37 1.009328837046609959e+06
2.173207071422075387e+01 5.942740195264140007e+37 1.009322471047000028e+06
2.193415979966084706e+01 5.917608414659569758e+37 1.009316792248600046e+06
2.211709271815198008e+01 5.894873273860560382e+37 1.009311699644200038e+06
2.228274406487253145e+01 5.874263582470900012e+37 1.009307116841270006e+06
2.243279090382202412e+01 5.855570165223200133e+37 1.009302982682990027e+06
2.256923382347667939e+01 5.838490334647579568e+37 1.009299233335940051e+06
2.269602031533577247e+01 5.822305195476030302e+37 1.009295748326450004e+06
2.282208088472179952e+01 5.805259530528159884e+37 1.009292258028349956e+06
2.299997962321140221e+01 5.775460054173970343e+37 1.009287166597379954e+06
2.320911199634429067e+01 5.741412223558230167e+37 1.009281057285169954e+06
2.343824110066634603e+01 5.705857513801340362e+37 1.009274374277689960e+06
2.370349904476097436e+01 5.664641175047740178e+37 1.009266717458290048e+06
2.401335205719078658e+01 5.617626710780260148e+37 1.009257924961979967e+06
2.432385738896118710e+01 5.575941558527939730e+37 1.009249362349370029e+06
2.460409456512570614e+01 5.542234705295100446e+37 1.009241868300250033e+06
2.485753920817660401e+01 5.512234274317169572e+37 1.009235232211780036e+06
2.508741171246947488e+01 5.484989870207100240e+37 1.009229285042049945e+06
2.529616063077992294e+01 5.460175780725089844e+37 1.009223921335460036e+06
2.548590207216329873e+01 5.437562196178460210e+37 1.009219066700340016e+06
2.565855397659834125e+01 5.416931693817020359e+37 1.009214662717569969e+06
2.581606645893043606e+01 5.398031248966290355e+37 1.009210650173409958e+06
2.596278430759775802e+01 5.380079246475130115e+37 1.009206910325909965e+06
2.610697128497122321e+01 5.361560669777339964e+37 1.009203208376909955e+06
2.629160531646630261e+01 5.333256819174029818e+37 1.009198318171099992e+06
2.652961384700029157e+01 5.295326189727330116e+37 1.009191864350660006e+06
2.677230992861950654e+01 5.261230585123860215e+37 1.009185321281129960e+06
2.704102036287076771e+01 5.222980085946499544e+37 1.009178173764270032e+06
2.728362643580476288e+01 5.193202477145450222e+37 1.009171864833730040e+06
2.750541497516678646e+01 5.166423513195429869e+37 1.009166211435270030e+06
2.770747910524369217e+01 5.142189578085880344e+37 1.009161123654169962e+06
2.789191726428180118e+01 5.120059964476319969e+37 1.009156516765940003e+06
2.806096353321117931e+01 5.099694505061889592e+37 1.009152311967669986e+06
2.821957535103865666e+01 5.080207730440789869e+37 1.009148371690870030e+06
2.837823913583997637e+01 5.059642843550039984e+37 1.009144399226909969e+06
2.860244334222807083e+01 5.024164543028910129e+37 1.009138589629719965e+06
2.882809837759850780e+01 4.993009897056039652e+37 1.009132712846909999e+06
2.903456172662117751e+01 4.966886185292870265e+37 1.009127414502679952e+06
2.922275665452252724e+01 4.943562208186560250e+37 1.009122653433920001e+06
2.939697938165409141e+01 4.921860376345739993e+37 1.009118287815390038e+06
2.956170119978560251e+01 4.901046782795190305e+37 1.009114178934650030e+06
2.973152189977190574e+01 4.878204829606080078e+37 1.009109912868440035e+06
3.004188069298834307e+01 4.824986770808950160e+37 1.009101814644229948e+06
3.027987252139064367e+01 4.798692857259980442e+37 1.009095776396180037e+06
3.057474802775323042e+01 4.756720699585669733e+37 1.009088417339090025e+06
3.084162588253457216e+01 4.725213662811069572e+37 1.009081915837149951e+06
3.108525180233846186e+01 4.697233364947329685e+37 1.009076123618699959e+06
3.130798586299351882e+01 4.671933285961790317e+37 1.009070913460289943e+06
3.151227671496963012e+01 4.648854939584449733e+37 1.009066188688230002e+06
3.170092542496058741e+01 4.627561800226719947e+37 1.009061858707580017e+06
3.187988665948796552e+01 4.607022401388690069e+37 1.009057764581679949e+06
3.206377347751185880e+01 4.584599169453039560e+37 1.009053524400640046e+06
3.237718952546856599e+01 4.536297016219690130e+37 1.009046008630419965e+06
3.262570011041680118e+01 4.510989708556170469e+37 1.009040215560329962e+06
3.293514966167640523e+01 4.470566379794330071e+37 1.009033091150199994e+06
3.328029863463234506e+01 4.428707435868649626e+37 1.009025280910820002e+06
3.359287810731257196e+01 4.396899954155999614e+37 1.009018450962219969e+06
3.387725826312816935e+01 4.368442799648920286e+37 1.009012383432429982e+06
3.413737380743623362e+01 4.342349331919680206e+37 1.009006904904479976e+06
3.437608162484684726e+01 4.318345983828929800e+37 1.009001913599789958e+06
3.459609349028323777e+01 4.296152363596110031e+37 1.008997333449849975e+06
3.480106510957921273e+01 4.275283383892039781e+37 1.008993073113000020e+06
3.499857593886554241e+01 4.254566522691189592e+37 1.008988956136110006e+06
3.521185908017650945e+01 4.229987039857160198e+37 1.008984422003460000e+06
3.551072762002877425e+01 4.190255113211119879e+37 1.008977867312259972e+06
3.577911182857860695e+01 4.162497972174479955e+37 1.008972081257440033e+06
3.602639591730257962e+01 4.137104072497810208e+37 1.008966853938259999e+06
3.625504911036478006e+01 4.113604545014110023e+37 1.008962075273129973e+06
3.646920987394332769e+01 4.091372909680800034e+37 1.008957623695670045e+06
3.667640385538470582e+01 4.069291826018310134e+37 1.008953314488500007e+06
3.690199166471575154e+01 4.042981839798719833e+37 1.008948538799999980e+06
3.715461370699631516e+01 4.012479343047150139e+37 1.008943101278519956e+06
3.738661915759075782e+01 3.987655553976209901e+37 1.008938151803179993e+06
3.760461615303938743e+01 3.964307351644519793e+37 1.008933550621549948e+06
3.781729975280904910e+01 3.940981533620139878e+37 1.008929077490000054e+06
3.805505661682400387e+01 3.912427621536739974e+37 1.008924000599339954e+06
3.833355463708721800e+01 3.877955046765430149e+37 1.008917987842360046e+06
3.858874923515395494e+01 3.850862526519560229e+37 1.008912577380519942e+06
3.882612863825852401e+01 3.826006018204550162e+37 1.008907638280140003e+06
3.904994569774498814e+01 3.802568695312159908e+37 1.008903036076970049e+06
3.927088435088080587e+01 3.778837917749969927e+37 1.008898511487400043e+06
3.952993431992945261e+01 3.747946908280320093e+37 1.008893111044980003e+06
3.988037179519596975e+01 3.704140074090580001e+37 1.008885746850669966e+06
4.019431918431291706e+01 3.673624034077139815e+37 1.008879383392450050e+06
4.048355396962870145e+01 3.645735641153419963e+37 1.008873682132020011e+06
4.075050616351290955e+01 3.620154148647069773e+37 1.008868504877740052e+06
4.099770101843023440e+01 3.596578001778220080e+37 1.008863762832649983e+06
4.123266708856317564e+01 3.573859359140200190e+37 1.008859276916999952e+06
4.146707680196777801e+01 3.550451560364809947e+37 1.008854792190399952e+06
4.174940383388820919e+01 3.518728680262899978e+37 1.008849250611479976e+06
4.202784107226761989e+01 3.490353030446119873e+37 1.008843792750259978e+06
4.228578658509286470e+01 3.465415120500310078e+37 1.008838808075190056e+06
4.252913356991848559e+01 3.441820834523340206e+37 1.008834154896880034e+06
4.276843002642999636e+01 3.418047860215389792e+37 1.008829591173160006e+06
4.303732068909812369e+01 3.388931550843680178e+37 1.008824375887610018e+06
4.333530375734335394e+01 3.356649609660379912e+37 1.008818546611509984e+06
4.360950190342919086e+01 3.330308155329790149e+37 1.008813277928379946e+06
4.360952750615615514e+01 3.348922453328149802e+37 1.009331875639130012e+06
4.360953572528524091e+01 3.349009088018170152e+37 1.009335625035759993e+06
4.360955208135055727e+01 3.348925362580839898e+37 1.009334890299730003e+06
4.360957533051259816e+01 3.348938738599659859e+37 1.009335827254959964e+06
4.360960255086683901e+01 3.348936584764749996e+37 1.009337018090049969e+06
4.360963470959177357e+01 3.348935931601169768e+37 1.009338363474639948e+06
4.360967289275504299e+01 3.348935481133669965e+37 1.009339896525830030e+06
4.360971834152587689e+01 3.348934996189839939e+37 1.009341624954410014e+06
4.360977308330984670e+01 3.348934492471440102e+37 1.009343563837670023e+06
4.360983999648306053e+01 3.348933990001980113e+37 1.009345743563520024e+06
4.360992267645269749e+01 3.348933536280220120e+37 1.009348164221070008e+06
4.361002692049805773e+01 3.348933193119740068e+37 1.009350826336830040e+06
4.361014540397445671e+01 3.348933324456849870e+37 1.009353381679020007e+06
4.361026766659779241e+01 3.348933977955449889e+37 1.009355597382950014e+06
4.361039459635867388e+01 3.348934903108939774e+37 1.009357488454599981e+06
4.361052984128036769e+01 3.348936067510829921e+37 1.009359144029089948e+06
4.361067409943279927e+01 3.348937551884120093e+37 1.009360556658730027e+06
4.361083286126086023e+01 3.348939325981669983e+37 1.009361778308899957e+06
4.361101136018260149e+01 3.348941491875340055e+37 1.009362828375829966e+06
4.361121874111267971e+01 3.348944130438119985e+37 1.009363745428879978e+06
4.361146494248532690e+01 3.348947415119999974e+37 1.009364490524159977e+06
4.361179215049924096e+01 3.348951402724439859e+37 1.009365130048359977e+06
4.361226352014273289e+01 3.348956776192030174e+37 1.009365651722889976e+06
4.361309059515406261e+01 3.348963877729059989e+37 1.009366098155310028e+06
4.361473647442471702e+01 3.348973428090519980e+37 1.009366662111190031e+06
4.361801177417146391e+01 3.348961902463239901e+37 1.009368106245439965e+06
4.362452962066527107e+01 3.348515775319860023e+37 1.009372277846049983e+06
4.363750013518802007e+01 3.344609189605370036e+37 1.009382951062879991e+06
4.366331145908407052e+01 3.327475749298469955e+37 1.009405407712019980e+06
4.371467599364041234e+01 3.285956108766420213e+37 1.009442390048649977e+06
4.381689141740571358e+01 3.225599212206819892e+37 1.009488768200870021e+06
4.400804555810827878e+01 3.171096010119400007e+37 1.009530336692449986e+06
4.425950905964054982e+01 3.142003913289090205e+37 1.009553057178340037e+06
4.454276332756853662e+01 3.125976000375640221e+37 1.009561577178659965e+06
4.482190738659846829e+01 3.114472725688350030e+37 1.009562208655160037e+06
4.508163799853355158e+01 3.103839852328949931e+37 1.009559243091520038e+06
4.533196457688973169e+01 3.091734770033109940e+37 1.009554410604099976e+06
4.558991680529652513e+01 3.076703169500169798e+37 1.009548027822799981e+06
4.589038869094656548e+01 3.055114302536329790e+37 1.009539176729029976e+06
4.616714965129722259e+01 3.037010145940199998e+37 1.009530429650129983e+06
4.642766578110968112e+01 3.019088705783049922e+37 1.009521877979089972e+06
4.668203655654360773e+01 3.000522417087110228e+37 1.009513288636010024e+06
4.695582503334298963e+01 2.978466348957790183e+37 1.009503720195460017e+06
4.726262309832964092e+01 2.952132872222980023e+37 1.009492618364399998e+06
4.754565293644191115e+01 2.930282231641659902e+37 1.009482389657670050e+06
4.781167204389566905e+01 2.909598106023610219e+37 1.009472835332670016e+06
4.807132993577397428e+01 2.888876655388839895e+37 1.009463534699670039e+06
4.834835231147008017e+01 2.865371876044889858e+37 1.009453531426450005e+06
4.866532504698261619e+01 2.836872329761589787e+37 1.009441882636249997e+06
4.895685055293142796e+01 2.813655776491769903e+37 1.009431318234369974e+06
4.922993750673049362e+01 2.792019077094969958e+37 1.009421579023130005e+06
4.949502779764952720e+01 2.770707912084200000e+37 1.009412222341120010e+06
4.977193644923681859e+01 2.747537373616779885e+37 1.009402459010869963e+06
5.008609203048035852e+01 2.719709521620360001e+37 1.009391248381069978e+06
5.037590256795374444e+01 2.696546145220689982e+37 1.009381037800290040e+06
5.064977532431657892e+01 2.674678030709659833e+37 1.009371530086979968e+06
5.091959215126917115e+01 2.652831494729990062e+37 1.009362251437289990e+06
5.121447773085310473e+01 2.627640190366719948e+37 1.009352079879999976e+06
5.151799234057034482e+01 2.601927911946069850e+37 1.009341575803659973e+06
5.180210934995193384e+01 2.579228430320560052e+37 1.009331879279799992e+06
5.207605624895586516e+01 2.557384326888329999e+37 1.009322657635419979e+06
5.235770282112935092e+01 2.534412189646119776e+37 1.009313241392230033e+06
5.271530993941269116e+01 2.502471808241710072e+37 1.009301118455669959e+06
5.305685256770448177e+01 2.475727762756230060e+37 1.009289755103509990e+06
5.337051288654402015e+01 2.452330836220549797e+37 1.009279601422389969e+06
5.366283019064212567e+01 2.430755489570529840e+37 1.009270340105180047e+06
5.394450854198294110e+01 2.409881349312460163e+37 1.009261545858960017e+06
5.423209727876746911e+01 2.388095119564370146e+37 1.009252625065780012e+06
5.458125363851286238e+01 2.359311427229110020e+37 1.009241642360319966e+06
5.490026407031473354e+01 2.335978967376419841e+37 1.009231733768459992e+06
5.519808638412723667e+01 2.314239464127719839e+37 1.009222633190179942e+06
5.548487455867143581e+01 2.293227793983519976e+37 1.009213972137260018e+06
5.577922950592255802e+01 2.271190795341169900e+37 1.009205126712440047e+06
5.612977713196596596e+01 2.243044279397720145e+37 1.009194460433310014e+06
5.645062980029251776e+01 2.219871722266150136e+37 1.009184807541830000e+06
5.675153948886509170e+01 2.198203127178590137e+37 1.009175895525509957e+06
5.704383850445083226e+01 2.177124912955190156e+37 1.009167340266110026e+06
5.734851989804519690e+01 2.154681639845449989e+37 1.009158465637190035e+06
5.770595065684756264e+01 2.126842423084550040e+37 1.009147943495420041e+06
5.803309550686390139e+01 2.103836508279059967e+37 1.009138445313569973e+06
5.833996644454964553e+01 2.082457994937390111e+37 1.009129693805370014e+06
5.863839157293841708e+01 2.061747199740169951e+37 1.009121303771240055e+06
5.895034408741412335e+01 2.039704537715530025e+37 1.009112592591949971e+06
5.935807657635814394e+01 2.008529453749119961e+37 1.009101053965399973e+06
5.973559173980902415e+01 1.983494488486300025e+37 1.009090610429759952e+06
6.008114076766651124e+01 1.961393983456699997e+37 1.009081318848539959e+06
6.040286638225370552e+01 1.941184976174259963e+37 1.009072863830139977e+06
6.071227749064564705e+01 1.921845150945210076e+37 1.009064864359520026e+06
6.102692104825109709e+01 1.901902376561940017e+37 1.009056797322839964e+06
6.140284607427383889e+01 1.876343185173909996e+37 1.009047054482470034e+06
6.176749141869004234e+01 1.853104415060509941e+37 1.009037644637690042e+06
6.210382142318485421e+01 1.832617532860379916e+37 1.009029129579980043e+06
6.242393531327252276e+01 1.813294642715659982e+37 1.009021157238680054e+06
6.274290238822140964e+01 1.793985853463769915e+37 1.009013300546720042e+06
6.309775125831583864e+01 1.771621730154099889e+37 1.009004549180479953e+06
6.349253509994741762e+01 1.746107859663260040e+37 1.008994709172609961e+06
6.385384357866132632e+01 1.725041336819080077e+37 1.008985890804619994e+06
6.419215646210795967e+01 1.705712385071529882e+37 1.008977810580119956e+06
6.451937151998208719e+01 1.687181966917630010e+37 1.008970125341100036e+06
6.485722815385815920e+01 1.667804694841519902e+37 1.008962260102179949e+06
6.527849629171396373e+01 1.641896501943090016e+37 1.008952340769349947e+06
6.576782548345363466e+01 1.612929532013859991e+37 1.008940889197640005e+06
6.620931047296107863e+01 1.590439711261899996e+37 1.008930981811980018e+06
6.661099516287868028e+01 1.570642509424359944e+37 1.008922275541560026e+06
6.698155172284896253e+01 1.552753682798699933e+37 1.008914447740460047e+06
6.733162572866422124e+01 1.535984788818399938e+37 1.008907179239129997e+06
6.767890199462999590e+01 1.519175454806209996e+37 1.008900035578639945e+06
6.805699015734353452e+01 1.500113476100610092e+37 1.008892230312759988e+06
6.857206569937989116e+01 1.471971222002210050e+37 1.008881345272919978e+06
6.903650221888528904e+01 1.450236568515729942e+37 1.008871774636690039e+06
6.946011684028053423e+01 1.431010588987799930e+37 1.008863290489790030e+06
6.985151622785633663e+01 1.413637939623400024e+37 1.008855625326680019e+06
7.022283915512525709e+01 1.397295813230400117e+37 1.008848466781320050e+06
7.059099922937093652e+01 1.380972771889240048e+37 1.008841428793280036e+06
7.099249963941474562e+01 1.362420517709050107e+37 1.008833717052830034e+06
7.156787299278948922e+01 1.333493725294710046e+37 1.008822381571620004e+06
7.208590740520958207e+01 1.311361157575730065e+37 1.008812460215019993e+06
7.255702592229499714e+01 1.291885049800230018e+37 1.008803706690400024e+06
7.298951282645430183e+01 1.274432952386590067e+37 1.008795854959880002e+06
7.339510210732260020e+01 1.258222690099869921e+37 1.008788607653809944e+06
7.378922851764218649e+01 1.242436277038660024e+37 1.008781631219350034e+06
7.419819291857493226e+01 1.225642636023009931e+37 1.008774389403220033e+06
7.470775780001713429e+01 1.202961491383959926e+37 1.008765148463889956e+06
7.523483545733688516e+01 1.180334709641150102e+37 1.008755548838260002e+06
7.571659084004204487e+01 1.161213136166149988e+37 1.008746969713710016e+06
7.616331442451337352e+01 1.143860595692190073e+37 1.008739169404110056e+06
7.659031653812780860e+01 1.127375989168220045e+37 1.008731811831729952e+06
7.701669098975980887e+01 1.110808119949100065e+37 1.008724511085649952e+06
7.748447297899838304e+01 1.091954119420459919e+37 1.008716447199749993e+06
7.809940273745451123e+01 1.065680590563270102e+37 1.008705605571329943e+06
7.865945928800647380e+01 1.044000557667609952e+37 1.008695880443720031e+06
7.917640857823062106e+01 1.024564561630290025e+37 1.008687089790369966e+06
7.965959750830370467e+01 1.006809959023800034e+37 1.008679017151969951e+06
8.012705129732057685e+01 9.897079472558230175e+36 1.008671290896279970e+06
8.060072981886332855e+01 9.722299748192080511e+36 1.008663487053159974e+06
8.113985711603527307e+01 9.514809428424920213e+36 1.008654499483210035e+06
8.183240278791708988e+01 9.235257408798499676e+36 1.008642679039580049e+06
8.246883007414726308e+01 9.006649651599480155e+36 1.008632083493290003e+06
8.306066197752079461e+01 8.799329645003969943e+36 1.008622441470579943e+06
8.361669772637469578e+01 8.607376851670159588e+36 1.008613511498349952e+06
8.415527058287261752e+01 8.422185273994150111e+36 1.008604930864759954e+06
8.470116163390775910e+01 8.233459696943559868e+36 1.008596248400739976e+06
8.530741946480338811e+01 8.019202087479109818e+36 1.008586530161520001e+06
8.615402830674429424e+01 7.705106809280419556e+36 1.008572637920420035e+06
8.694354469153768150e+01 7.446965542029489837e+36 1.008560088177139987e+06
8.768650700853322633e+01 7.207008213138460561e+36 1.008548468163709971e+06
8.839810002725425875e+01 6.979945293810750133e+36 1.008537448239529971e+06
8.908573398204316618e+01 6.766071577874730183e+36 1.008526925561449956e+06
8.977486945140117314e+01 6.552610078025300278e+36 1.008516419322300004e+06
9.050440576038454310e+01 6.326430893126410440e+36 1.008505279758219956e+06
9.141404488045009202e+01 6.042981699949229607e+36 1.008491302869249950e+06
9.246782922712736763e+01 5.724421260057480069e+36 1.008475189402819960e+06
9.359926779237139272e+01 5.407476653189250564e+36 1.008458360819180030e+06
9.471705192828812869e+01 5.110106180488620079e+36 1.008442122283100034e+06
9.583942718286562013e+01 4.825437537572450057e+36 1.008426186891079997e+06
9.697669394879631000e+01 4.550978526270530204e+36 1.008410391356899985e+06
9.816813254438966396e+01 4.279793127017760097e+36 1.008394271078060032e+06
9.945558507488021860e+01 4.005108328282280021e+36 1.008377361968080048e+06
1.009792914416211715e+02 3.704342277234959791e+36 1.008358079675939982e+06
