# time luminosity radius
-2.010879795584696694e+01 4.847104184349300332e+35 1.008163273016149993e+06
-1.940653708330137306e+01 4.899492772897089653e+35 1.008164012121379958e+06
-1.860561270923790289e+01 4.962837465688090141e+35 1.008164951512000058e+06
-1.770510564181313384e+01 5.039343566235829635e+35 1.008166150506610051e+06
-1.670523149846485467e+01 5.132104670039019648e+35 1.008167696610020008e+06
-1.561137507844250649e+01 5.246246059539219846e+35 1.008169715776819969e+06
-1.443312310288092704e+01 5.389157286731889928e+35 1.008172390427800012e+06
-1.318802862015218125e+01 5.572587631604140336e+35 1.008176051071400056e+06
-1.191445914261566941e+01 5.815029660278629765e+35 1.008181279817369999e+06
-1.180448467573296512e+01 5.837419453384249974e+35 1.008181757184110000e+06
-1.158563548663369147e+01 5.882334423312539679e+35 1.008182772243269952e+06
-1.115012560032482725e+01 5.980651769917389768e+35 1.008185070385830011e+06
-1.031229545667520142e+01 6.223445273519599742e+35 1.008191143896789989e+06
-9.742907784908311442e+00 6.426783297238159944e+35 1.008196653853139956e+06
-9.304373822924389970e+00 6.614883499749570259e+35 1.008202170229419949e+06
-8.956986496705212630e+00 6.791843217540359994e+35 1.008207632020680001e+06
-8.649500028470356483e+00 6.979445209335460734e+35 1.008213770469289972e+06
-8.494384886162151815e+00 7.082136650942329281e+35 1.008217288588989992e+06
-8.400828399691818049e+00 7.151132836598770160e+35 1.008219603550200001e+06
-8.324363568681292236e+00 7.209087893822359786e+35 1.008221640867779963e+06
-8.203318650514120236e+00 7.310624654150609943e+35 1.008225324648529990e+06
-8.097594000446406426e+00 7.407258688485899715e+35 1.008229003106769989e+06
-8.017106394891015952e+00 7.477791025636289631e+35 1.008232089198049973e+06
-7.942033917828666745e+00 7.566760088960260472e+35 1.008235347114369972e+06
-7.882867079646530328e+00 7.631611159714270470e+35 1.008238193795109983e+06
-7.877487684319930850e+00 7.638407516892470569e+35 1.008238456221570028e+06
-7.866782687618979253e+00 7.651556131344069998e+35 1.008239002142479992e+06
-7.848997625605989015e+00 7.676622265707950502e+35 1.008240005709229968e+06
-7.834352838988706935e+00 7.690064616613210337e+35 1.008241021858799970e+06
-7.831206037695665145e+00 7.695485468405429908e+35 1.008241249200909981e+06
-7.828854319195670541e+00 7.696311460127390577e+35 1.008241419622129994e+06
-7.828830523591022938e+00 7.694861447646209888e+35 1.008241424520320026e+06
-7.828796348221658263e+00 7.694901521243439819e+35 1.008241434593269951e+06
-7.828768494695395930e+00 7.694934426067409886e+35 1.008241446146250004e+06
-7.828743171932728728e+00 7.694964035823929747e+35 1.008241458040599944e+06
-7.828715666677453555e+00 7.694996243729240199e+35 1.008241471453830018e+06
-7.828690000322239939e+00 7.695026445212900515e+35 1.008241484970259946e+06
-7.828666561639693100e+00 7.695053914806849515e+35 1.008241497824799968e+06
-7.828643549397384049e+00 7.695080885330970274e+35 1.008241510688930051e+06
-7.828620024411065970e+00 7.695108499257590035e+35 1.008241524222949985e+06
-7.828596274699521018e+00 7.695136304472940683e+35 1.008241537817180040e+06
-7.828569133584096562e+00 7.695168135286269607e+35 1.008241553073149989e+06
-7.828536531589634251e+00 7.695206378804809831e+35 1.008241570589900017e+06
-7.828491001204383792e+00 7.695259852585640108e+35 1.008241592499259976e+06
-7.828456781309796497e+00 7.695300112346230639e+35 1.008241607397340005e+06
-7.828427319564070785e+00 7.695334771913600674e+35 1.008241618481729995e+06
-7.828397976511041634e+00 7.695369371995979407e+35 1.008241627806270029e+06
-7.828365960816881852e+00 7.695407187838970026e+35 1.008241636287570000e+06
-7.828328280415007612e+00 7.695451737533170022e+35 1.008241644608009956e+06
-7.828280794550664723e+00 7.695507903809810105e+35 1.008241653286620043e+06
-7.828212354437710019e+00 7.695588887757410500e+35 1.008241663612980046e+06
-7.828081640127493301e+00 7.695743596834400698e+35 1.008241680753670051e+06
-7.827821518651035149e+00 7.696051511802679608e+35 1.008241714641500032e+06
-7.827303876911173575e+00 7.696664670387270148e+35 1.008241776551709976e+06
-7.826273769849649398e+00 7.691466477615049568e+35 1.008241886819640058e+06
-7.824410001088835998e+00 7.700473635185880725e+35 1.008242058548939996e+06
-7.822112637368263677e+00 7.703754046554710326e+35 1.008242243575509987e+06
-7.819469993039092515e+00 7.707243020848930138e+35 1.008242443313939963e+06
-7.816126367255492369e+00 7.711327602755789588e+35 1.008242687200180022e+06
-7.811795562774932478e+00 7.716250023869279612e+35 1.008242999890379957e+06
-7.806193191598140402e+00 7.724405670204599809e+35 1.008243406061540009e+06
-7.798884858639212325e+00 7.732260631189659320e+35 1.008243942706229980e+06
-7.789056964058545418e+00 7.747592575567290278e+35 1.008244682618760038e+06
-7.775883789967338089e+00 7.761609428919190366e+35 1.008245714014000027e+06
-7.758401921342738206e+00 7.783696227424030072e+35 1.008247173557020025e+06
-7.738877751871768851e+00 7.812257171570050040e+35 1.008248937643480022e+06
-7.723908138927072287e+00 7.830564298964529940e+35 1.008250376262480044e+06
-7.710568768936354900e+00 7.850111288929409894e+35 1.008251742604810046e+06
-7.698863130746758543e+00 7.863994753325870000e+35 1.008253021044149995e+06
-7.687219127106800443e+00 7.888459617443619988e+35 1.008254383565459982e+06
-7.673156561635551043e+00 7.902930616116910107e+35 1.008256235782730044e+06
-7.655973296528827632e+00 7.835077831331119462e+35 1.008258952250609989e+06
-7.640526190680247964e+00 7.949348075800139849e+35 1.008261721742130001e+06
-7.625659747434838209e+00 7.985105793979890063e+35 1.008264674131699954e+06
-7.612262742062739562e+00 7.985531780128130672e+35 1.008267585907720029e+06
-7.600733754508837592e+00 8.008346839418050622e+35 1.008270228813500027e+06
-7.590189266629749909e+00 8.030239171992559406e+35 1.008272735155159957e+06
-7.579802053616731428e+00 8.043120802529789792e+35 1.008275314323069993e+06
-7.569199272787955124e+00 8.043871881255100580e+35 1.008278092252049944e+06
-7.558312900160672143e+00 8.060319685724080484e+35 1.008280944296409958e+06
-7.546854433148837416e+00 8.092153593418930312e+35 1.008283968706490006e+06
-7.534677918763918569e+00 8.116543622668279696e+35 1.008287355754839955e+06
-7.522175953919941094e+00 8.147748140062590606e+35 1.008290839668289991e+06
-7.508014686292881379e+00 8.173012217287149955e+35 1.008294831009429996e+06
-7.492567732351744780e+00 8.231814340676299658e+35 1.008299255415010033e+06
-7.475605528397863964e+00 8.344419809436530056e+35 1.008304196300589945e+06
-7.457088078310334822e+00 8.719749959886270668e+35 1.008309766305660014e+06
-7.437136977605405264e+00 9.402648650245590164e+35 1.008315947262680042e+06
-7.415962858693092130e+00 1.227003454712610023e+36 1.008323110011329991e+06
-7.396925124881818192e+00 1.867203666196580042e+36 1.008329689035280026e+06
-7.374202732753474265e+00 2.855489357283970075e+36 1.008337809076379985e+06
-7.351275817298301263e+00 3.340325793433630177e+36 1.008346233080880018e+06
-7.328352903918130323e+00 4.129907886383770175e+36 1.008354973595079966e+06
-7.305543862672493560e+00 4.650026079607910212e+36 1.008363956462110044e+06
-7.282880569306144025e+00 5.446632315429919818e+36 1.008373272488430026e+06
-7.260384184774011374e+00 6.224592972884410004e+36 1.008382961816460011e+06
-7.238045605561637785e+00 6.648447213399319660e+36 1.008392913225280005e+06
-7.215866067315801047e+00 7.132662627167470117e+36 1.008403158196129953e+06
-7.193880348189850338e+00 7.956836295493740496e+36 1.008413873960369965e+06
-7.172093635010241996e+00 8.387783111319000335e+36 1.008424881948549999e+06
-7.150509854167466983e+00 9.217529490338299822e+36 1.008436475048759952e+06
-7.129174904152023373e+00 9.645082897565610454e+36 1.008448406968700001e+06
-7.108397380212409189e+00 1.005606398619130044e+37 1.008460509846459958e+06
-7.088027783080178779e+00 1.045570015046539967e+37 1.008472851268440019e+06
-7.068470417463686317e+00 1.084756950500639900e+37 1.008485181920510018e+06
-7.050189185523777269e+00 1.127928552550359988e+37 1.008497213114159997e+06
-7.032567524263868108e+00 1.239360696046830106e+37 1.008509788376520039e+06
-7.015689341125835199e+00 1.268392931959960050e+37 1.008522201863739989e+06
-6.999447684331244091e+00 1.296474532711150003e+37 1.008534525114940014e+06
-6.983766721961728763e+00 1.324871894603270052e+37 1.008546790715459967e+06
-6.968426292180083692e+00 1.353063388827540048e+37 1.008559150514369947e+06
-6.953114237152476562e+00 1.382958872115240034e+37 1.008571878693009960e+06
-6.937473969985148869e+00 1.414504901537969956e+37 1.008585298781999969e+06
-6.922565895183652174e+00 1.446441204372049900e+37 1.008598442557150032e+06
-6.908473287603555946e+00 1.478187898621749971e+37 1.008611159303479944e+06
-6.895086410655494547e+00 1.510584843652300059e+37 1.008623487585389987e+06
-6.882751523644401459e+00 1.542345029375500002e+37 1.008635053571879980e+06
-6.870414269826142117e+00 1.575469860841780078e+37 1.008646826539200032e+06
-6.858654201991157606e+00 1.607783010119299923e+37 1.008658224000549992e+06
-6.846946494835719932e+00 1.640936112303369930e+37 1.008669743859790033e+06
-6.835254358713427791e+00 1.674610652481499924e+37 1.008681412953580031e+06
-6.823474171545967693e+00 1.708910586593650009e+37 1.008693328536230023e+06
-6.811210274514451157e+00 1.745044062677540102e+37 1.008705895915769972e+06
-6.798359377346059773e+00 1.782999532209550067e+37 1.008719230222310056e+06
-6.784858905364671955e+00 1.823652860125899990e+37 1.008733420691199950e+06
-6.771645522250764770e+00 1.860623628186270044e+37 1.008747456058630021e+06
-6.758645556550618494e+00 1.896458529390530016e+37 1.008761399704830023e+06
-6.745940700322535122e+00 1.929876861392309997e+37 1.008775160172690055e+06
-6.733632861894875532e+00 1.961200201065829998e+37 1.008788600764340023e+06
-6.721634487748815445e+00 1.990806539889639998e+37 1.008801789849939989e+06
-6.709997743389976677e+00 2.019306650517230039e+37 1.008814650189399952e+06
-6.698717161994864000e+00 2.047799946027050090e+37 1.008827187501220033e+06
-6.687705545555218123e+00 2.073468607516659951e+37 1.008839467536260025e+06
-6.676870240116841160e+00 2.097821521780719913e+37 1.008851586995410034e+06
-6.666211418963939650e+00 2.120861325545279936e+37 1.008863532278410043e+06
-6.655657295712444466e+00 2.144165717744420077e+37 1.008875381749570020e+06
-6.645058888185303658e+00 2.170041635945430203e+37 1.008887297032029950e+06
-6.634461139223276405e+00 2.194545208382389888e+37 1.008899206643200014e+06
-6.623813852977036731e+00 2.217900982128259797e+37 1.008911165849769954e+06
-6.613073464523040457e+00 2.242768077653020169e+37 1.008923220124759944e+06
-6.602217796495096991e+00 2.272630554186999859e+37 1.008935390942450031e+06
-6.591455533940461464e+00 2.298627876797569896e+37 1.008947435388930026e+06
-6.580396917383041000e+00 2.327243891584229827e+37 1.008959787223960040e+06
-6.569267348470020806e+00 2.361362453459620063e+37 1.008972193581340020e+06
-6.557219744288886432e+00 2.402786944554760118e+37 1.008985591128529981e+06
-6.544473601243225858e+00 2.449424374872280087e+37 1.008999721739580040e+06
-6.531071717829036061e+00 2.511948510793860114e+37 1.009014537833290058e+06
-6.518076094551361166e+00 2.605549526207609811e+37 1.009028852800799999e+06
-6.505890151594940107e+00 2.643080401969159952e+37 1.009042239849440055e+06
-6.493905215083941584e+00 2.698679516988070222e+37 1.009055343292279984e+06
-6.481552446053683525e+00 2.778268354767610020e+37 1.009068799015530036e+06
-6.468003966154356021e+00 2.849888109792140219e+37 1.009083482667049975e+06
-6.454344648525875527e+00 2.943089304986830213e+37 1.009098217779319966e+06
-6.441495876188128022e+00 2.996410864872009874e+37 1.009112004813969950e+06
-6.428337932480644668e+00 3.062047949972769794e+37 1.009126039372369996e+06
-6.413945123804296600e+00 3.132418485255180183e+37 1.009141288216260029e+06
-6.397873746151162777e+00 3.214695466008699958e+37 1.009158198601630051e+06
-6.379008498155599227e+00 3.315071267307850131e+37 1.009177883478499949e+06
-6.357530224904621718e+00 3.429561518840709915e+37 1.009200087673480040e+06
-6.333486837127566105e+00 3.556555497991219852e+37 1.009224672444329946e+06
-6.309741931578173535e+00 3.684916522461770166e+37 1.009248665424620034e+06
-6.285676363895618124e+00 3.818131166463839983e+37 1.009272715337860049e+06
-6.262873889310867526e+00 3.946454782459759987e+37 1.009295245006310055e+06
-6.238970535567204934e+00 4.082139717318529861e+37 1.009318611455549952e+06
-6.215883202261466067e+00 4.214157420606649837e+37 1.009340917923470028e+06
-6.191381581007590285e+00 4.354354823631130008e+37 1.009364325311299996e+06
-6.167067552985827206e+00 4.493546285711310420e+37 1.009387264259370044e+06
-6.142263497313251719e+00 4.634947460146200062e+37 1.009410371222899994e+06
-6.115940736912307329e+00 4.783850733330039801e+37 1.009434562316889991e+06
-6.088963092021003831e+00 4.935119988863320229e+37 1.009458983718189993e+06
-6.063535808203596389e+00 5.076480272190619931e+37 1.009481643098999979e+06
-6.038265485170995817e+00 5.215047931169349830e+37 1.009503820050530019e+06
-6.012179189612652408e+00 5.355855036832209843e+37 1.009526330199950025e+06
-5.984331035102513852e+00 5.503437711445860351e+37 1.009549919267090037e+06
-5.954303740170871606e+00 5.659367491596100249e+37 1.009574825127569959e+06
-5.928229424338496756e+00 5.793174270896979665e+37 1.009596010081500048e+06
-5.905326234347739955e+00 5.908674749166819845e+37 1.009614290504290024e+06
-5.884383643609908177e+00 6.012420666579389840e+37 1.009630719827509951e+06
-5.859059203092328971e+00 6.134220486954910445e+37 1.009650173062240006e+06
-5.832911237830558093e+00 6.257718889503030352e+37 1.009669803300849977e+06
-5.805212581573869102e+00 6.385288763914879573e+37 1.009690104150669998e+06
-5.773422614445735235e+00 6.527063598513320065e+37 1.009712763087679981e+06
-5.738561657719401410e+00 6.677675416130500149e+37 1.009736829440769972e+06
-5.699223041028744774e+00 6.840843859416140382e+37 1.009763008266830002e+06
-5.658620031816099072e+00 7.002867869510900060e+37 1.009788972703339998e+06
-5.621107752704119775e+00 7.146897240925449867e+37 1.009812056575249997e+06
-5.584784901242528576e+00 7.280276669966210387e+37 1.009833600759249995e+06
-5.548566735877102474e+00 7.407381557221790050e+37 1.009854288274939987e+06
-5.511565775512281107e+00 7.531257336407840468e+37 1.009874622862039949e+06
-5.472970369843096705e+00 7.654226564551009831e+37 1.009894980964669958e+06
-5.431856208779208828e+00 7.778242551365719995e+37 1.009915721539700055e+06
-5.387106659636629047e+00 7.905320132044320125e+37 1.009937203894629958e+06
-5.337242606397921918e+00 8.037586034452020372e+37 1.009959848288169946e+06
-5.280197707721526967e+00 8.177854092154470269e+37 1.009982489915690036e+06
-5.219302283479919424e+00 8.316306355661649693e+37 1.010005135431510047e+06
-5.163227490451390622e+00 8.435596728317249850e+37 1.010024972691099974e+06
-5.109047306013962952e+00 8.542473912066649738e+37 1.010043278792039957e+06
-5.055216451004525879e+00 8.642716935863989896e+37 1.010060117056680028e+06
-5.000564865087653743e+00 8.737739900067509630e+37 1.010076276276950026e+06
-4.944045591179019539e+00 8.828976888022750529e+37 1.010092054804229992e+06
-4.884602992769941920e+00 8.917910194330729397e+37 1.010107680670239963e+06
-4.820991357846651226e+00 9.006367929294109951e+37 1.010123387683419976e+06
-4.751654247636906803e+00 9.096120043848849233e+37 1.010139439761240035e+06
-4.674518584040924907e+00 9.189508821455759490e+37 1.010156131450250046e+06
-4.586673001678718720e+00 9.289642406410759824e+37 1.010173917174870032e+06
-4.483902693555137375e+00 9.401069006097790154e+37 1.010193447024040041e+06
-4.386242961321840994e+00 9.508539789502980818e+37 1.010211169219639967e+06
-4.293511850697541377e+00 9.610378545881660347e+37 1.010227561492230045e+06
-4.202477554608776700e+00 9.711162269371210353e+37 1.010243441314570024e+06
-4.111090291658911156e+00 9.814156368578750819e+37 1.010259362865349976e+06
-4.017761945455276873e+00 9.923007357017330123e+37 1.010275739494160051e+06
-3.921036907151574269e+00 1.004015338976200083e+38 1.010293021160869976e+06
-3.819379590910102706e+00 1.016816948864970072e+38 1.010311614058419946e+06
-3.711125605117558734e+00 1.031098583902559909e+38 1.010332063091879943e+06
-3.594167097500758246e+00 1.047351946670929915e+38 1.010355018487030058e+06
-3.465842495683318703e+00 1.066187984422179925e+38 1.010381353978459956e+06
-3.322635686374269426e+00 1.088316219695940040e+38 1.010412119606369990e+06
-3.159757634257402970e+00 1.114684232683320052e+38 1.010448803877410013e+06
-2.980548536303103901e+00 1.145160624118329963e+38 1.010490977396270027e+06
-2.816317330129095353e+00 1.174873343084890074e+38 1.010530999931260012e+06
-2.658893441141117364e+00 1.203703796574460044e+38 1.010570318473719992e+06
-2.504312578035751358e+00 1.232192913610250068e+38 1.010609500367310015e+06
-2.349842514089687029e+00 1.260304411411379965e+38 1.010648673704150016e+06
-2.193342596121510724e+00 1.288455206864729955e+38 1.010683498687649961e+06
-2.032944285670964746e+00 1.316572541725689964e+38 1.010720916247379966e+06
-1.866778868952678749e+00 1.345106713208890028e+38 1.010754482419720036e+06
-1.692680629515962210e+00 1.372573769222569928e+38 1.010790622461279971e+06
-1.513362591162149329e+00 1.398844235585930091e+38 1.010826631885180017e+06
-1.346950620485586114e+00 1.421895206016559976e+38 1.010857953606870025e+06
-1.192871594907046529e+00 1.441472014793810066e+38 1.010884746739109978e+06
-1.053156656606006436e+00 1.457752519610640081e+38 1.010906945082730032e+06
-9.276064731348014902e-01 1.471093696092099962e+38 1.010925110988650005e+06
-8.145267700019758195e-01 1.481975200644469954e+38 1.010939912097700057e+06
-7.124894928165304009e-01 1.490854978210419994e+38 1.010951948151319986e+06
-6.207495142007246614e-01 1.498085931356969990e+38 1.010961676669889945e+06
-5.379110311732802074e-01 1.503972845216540078e+38 1.010969551144590019e+06
-4.636419433882110752e-01 1.508763091042879958e+38 1.010975866041530040e+06
-3.969707522301177960e-01 1.512651531663869933e+38 1.010980931254690047e+06
-3.374308342354197521e-01 1.515810167451299956e+38 1.010984967070049956e+06
-2.844454471887729596e-01 1.518370983416019949e+38 1.010988171035179985e+06
-2.374553517729509622e-01 1.520446491728950068e+38 1.010990707004870055e+06
-1.958542399515863508e-01 1.522129686745710004e+38 1.010992706653879955e+06
-1.589822053902025800e-01 1.524086034629199948e+38 1.010994354361630045e+06
-1.260858622845262289e-01 1.525084844387900022e+38 1.010995434980769991e+06
-9.620209156855707988e-02 1.525856102310549906e+38 1.010995792045200011e+06
-6.816279398481128737e-02 1.526513471524489999e+38 1.010996054922590032e+06
-3.969709603188675828e-02 1.527044550959830058e+38 1.010996322370489943e+06
0.000000000000000000e+00 1.527302125689360029e+38 1.010996683393660001e+06
6.748589478957001120e-02 1.527091202305430074e+38 1.010996881356399972e+06
1.427054728301300202e-01 1.527154422857310027e+38 1.010996273004979943e+06
2.299901093101652805e-01 1.526456175404019930e+38 1.010994614748419961e+06
3.349502846504037734e-01 1.524540456655160032e+38 1.010991172546230024e+06
4.631297456035099458e-01 1.520779089393189993e+38 1.010984756835590000e+06
6.237416936746740248e-01 1.514001939051039999e+38 1.010973412112949998e+06
8.318339311226736754e-01 1.502191328046099907e+38 1.010953641418260057e+06
1.063241287607525010e+00 1.487005765087650044e+38 1.010926290294109960e+06
1.308357855021313298e+00 1.468436659862789941e+38 1.010892337190340040e+06
1.530556318484741496e+00 1.450619999668360058e+38 1.010858159969839966e+06
1.732031856128742220e+00 1.432972822361090005e+38 1.010824868762979982e+06
1.914628545080631739e+00 1.415899351417979913e+38 1.010793057393569965e+06
2.079007378732057987e+00 1.399788740777299999e+38 1.010763269207629957e+06
2.227964129273459548e+00 1.384598276914480056e+38 1.010735477954820031e+06
2.361699638171558036e+00 1.370593518900870055e+38 1.010709977482359973e+06
2.482387123658554628e+00 1.357655481916029968e+38 1.010686596201390028e+06
2.590613497570302570e+00 1.345873463810149999e+38 1.010665380380720017e+06
2.687652716867887648e+00 1.335172525237079986e+38 1.010646195295009995e+06
2.774254543863207800e+00 1.325536361508019940e+38 1.010628969397470006e+06
2.851219971449609147e+00 1.316914425528329933e+38 1.010613596100489958e+06
2.919385903875081567e+00 1.309239100674210035e+38 1.010599942341260030e+06
2.979656180425081402e+00 1.302424838025819983e+38 1.010587847991949995e+06
3.033063662256608950e+00 1.296362969139019969e+38 1.010577118467899971e+06
3.080887654352409299e+00 1.290908877984709979e+38 1.010567503176889964e+06
3.125018239883502247e+00 1.285835784664339962e+38 1.010558624752840027e+06
3.168774242039944511e+00 1.280730738500320058e+38 1.010549812176440028e+06
3.226552166095643770e+00 1.273685981674549931e+38 1.010538144502870040e+06
3.314394903209176846e+00 1.262762494939980026e+38 1.010520347289209953e+06
3.418381242106988793e+00 1.250147454624820064e+38 1.010499217032950022e+06
3.539870297299785307e+00 1.235391251341039968e+38 1.010474605588919949e+06
3.689194585753284628e+00 1.217188839130760076e+38 1.010444582891070051e+06
3.876658895031141583e+00 1.194547378445570048e+38 1.010407432224969962e+06
4.098552515915798722e+00 1.168542373909689912e+38 1.010364519439229975e+06
4.343860491921077482e+00 1.140991200724559998e+38 1.010318723320199992e+06
4.622981876578705851e+00 1.110916488265730094e+38 1.010269025532789994e+06
4.947723429308098275e+00 1.077844961901819931e+38 1.010214644689830020e+06
5.339026374462264357e+00 1.040839871807720069e+38 1.010154275394269964e+06
5.822270702712557977e+00 1.000315830827229989e+38 1.010087389586579986e+06
6.333136683286284097e+00 9.636216211134880153e+37 1.010024440642470028e+06
6.882737967644061428e+00 9.285276911095069993e+37 1.009964445131530054e+06
7.482563229677907657e+00 8.956324768987180819e+37 1.009907115035539959e+06
8.147618239672738127e+00 8.646867837001510376e+37 1.009852269964160048e+06
8.894423261219344568e+00 8.359499399402839602e+37 1.009799546284980024e+06
9.561059403979015769e+00 8.159958406830390047e+37 1.009758429770449991e+06
1.015367606072686613e+01 8.006775758344420350e+37 1.009725673188060056e+06
1.067889294997075922e+01 7.886033949414169946e+37 1.009699059578269953e+06
1.114419085977715440e+01 7.789076853644589949e+37 1.009677077335859998e+06
1.155604287746245973e+01 7.709178723643140220e+37 1.009658620198489982e+06
1.192073441960019409e+01 7.642455348889640079e+37 1.009642974370729993e+06
1.224398914821358630e+01 7.585857958238370330e+37 1.009629555030639982e+06
1.253100219741827459e+01 7.537372561292040039e+37 1.009617963841969962e+06
1.278648999212964554e+01 7.495083315005259850e+37 1.009607862267449964e+06
1.301459497503674356e+01 7.458090309305899887e+37 1.009598997541520046e+06
1.321866809510902385e+01 7.425428983395840082e+37 1.009591174531499972e+06
1.340184679462618078e+01 7.396357566868889886e+37 1.009584227945119957e+06
1.356601910841345671e+01 7.370512947763020201e+37 1.009578054794789990e+06
1.371350436301872833e+01 7.347391423447809604e+37 1.009572547707790043e+06
1.384570867749425815e+01 7.326759147686480092e+37 1.009567638273829944e+06
1.396403497372739366e+01 7.308355716376250313e+37 1.009563264684980037e+06
1.406982633685402106e+01 7.291940335242050390e+37 1.009559369302929961e+06
1.416429915142725804e+01 7.277302158442279806e+37 1.009555899923959980e+06
1.425001628392419661e+01 7.263909105706689650e+37 1.009552757312369999e+06
1.433084257533482742e+01 7.250971340441110291e+37 1.009549790236779954e+06
1.441937183534537326e+01 7.235562205713499923e+37 1.009546502460559946e+06
1.459554506276617758e+01 7.195635005517539542e+37 1.009539765330399969e+06
1.477488289526809240e+01 7.159464180170640082e+37 1.009532736632229993e+06
1.497420081155360094e+01 7.119264216247160331e+37 1.009524949853830040e+06
1.515066136401583208e+01 7.087730718676820106e+37 1.009518105445889989e+06
1.531021148461150005e+01 7.060113924962169665e+37 1.009512011751089944e+06
1.545348544511580258e+01 7.035777147123070156e+37 1.009506602950319997e+06
1.558200827653126908e+01 7.014125286922059670e+37 1.009501796213330003e+06
1.569718238965651835e+01 6.994804097921560241e+37 1.009497519725079997e+06
1.580021262904119794e+01 6.977566224504269895e+37 1.009493713953529950e+06
1.589377365146719967e+01 6.961806272848809864e+37 1.009490269953000010e+06
1.598171203480887925e+01 6.946688303464350141e+37 1.009487034678120050e+06
1.607630053359753219e+01 6.929200902385220042e+37 1.009483521123870043e+06
1.626453164618214942e+01 6.884581277899649689e+37 1.009476327826290042e+06
1.644806142302331864e+01 6.846962298101180196e+37 1.009469188859769958e+06
1.663041755463927984e+01 6.810933715687060337e+37 1.009462157759189955e+06
1.679497626476950245e+01 6.780544483962650438e+37 1.009455883492360008e+06
1.694295631440763827e+01 6.753946537669359756e+37 1.009450316380450036e+06
1.707591143507306697e+01 6.730362759462110118e+37 1.009445368845629971e+06
1.719529479507036740e+01 6.709338181707209821e+37 1.009440964710979955e+06
1.730260528145299759e+01 6.690505247787769756e+37 1.009437032377230003e+06
1.740085891716444166e+01 6.673143853434190034e+37 1.009433447547430056e+06
1.749528464032482589e+01 6.656026943989580244e+37 1.009430004262799979e+06
1.760730468346446287e+01 6.633529150655899679e+37 1.009425866382459993e+06
1.779723930598265724e+01 6.588628234993890038e+37 1.009418687165439944e+06
1.799076276216146653e+01 6.548023227173160093e+37 1.009411303367199958e+06
1.820392812175487052e+01 6.503742563019120035e+37 1.009403267817190033e+06
1.839377085807063850e+01 6.468683326648620242e+37 1.009396225820300053e+06
1.856446766243607271e+01 6.438243067334610073e+37 1.009390020853359951e+06
1.871856842996930936e+01 6.411168632401190462e+37 1.009384504185670055e+06
1.885786025025663548e+01 6.386889354277690301e+37 1.009379575777619961e+06
1.898328504564415198e+01 6.365194011410970304e+37 1.009375176926349988e+06
1.909664866190360044e+01 6.345638255750590112e+37 1.009371228254160029e+06
1.920149538125770050e+01 6.327383886477470082e+37 1.009367590710780001e+06
1.930552390771845239e+01 6.308583793505069647e+37 1.009363974084940040e+06
1.945236720658795093e+01 6.277508594095329607e+37 1.009358771374089993e+06
1.964762584896016051e+01 6.234703424231699933e+37 1.009351727824729984e+06
1.984097143924009288e+01 6.196610505445879719e+37 1.009344764453839976e+06
2.001482384526752867e+01 6.165099258865949601e+37 1.009338600110120024e+06
2.017184459620330017e+01 6.137451481322729713e+37 1.009333126876070048e+06
2.031349805697027477e+01 6.112895585530319849e+37 1.009328257349279942e+06
2.044111426410745480e+01 6.090994032863269665e+37 1.009323916481359978e+06
2.055771406587518868e+01 6.070970939273299875e+37 1.009319982181899948e+06
2.066782449299353175e+01 6.051789479944789778e+37 1.009316282380659948e+06
2.078533485466687125e+01 6.029985383066079804e+37 1.009312307082209969e+06
2.101918047439903603e+01 5.975862905588760335e+37 1.009304184342660010e+06
2.121921222641685745e+01 5.939950386716359692e+37 1.009297253829260007e+06
2.145397881902681547e+01 5.894384537710029848e+37 1.009289294381220010e+06
2.171350226960930740e+01 5.845960594346239803e+37 1.009280657049429952e+06
2.194628611582811573e+01 5.808076342519609945e+37 1.009273122793289949e+06
2.215557055573299294e+01 5.775388296693889993e+37 1.009266527835609973e+06
2.234598430875485064e+01 5.746005185267469570e+37 1.009260642941429978e+06
2.251843682644175715e+01 5.719744242262410012e+37 1.009255387618390028e+06
2.267455273289670004e+01 5.696200445964670009e+37 1.009250682253489969e+06
2.281573624466182082e+01 5.675076629270920307e+37 1.009246463760309969e+06
2.294533609004793107e+01 5.655624417160189630e+37 1.009242614050640026e+06
2.306826146748062456e+01 5.636840943657069619e+37 1.009238969780609943e+06
2.320020047354773851e+01 5.615129875481300456e+37 1.009235017154810019e+06
2.346275909561882145e+01 5.560591200116139724e+37 1.009226886307009961e+06
2.367357468323825742e+01 5.529171189296469588e+37 1.009220418395949993e+06
2.390336105963433511e+01 5.491304154510600273e+37 1.009213529151150025e+06
2.411054888135186047e+01 5.460496084592829887e+37 1.009207424110239954e+06
2.429864592818194069e+01 5.433193765990369892e+37 1.009201984976319945e+06
2.446931986252093338e+01 5.408766627841699778e+37 1.009197119564360008e+06
2.462442525808728533e+01 5.386755582603620056e+37 1.009192745829230058e+06
2.476643318088463275e+01 5.366647901825930295e+37 1.009188773680360056e+06
2.490010421659826534e+01 5.347471422054919670e+37 1.009185050116469967e+06
2.503844093945372151e+01 5.326429866542129534e+37 1.009181170732120052e+06
2.530399576439231168e+01 5.274975549144509876e+37 1.009173467406890006e+06
2.551891035748121794e+01 5.245201556791129951e+37 1.009167308919209987e+06
2.577644185316239600e+01 5.203835190902610010e+37 1.009160078600389999e+06
2.605258320412758621e+01 5.162130407999960463e+37 1.009152463228279958e+06
2.630134154109691735e+01 5.129278342195660045e+37 1.009145794261420029e+06
2.652741554319072748e+01 5.100244979556820441e+37 1.009139880938960006e+06
2.673274915870570112e+01 5.074241223778730222e+37 1.009134599258190021e+06
2.691965413038633415e+01 5.050743072210800230e+37 1.009129849205560051e+06
2.709011485216615256e+01 5.029420780935119623e+37 1.009125554860790027e+06
2.724678592332202243e+01 5.009809965564730302e+37 1.009121630747030023e+06
2.739484972392892814e+01 4.990953398498910171e+37 1.009117930471400032e+06
2.754831015773743275e+01 4.970090406503260049e+37 1.009114057694599964e+06
2.784072469056991395e+01 4.918913845505790156e+37 1.009106377792440006e+06
2.806711891038503381e+01 4.892424484012930367e+37 1.009100541686550016e+06
2.834368407963484060e+01 4.852308434836390278e+37 1.009093530958350049e+06
2.860450819947072887e+01 4.819359023374250124e+37 1.009087041119319969e+06
2.884124460846942384e+01 4.791096384871920413e+37 1.009081282046069973e+06
2.905691111265696236e+01 4.765667588425089581e+37 1.009076119035920012e+06
2.925384714255778817e+01 4.742555666789000223e+37 1.009071455506930011e+06
2.943362520615119138e+01 4.721533778373099765e+37 1.009067228510080022e+06
2.960087295487755910e+01 4.701755089791129561e+37 1.009063310785379959e+06
2.976186613443132956e+01 4.682208274466749932e+37 1.009059534552150057e+06
2.993957470684836153e+01 4.658417445479970054e+37 1.009055287955439999e+06
3.021294098255384597e+01 4.615566557792229845e+37 1.009048557559640030e+06
3.045841785138691193e+01 4.585569549701209567e+37 1.009042595018950058e+06
3.068218295925180428e+01 4.559060706148609963e+37 1.009037279239599942e+06
3.088688416209333809e+01 4.534973516524800182e+37 1.009032486764380010e+06
3.107440732185568777e+01 4.512959155755240010e+37 1.009028136275519966e+06
3.124983657008124283e+01 4.492113485693190182e+37 1.009024087383739999e+06
3.142015063181315782e+01 4.471326930297620224e+37 1.009020152115339995e+06
3.161517213210390764e+01 4.444810022560709795e+37 1.009015554499679944e+06
3.187166061744937906e+01 4.407139700681629896e+37 1.009009390493300045e+06
3.210259369156847242e+01 4.379184619263209683e+37 1.009003913995809969e+06
3.231484987566000200e+01 4.353995639172300381e+37 1.008998975703119999e+06
3.250956016065538279e+01 4.331109508438100205e+37 1.008994502518070047e+06
3.269219607319610077e+01 4.309426664421219660e+37 1.008990338108020020e+06
3.287086287490456016e+01 4.287649899407979908e+37 1.008986269449659972e+06
3.307858503811803530e+01 4.259498224837870158e+37 1.008981445745600038e+06
3.330496700057847193e+01 4.229165819870249862e+37 1.008976141592280008e+06
3.351221025294944411e+01 4.204109826920020203e+37 1.008971337496030028e+06
3.370459732375820749e+01 4.181126057055279841e+37 1.008966935620589997e+06
3.388870064798902604e+01 4.158877508347219981e+37 1.008962753992979997e+06
3.408227241920030792e+01 4.134100219792269913e+37 1.008958331842710031e+06
3.441065843387332279e+01 4.083832817336639834e+37 1.008950631046500057e+06
3.467019376499956707e+01 4.056330359920320094e+37 1.008944740403629956e+06
3.494234419933491154e+01 4.023382473302170232e+37 1.008938705378059996e+06
3.519017053020434105e+01 3.995952244093950208e+37 1.008933316391380038e+06
3.541803022384192445e+01 3.971113210799180122e+37 1.008928447406559950e+06
3.562819167728230241e+01 3.948399856977630148e+37 1.008924009201969951e+06
3.582694369380260468e+01 3.926722318436819888e+37 1.008919840858309995e+06
3.602405224892572733e+01 3.904591749838729938e+37 1.008915704480029992e+06
3.602407628766741254e+01 3.921697908280330083e+37 1.009454268876170041e+06
3.602408357342574163e+01 3.921815785728729766e+37 1.009458965874160058e+06
3.602409807208459824e+01 3.921686625676670121e+37 1.009457781493099988e+06
3.602411852960722172e+01 3.921716096263699961e+37 1.009458657361329999e+06
3.602414253166716662e+01 3.921712652978380005e+37 1.009459868075959967e+06
3.602417090331800864e+01 3.921711844341110085e+37 1.009461227851890028e+06
3.602420466532930732e+01 3.921711640291010073e+37 1.009462775033380021e+06
3.602424497689935379e+01 3.921711355967120217e+37 1.009464519239519956e+06
3.602429369116362068e+01 3.921710975665589982e+37 1.009466490933840047e+06
3.602435303401580313e+01 3.921710501930710010e+37 1.009468689689749968e+06
3.602442672081087949e+01 3.921709864696079941e+37 1.009471124785959953e+06
3.602452036031172611e+01 3.921708981441119877e+37 1.009473846131479950e+06
3.602462187860874110e+01 3.921708276850929927e+37 1.009476304297819966e+06
3.602472856593158212e+01 3.921707564773510087e+37 1.009478446986270021e+06
3.602484141072636703e+01 3.921706752354040183e+37 1.009480341138749965e+06
3.602495982867912971e+01 3.921705870542220204e+37 1.009481957186470041e+06
3.602508834679974825e+01 3.921704773643159770e+37 1.009483370663770009e+06
3.602522954352389206e+01 3.921703475711700122e+37 1.009484595064769965e+06
3.602538914079559618e+01 3.921701848861280115e+37 1.009485661671980051e+06
3.602557526934469934e+01 3.921699753562619829e+37 1.009486600445669959e+06
3.602579939026327338e+01 3.921696984073849877e+37 1.009487401747850003e+06
3.602609470072638942e+01 3.921692707230959949e+37 1.009488095785559970e+06
3.602653711442326312e+01 3.921685103782130152e+37 1.009488732429619995e+06
3.602733897341022384e+01 3.921668474026860229e+37 1.009489406102939975e+06
3.602893467279500328e+01 3.921629971475640095e+37 1.009490456843720051e+06
3.603211011457460700e+01 3.921508221721760169e+37 1.009492899057350005e+06
3.603842924371565459e+01 3.920706436334519847e+37 1.009498986209559953e+06
3.605100431070604827e+01 3.915381105009320089e+37 1.009513119814709993e+06
3.607602869401307544e+01 3.893852897367070053e+37 1.009541246177540044e+06
3.612582721679427777e+01 3.843754271069069980e+37 1.009586350192829967e+06
3.622424789499928011e+01 3.773177732025799964e+37 1.009642358619219973e+06
3.638866281708396855e+01 3.714315665923989928e+37 1.009690446374109946e+06
3.665049859118153108e+01 3.675866420969720228e+37 1.009721669432200026e+06
3.688664380365298712e+01 3.663055891115489803e+37 1.009733207202419988e+06
3.710546960804276750e+01 3.655138361471499969e+37 1.009736577603109996e+06
3.731224272897816263e+01 3.647435876790780158e+37 1.009735999569479958e+06
3.751640077690899489e+01 3.638113755035660069e+37 1.009733113976530032e+06
3.775823291966298711e+01 3.622280127847350116e+37 1.009727438635069993e+06
3.798809366461500758e+01 3.607771310296489958e+37 1.009720784913189942e+06
3.820232407334333402e+01 3.593537461946890013e+37 1.009713882805060013e+06
3.840964423564946628e+01 3.578450216711610034e+37 1.009706718797700014e+06
3.863114380141996662e+01 3.559990034960329975e+37 1.009698546753720031e+06
3.895077175791448099e+01 3.527264505615929766e+37 1.009685703655899968e+06
3.923595160105469404e+01 3.504310921488449899e+37 1.009674176251200028e+06
3.949961328859353671e+01 3.482908189327589953e+37 1.009663600607199944e+06
3.974261520493018907e+01 3.463102709281790200e+37 1.009653927602409967e+06
3.996861176875972888e+01 3.444505108389010024e+37 1.009644985188720049e+06
4.018536053081334103e+01 3.426204659633269960e+37 1.009636425634820014e+06
4.040846983152005123e+01 3.406241725224300129e+37 1.009627555892589968e+06
4.070251564621139551e+01 3.375727425127930202e+37 1.009615488844170002e+06
4.096863872547328356e+01 3.352801658007299923e+37 1.009604689417560003e+06
4.121514066788950004e+01 3.331796453845910001e+37 1.009594863764920039e+06
4.144527918288804358e+01 3.312227730361049775e+37 1.009585823507620022e+06
4.166771474148117704e+01 3.292993640608320045e+37 1.009577167537970003e+06
4.190149696915977984e+01 3.271648557055440091e+37 1.009568055762080010e+06
4.230575279561890056e+01 3.227098949565340158e+37 1.009551700836080010e+06
4.260198561150536989e+01 3.206637916234420207e+37 1.009540341707660002e+06
4.299721165212031337e+01 3.169207937525639775e+37 1.009525350312269991e+06
4.346589393285830738e+01 3.128977916434279923e+37 1.009508076394520001e+06
4.388304878709095647e+01 3.100248184472840152e+37 1.009493592922209995e+06
4.426020441488799406e+01 3.074367418022329801e+37 1.009481003144370043e+06
4.460187422848684946e+01 3.050893532761150010e+37 1.009469858059950056e+06
4.491325372257779236e+01 3.029409766575209818e+37 1.009459840961509966e+06
4.519916625396581367e+01 3.009589907786950188e+37 1.009450726293870015e+06
4.546410263176221633e+01 2.991089152207140078e+37 1.009442328384569963e+06
4.571353909476238186e+01 2.973422401242030170e+37 1.009434443355789990e+06
4.595772591477725655e+01 2.955521781272109843e+37 1.009426704526019981e+06
4.622257370363877271e+01 2.934363529418049850e+37 1.009418164029209991e+06
4.652280410617095185e+01 2.908953171976380066e+37 1.009408249822180020e+06
4.679903520547668450e+01 2.888064523861409859e+37 1.009399197957330034e+06
4.705734104905423010e+01 2.868528736069830079e+37 1.009390821207619971e+06
4.730731571464639273e+01 2.849222716528739817e+37 1.009382759537840029e+06
4.756680636283635977e+01 2.828225978104609873e+37 1.009374360247230041e+06
4.785773561459791381e+01 2.803083681976859950e+37 1.009364771820820053e+06
4.812693690159358084e+01 2.781769940254250064e+37 1.009355951762450044e+06
4.838291209555973182e+01 2.761434311040170104e+37 1.009347645254440024e+06
4.863839228377037216e+01 2.740740284328519769e+37 1.009339397593789967e+06
4.893155474847299047e+01 2.715165041231709974e+37 1.009329829604920000e+06
4.934067327897355426e+01 2.677453929387720213e+37 1.009316299603839987e+06
4.970491285305251949e+01 2.651150673386710051e+37 1.009304765549089992e+06
5.003826618915263680e+01 2.627530752180109989e+37 1.009294596223119996e+06
5.034384856228280114e+01 2.606273455996600067e+37 1.009285522908780025e+06
5.062644105115759885e+01 2.586821271775099999e+37 1.009277292841749964e+06
5.089520288334097131e+01 2.568238528730620051e+37 1.009269565254349960e+06
5.116158020756847691e+01 2.549508043515810065e+37 1.009261954626079998e+06
5.145663761600008002e+01 2.527317900482219850e+37 1.009253448397689965e+06
5.189429189777729334e+01 2.490682980918099840e+37 1.009240494770520017e+06
5.225364649968469166e+01 2.468692860245810212e+37 1.009230337673839997e+06
5.261113587381987600e+01 2.444681745751440060e+37 1.009220483143919962e+06
5.293710099708914640e+01 2.424226243064020088e+37 1.009211717107329983e+06
5.323717484761436936e+01 2.405597504363460066e+37 1.009203797757140012e+06
5.352084988670321763e+01 2.387852465989749875e+37 1.009196398359489976e+06
5.379825293135218089e+01 2.370215543181550155e+37 1.009189201176480041e+06
5.409382458720574505e+01 2.350409584671069998e+37 1.009181487210209947e+06
5.453021315621663234e+01 2.316849545710619890e+37 1.009169696335640037e+06
5.489035589518243796e+01 2.296015679216350051e+37 1.009160308861469966e+06
5.528443177377994289e+01 2.270031404510379977e+37 1.009150184138169978e+06
5.564117926641483791e+01 2.249357233994609767e+37 1.009141283070530044e+06
5.596721802375759580e+01 2.230738793163969770e+37 1.009133334309590049e+06
5.627160333008214366e+01 2.213282064570420093e+37 1.009126019545370014e+06
5.656372029441627092e+01 2.196325613821390175e+37 1.009119052104920032e+06
5.685985980543409823e+01 2.178568944878909862e+37 1.009111984681440052e+06
5.720843109004999860e+01 2.155631501729170138e+37 1.009103486296070041e+06
5.762012313571904087e+01 2.128227132659689941e+37 1.009093308653860004e+06
5.799278312691603787e+01 2.107022729801129926e+37 1.009084350392270018e+06
5.833271661986873369e+01 2.088011457200870108e+37 1.009076377330990043e+06
5.864914209150447277e+01 2.070320333849869995e+37 1.009069075798309990e+06
5.895205763042758917e+01 2.053243184032990115e+37 1.009062149052200024e+06
5.925794750930435839e+01 2.035516231634200095e+37 1.009055161380799953e+06
5.961340273801761214e+01 2.013128032916059945e+37 1.009046889541979996e+06
5.997510336860068492e+01 1.991004716879829971e+37 1.009038403228470008e+06
6.030804485852058860e+01 1.971902034800299975e+37 1.009030704819189967e+06
6.062224904435424833e+01 1.953949149738710068e+37 1.009023534301309963e+06
6.093167145417828579e+01 1.936074710737419928e+37 1.009016524397240020e+06
6.126616518330411054e+01 1.915891953211650015e+37 1.009008916107909987e+06
6.164098472334080725e+01 1.892361836152719976e+37 1.009000253711370053e+06
6.198504232562117977e+01 1.872487536525589936e+37 1.008992386438969988e+06
6.230860108072374715e+01 1.853986153751039973e+37 1.008985096661080024e+06
6.262490635592621402e+01 1.835895820878250053e+37 1.008978046426809975e+06
6.296033631712634815e+01 1.816183541751910046e+37 1.008970583580889972e+06
6.336662357345630880e+01 1.790738092226229892e+37 1.008961394979669945e+06
6.373624299169387086e+01 1.770061359786879926e+37 1.008953160541370045e+06
6.407951047917958931e+01 1.751186456834369974e+37 1.008945665247160010e+06
6.440711171834482229e+01 1.733365163008480060e+37 1.008938625656169956e+06
6.473676663393416675e+01 1.715321265655740095e+37 1.008931610866699950e+06
6.511287440187152242e+01 1.693634267037059931e+37 1.008923555333749973e+06
6.556458144135831390e+01 1.666803244361510025e+37 1.008913763629829977e+06
6.597311217943570227e+01 1.645881762664429994e+37 1.008905181725639966e+06
6.634680020746236551e+01 1.627274734493810054e+37 1.008897551168330014e+06
6.669661464012460783e+01 1.610053260450260042e+37 1.008890551208600053e+06
6.703617810714422376e+01 1.593340051124240017e+37 1.008883844648550032e+06
6.738900362792992382e+01 1.575549543454899892e+37 1.008876896072539967e+06
6.783859419247528422e+01 1.550814484455949918e+37 1.008867850396009977e+06
6.827474668187278439e+01 1.528820439060679943e+37 1.008859141668390017e+06
6.867315814169705845e+01 1.509837573368460003e+37 1.008851373307619942e+06
6.904369060562748928e+01 1.492528073308739908e+37 1.008844294015089981e+06
6.939947295385718462e+01 1.475994230948580052e+37 1.008837591856320039e+06
6.976058589894091710e+01 1.458982518748669939e+37 1.008830828624119982e+06
7.018559924627334112e+01 1.437584909448370100e+37 1.008822754298149957e+06
7.064084613494560472e+01 1.414828477137840116e+37 1.008814026214229991e+06
7.105660220023855800e+01 1.395834151566650101e+37 1.008806225389549974e+06
7.144388793433245155e+01 1.378521667019549917e+37 1.008799106493919971e+06
7.181638438009758829e+01 1.361994176304640036e+37 1.008792359055549954e+06
7.219533732260242687e+01 1.345015225099760107e+37 1.008785542747159954e+06
7.264101349793418194e+01 1.323790009375299957e+37 1.008777420732610044e+06
7.313186066350317560e+01 1.300379811089379943e+37 1.008768387152230018e+06
7.357954360748408362e+01 1.281073574976190100e+37 1.008760345520709991e+06
7.399426292141652084e+01 1.263640079758129998e+37 1.008753061414940050e+06
7.439067409097333439e+01 1.247157561659360116e+37 1.008746213726690039e+06
7.478664689471406746e+01 1.230634784798069911e+37 1.008739434363750042e+06
7.522781889031466562e+01 1.211465943940450052e+37 1.008731836466050008e+06
7.577418039111580583e+01 1.186288209576379921e+37 1.008722207698469982e+06
7.627162497096651350e+01 1.166030228255549920e+37 1.008713645284319995e+06
7.673110155757603934e+01 1.147827981747890091e+37 1.008705920977169997e+06
7.716393235198484035e+01 1.130983831245990043e+37 1.008698776574800024e+06
7.758667448971027625e+01 1.114571668131449965e+37 1.008691874309330015e+06
7.802849185548984678e+01 1.097146203289250033e+37 1.008684676638699952e+06
7.858776341608245275e+01 1.073544034677800069e+37 1.008675374047260033e+06
7.916818495405823342e+01 1.049992756768020012e+37 1.008665716197500005e+06
7.970029687174974242e+01 1.029982867514889958e+37 1.008657075751579949e+06
8.019539138793334132e+01 1.011830590964989981e+37 1.008649203721179976e+06
8.066688161798447254e+01 9.947594714477179943e+36 1.008641815483530052e+06
8.113371035918316920e+01 9.778759963284889821e+36 1.008634560493270052e+06
8.163305549017240992e+01 9.594760180562360383e+36 1.008626789666990051e+06
8.232605577763388283e+01 9.322729844600099882e+36 1.008615759817710030e+06
8.310320796664018417e+01 9.036070755741200399e+36 1.008603529639309971e+06
8.399262673207704211e+01 8.732392802260439758e+36 1.008590068628120003e+06
8.480657765011710580e+01 8.481849733632089446e+36 1.008578301931619993e+06
8.555833047559281113e+01 8.249409599494849805e+36 1.008567609589869971e+06
8.625654306667274795e+01 8.036719174207840571e+36 1.008557794006839977e+06
8.691206457295629662e+01 7.838171187223899579e+36 1.008548633959079976e+06
8.753633040831118706e+01 7.647811706437040034e+36 1.008539896681649960e+06
8.814634958839451429e+01 7.462395131625410538e+36 1.008531357614409993e+06
8.877136145687836688e+01 7.270563054909049895e+36 1.008522561206760001e+06
8.948699024158122484e+01 7.045053496570310514e+36 1.008512339166739956e+06
9.083167094087912119e+01 6.620363492767150082e+36 1.008493049127329956e+06
9.196498216386316926e+01 6.308788380191319731e+36 1.008477404046989977e+06
9.335864459464210086e+01 5.927460963020109851e+36 1.008458588173980010e+06
9.470540242795686936e+01 5.582855057834260449e+36 1.008440831582630053e+06
9.602142725646262988e+01 5.255293047743369770e+36 1.008423708058609976e+06
9.732073604109609732e+01 4.943809018446619752e+36 1.008407021425219951e+06
9.862651572946924716e+01 4.644036389622129978e+36 1.008390511385129998e+06
9.994624207886954537e+01 4.356640488919689976e+36 1.008374153605689993e+06
1.013172518141800538e+02 4.076201537637330023e+36 1.008357600765999989e+06
1.027636503163848829e+02 3.801698818184030097e+36 1.008340713006949984e+06
