# time luminosity radius
-2.217661763759679161e+01 4.654337196317520247e+35 1.008148922062939964e+06
-1.769997752114431933e+01 5.006354529182989940e+35 1.008154460610099952e+06
-1.727948050345730735e+01 5.043836772625579727e+35 1.008155051335799973e+06
-1.644269143825658830e+01 5.120726144964940313e+35 1.008156405524860020e+06
-1.477748119850002695e+01 5.315297910558679914e+35 1.008160091094269999e+06
-1.453561152532347478e+01 5.345799703564010330e+35 1.008160660930000013e+06
-1.405429087570519187e+01 5.409041797040869813e+35 1.008161912044749944e+06
-1.309646278295986122e+01 5.558010661991479924e+35 1.008164998203180032e+06
-1.295275140868034214e+01 5.581665192884949874e+35 1.008165482459709980e+06
-1.266676577386533609e+01 5.630081833776560176e+35 1.008166518693150021e+06
-1.209765436058660271e+01 5.738243686988740368e+35 1.008168917593850056e+06
-1.199690878400724614e+01 5.758225489039840065e+35 1.008169356504910043e+06
-1.179642508661345346e+01 5.799057054127879839e+35 1.008170284309410024e+06
-1.139746252880286193e+01 5.888080978995029884e+35 1.008172372427089955e+06
-1.064008624161215266e+01 6.099712852147060229e+35 1.008177683466290007e+06
-1.011602018614939880e+01 6.276364098631920284e+35 1.008182494505009963e+06
-9.716381505088065751e+00 6.434577992303929690e+35 1.008187136413409957e+06
-9.389144064924039412e+00 6.585276468017619758e+35 1.008191841328840004e+06
-9.110925859975395724e+00 6.734247324341819400e+35 1.008196696038000053e+06
-8.859557191666681319e+00 6.892403106711040725e+35 1.008202059671940049e+06
-8.649182263587135822e+00 7.047957701663469906e+35 1.008207465502550011e+06
-8.633441586491244379e+00 7.059198188155719706e+35 1.008207878103040042e+06
-8.606466825753159355e+00 7.080266640051350084e+35 1.008208612328590010e+06
-8.552787051878112834e+00 7.121839820528700425e+35 1.008210160200629965e+06
-8.445964301870844793e+00 7.215170693383360088e+35 1.008213647955600056e+06
-8.372508392712916248e+00 7.286230606851790307e+35 1.008216282760130009e+06
-8.325007663122960366e+00 7.328793453845230521e+35 1.008218071583920042e+06
-8.289047340062097646e+00 7.364939709958840697e+35 1.008219497521379963e+06
-8.255884152749786153e+00 7.399181026452179441e+35 1.008220876194859971e+06
-8.228337086911778897e+00 7.428281288996330564e+35 1.008222071981869987e+06
-8.200269200511684176e+00 7.459298157459910410e+35 1.008223345284949988e+06
-8.153621337762160692e+00 7.512269224648490726e+35 1.008225661148370011e+06
-8.105406786955427378e+00 7.570225265137210652e+35 1.008228288729680004e+06
-8.062429083343886305e+00 7.623700994328530236e+35 1.008230873237419990e+06
-8.024184634909033775e+00 7.674257993825510355e+35 1.008233396513569984e+06
-7.988694088286138140e+00 7.722675872446350552e+35 1.008235968231890001e+06
-7.958637790055945516e+00 7.765347475832180651e+35 1.008238352771089994e+06
-7.934907972652581520e+00 7.798949234997270201e+35 1.008240389069580007e+06
-7.915123590639268514e+00 7.828826046581920186e+35 1.008242226760169957e+06
-7.897792714720708318e+00 7.859758073283279684e+35 1.008243963137679966e+06
-7.880541235681448597e+00 7.882691033475490355e+35 1.008245928959739977e+06
-7.878478047656244598e+00 7.885278414102839822e+35 1.008246183215319994e+06
-7.874372303493146319e+00 7.924636030090969850e+35 1.008246719341979944e+06
-7.866201872609963175e+00 7.908557732582989286e+35 1.008248130784719950e+06
-7.863773796641908120e+00 7.931504798474160640e+35 1.008248604295950034e+06
-7.863634143417584710e+00 7.907065765114340050e+35 1.008248660673749982e+06
-7.863570667024760041e+00 7.907165478907349855e+35 1.008248705943670007e+06
-7.863541824794083368e+00 7.907210346767110439e+35 1.008248727055349969e+06
-7.863511148825637065e+00 7.907258118730929754e+35 1.008248745871550054e+06
-7.863450103643117473e+00 7.907354136245720513e+35 1.008248779520569951e+06
-7.863328623723646160e+00 7.907544785135000398e+35 1.008248852621880011e+06
-7.863202400549198501e+00 7.907742321189220455e+35 1.008248955585099990e+06
-7.863140378707612399e+00 7.907839204743580428e+35 1.008249026215809979e+06
-7.863110201513336506e+00 7.907885841978990575e+35 1.008249060784089961e+06
-7.863082592055434361e+00 7.907928630706989569e+35 1.008249089953060029e+06
-7.863052900029288139e+00 7.907975083545829894e+35 1.008249120063569979e+06
-7.863023321428045165e+00 7.908021277453579392e+35 1.008249149157059961e+06
-7.862994733943196479e+00 7.908065913771920146e+35 1.008249176364009967e+06
-7.862967306617065333e+00 7.908108710311309500e+35 1.008249200943490025e+06
-7.862938604223018046e+00 7.908153567680110106e+35 1.008249224401229993e+06
-7.862905703936121427e+00 7.908205118872400257e+35 1.008249248382790014e+06
-7.862866141025733668e+00 7.908267202783980041e+35 1.008249273063070024e+06
-7.862827196571743116e+00 7.908328430070220042e+35 1.008249293904029997e+06
-7.862784123848541640e+00 7.908396227584230449e+35 1.008249313629709999e+06
-7.862727940926561132e+00 7.908484746963930256e+35 1.008249336102209985e+06
-7.862632276148360688e+00 7.908635502010260128e+35 1.008249370935800020e+06
-7.862441903242142871e+00 7.908935521695049266e+35 1.008249438853190048e+06
-7.862063061162189115e+00 7.909532796478999450e+35 1.008249573665429954e+06
-7.861309165418788325e+00 7.914622830999260092e+35 1.008249840337989968e+06
-7.859848937478091102e+00 7.906207867598150711e+35 1.008250327980870032e+06
-7.858095117917400785e+00 7.917671648951290339e+35 1.008250786637549987e+06
-7.855877023008360993e+00 7.971780746860009335e+35 1.008251374074270017e+06
-7.853255539157544263e+00 7.903872932588839940e+35 1.008252003936700057e+06
-7.848310653935186565e+00 7.940422553223390556e+35 1.008253208655779948e+06
-7.842443401670607273e+00 7.948653321632099413e+35 1.008254708641179954e+06
-7.835543057342874818e+00 7.822245390861059794e+35 1.008256605962119997e+06
-7.827713874175969977e+00 7.973818189868050470e+35 1.008258898504070006e+06
-7.821581521347980015e+00 7.998765485827999882e+35 1.008260712340479949e+06
-7.813166472908051219e+00 8.004706120389090390e+35 1.008263442058100016e+06
-7.804082673421362415e+00 8.011013834314390271e+35 1.008266737840729998e+06
-7.799287715562968515e+00 8.019388054024130420e+35 1.008268362063420005e+06
-7.790432003181194887e+00 8.040991063572649608e+35 1.008271204908089945e+06
-7.774773448159976397e+00 8.087189050290630351e+35 1.008275940938269952e+06
-7.755730295873945579e+00 8.288344940983970451e+35 1.008281348646329949e+06
-7.731647990134661086e+00 9.497982917856580700e+35 1.008287919340810040e+06
-7.704799488594289869e+00 1.508194397150239958e+36 1.008295139383869944e+06
-7.677407874638447538e+00 2.203468118185890130e+36 1.008302328933979967e+06
-7.641851958142069634e+00 3.724692233900520285e+36 1.008312036740259966e+06
-7.611228665417002048e+00 4.107485505968179940e+36 1.008320404508559965e+06
-7.571801350568421185e+00 4.451240178499079816e+36 1.008331525776320021e+06
-7.534533584504970349e+00 4.947133338939410009e+36 1.008342416043550009e+06
-7.498701484619232360e+00 5.276569241748460173e+36 1.008353303862030036e+06
-7.465371065154613461e+00 5.729499871571289942e+36 1.008363987052969984e+06
-7.433966388038243167e+00 6.001103099139680156e+36 1.008374519821799942e+06
-7.404840155111742206e+00 6.249286750025680241e+36 1.008384740439089946e+06
-7.377074131742119789e+00 6.679223371700239462e+36 1.008395126205089968e+06
-7.350927563369623385e+00 6.918675673568739505e+36 1.008405359386450029e+06
-7.326199115792405792e+00 7.150485156416220490e+36 1.008415476411349955e+06
-7.303126594975765329e+00 7.373792278861419688e+36 1.008425312920439988e+06
-7.281697348043962847e+00 7.592795121889789520e+36 1.008434816488309996e+06
-7.261581193932215683e+00 7.810844931657199735e+36 1.008444146599399974e+06
-7.242514708195813000e+00 8.031962380356790588e+36 1.008453316116439993e+06
-7.224304618634050712e+00 8.253543558835420453e+36 1.008462373669759952e+06
-7.206825803579704370e+00 8.476617867194120139e+36 1.008471353307679994e+06
-7.189959625153278466e+00 8.706235913440020244e+36 1.008480302065300057e+06
-7.173598635301459581e+00 8.935081365867529565e+36 1.008489257048300002e+06
-7.157669936088495888e+00 9.172641100164490128e+36 1.008498266769840033e+06
-7.142118228308390826e+00 9.427156108135499722e+36 1.008507369779809960e+06
-7.126972936930542346e+00 9.685942592077790233e+36 1.008516468379099970e+06
-7.112203632605087478e+00 9.948307476660459862e+36 1.008525583118440001e+06
-7.097782016171549913e+00 1.021542012570080016e+37 1.008534730184169952e+06
-7.083639332486200146e+00 1.048920401598139944e+37 1.008543950976749999e+06
-7.069727810885524377e+00 1.075886269835890052e+37 1.008553264356330037e+06
-7.056044004129944369e+00 1.105915287247510063e+37 1.008562643692599959e+06
-7.042575256462441757e+00 1.135369809910550117e+37 1.008572071630459977e+06
-7.029313259052287322e+00 1.165144479305589944e+37 1.008581579334490001e+06
-7.016308803184074350e+00 1.195731974208909909e+37 1.008591144364670035e+06
-7.003504084168525878e+00 1.226724528270179951e+37 1.008600810269730049e+06
-6.990903764111862984e+00 1.257993823292849958e+37 1.008610570124670048e+06
-6.978503613427164964e+00 1.290013086702650109e+37 1.008620417917569983e+06
-6.966308512863179203e+00 1.322586815355579934e+37 1.008630338901140029e+06
-6.954319703138025943e+00 1.355913583265699954e+37 1.008640343943709973e+06
-6.942535280613810755e+00 1.389971716349670069e+37 1.008650452530189999e+06
-6.930952704438823275e+00 1.424516420191679972e+37 1.008660663643650012e+06
-6.919567993500095326e+00 1.459971298199250098e+37 1.008670963723039953e+06
-6.908384001515514683e+00 1.496386543620520105e+37 1.008681321145460010e+06
-6.897388561796105932e+00 1.534004659917319951e+37 1.008691717560059973e+06
-6.886569131682335865e+00 1.572562966995920059e+37 1.008702142143829959e+06
-6.875906771849258803e+00 1.612954112196600096e+37 1.008712614344649948e+06
-6.865786497452063486e+00 1.651688432125639939e+37 1.008722717025910039e+06
-6.855744217675237451e+00 1.691985797116559904e+37 1.008732904011929990e+06
-6.846430547993804794e+00 1.728449800215259903e+37 1.008742482666800031e+06
-6.837519248598255217e+00 1.764092222091500001e+37 1.008751772232910036e+06
-6.829218899947591126e+00 1.796964724733890028e+37 1.008760525927240029e+06
-6.821535318384121638e+00 1.826551075561700013e+37 1.008768709671890014e+06
-6.814173876417044085e+00 1.854764969922540025e+37 1.008776620893149986e+06
-6.807102752907667309e+00 1.881564256835970008e+37 1.008784281104409951e+06
-6.800225038394273724e+00 1.907477047749059919e+37 1.008791788050279953e+06
-6.793519770726561546e+00 1.925660824540940082e+37 1.008799150247059995e+06
-6.786940518126357347e+00 1.952025891265519987e+37 1.008806420730769983e+06
-6.780543018110620324e+00 1.976976525333069954e+37 1.008813529815010028e+06
-6.774232931064034346e+00 2.001261598658270015e+37 1.008820579101099982e+06
-6.768010791776760016e+00 2.014115511457620010e+37 1.008827558897939976e+06
-6.761442084200098179e+00 2.032253276190499946e+37 1.008834954429570003e+06
-6.754839361499762163e+00 2.050763295634939922e+37 1.008842409227279946e+06
-6.748369061606354080e+00 2.069460284282759957e+37 1.008849732712590019e+06
-6.741731937567237765e+00 2.090522580090190044e+37 1.008857267749050050e+06
-6.735079283171216957e+00 2.113497624708949884e+37 1.008864844149100012e+06
-6.728458466517622583e+00 2.135479399668450045e+37 1.008872399780389969e+06
-6.721634722562157549e+00 2.158493272246599906e+37 1.008880204295970034e+06
-6.714764116011792794e+00 2.181505816944370088e+37 1.008888077187970048e+06
-6.707697034318698570e+00 2.199863129696849986e+37 1.008896189901890000e+06
-6.700585815531667322e+00 2.217536450804830061e+37 1.008904361764549976e+06
-6.693200643385353032e+00 2.240869554775490111e+37 1.008912855861430056e+06
-6.685455407794506755e+00 2.268441610434119901e+37 1.008921770110990037e+06
-6.677163059721351601e+00 2.302057209864640213e+37 1.008931327330879983e+06
-6.669159031058370601e+00 2.335195596047920162e+37 1.008940560594519950e+06
-6.660999588428239804e+00 2.413218032012370159e+37 1.008949971290410031e+06
-6.652518612085259520e+00 2.517629831771650177e+37 1.008959754723369959e+06
-6.643775379750877619e+00 2.530694526747860168e+37 1.008969820496469969e+06
-6.634760002198163420e+00 2.603294246588990110e+37 1.008980190583299962e+06
-6.625364760511729401e+00 2.626139853408639776e+37 1.008990975040949997e+06
-6.615951563813723624e+00 2.671227785457970230e+37 1.009001761211610050e+06
-6.607122271147090942e+00 2.706918692865280078e+37 1.009011851021589944e+06
-6.597917972314462531e+00 2.814309268692379918e+37 1.009022346577520017e+06
-6.588902948795293923e+00 2.819230272643290209e+37 1.009032598273299984e+06
-6.579372371954377741e+00 2.925049270834649810e+37 1.009043409053749987e+06
-6.569367381714982912e+00 2.925379788160599765e+37 1.009054718893600046e+06
-6.558594342553988099e+00 3.009086134713290173e+37 1.009066841103879968e+06
-6.546989188849693164e+00 3.079956786595149934e+37 1.009079816850199946e+06
-6.534371949557680637e+00 3.151847729634509782e+37 1.009093840532009955e+06
-6.520076636814337689e+00 3.232846364875959982e+37 1.009109628965129959e+06
-6.503303765130112879e+00 3.328386252137680127e+37 1.009128002370630042e+06
-6.483484057258465327e+00 3.442546413489140086e+37 1.009149525376860052e+06
-6.460356054645671975e+00 3.577481329726430210e+37 1.009174394498459995e+06
-6.435057625945773907e+00 3.727675751430989841e+37 1.009201271111599985e+06
-6.410120462183840573e+00 3.877833460097139806e+37 1.009227431513029966e+06
-6.385444849169289228e+00 4.028288880208280224e+37 1.009253018308319966e+06
-6.360989878223335836e+00 4.178640997432300089e+37 1.009278069686400006e+06
-6.336711343850765843e+00 4.328702480276699664e+37 1.009302641227670014e+06
-6.312570796748332214e+00 4.478135536838239912e+37 1.009326775096219964e+06
-6.288531583108124323e+00 4.626852867734420426e+37 1.009350499832640053e+06
-6.264559762777935248e+00 4.774566483062419678e+37 1.009373860728809959e+06
-6.240625964412174653e+00 4.921254786584680087e+37 1.009396877861090004e+06
-6.216702349593106192e+00 5.066806054411360108e+37 1.009419566374739981e+06
-6.192761989019345492e+00 5.211110631974110447e+37 1.009441944079429959e+06
-6.168778573846793734e+00 5.354193943397429929e+37 1.009464021132339956e+06
-6.144738155548111536e+00 5.495878862266019673e+37 1.009485803059129976e+06
-6.120644159775110893e+00 5.635958195788360426e+37 1.009507271879430045e+06
-6.096475941674725618e+00 5.774395343350340428e+37 1.009528437017100048e+06
-6.072212936232972424e+00 5.911172210460189930e+37 1.009549305629219976e+06
-6.047834113021963276e+00 6.046197692803259844e+37 1.009569885855820030e+06
-6.023317889579629991e+00 6.179445495472309786e+37 1.009590180474919965e+06
-5.998642199243477080e+00 6.310907209653329998e+37 1.009610132255819975e+06
-5.973784986468672287e+00 6.440593102832939732e+37 1.009629797042830032e+06
-5.948771544193732552e+00 6.568125193673590050e+37 1.009649171563819982e+06
-5.923588565325189847e+00 6.693802326136779894e+37 1.009668194079010049e+06
-5.898216345740365796e+00 6.817519623448400347e+37 1.009686892548899981e+06
-5.872635143117804546e+00 6.939188647121479649e+37 1.009705274999390007e+06
-5.846825179512961768e+00 7.058745782204510345e+37 1.009723348634529975e+06
-5.820766900542366784e+00 7.176014327960240162e+37 1.009741112608780037e+06
-5.794441460791858844e+00 7.290924052390809706e+37 1.009758572963729966e+06
-5.767872481257654727e+00 7.403346675184139715e+37 1.009775699252199964e+06
-5.741047932220681105e+00 7.513213426947269948e+37 1.009792492960099946e+06
-5.713952255362528376e+00 7.620515159399669977e+37 1.009808954797029961e+06
-5.686571674086735584e+00 7.725152146157520352e+37 1.009825087022010004e+06
-5.658893144202011172e+00 7.827172060556979835e+37 1.009840889135460020e+06
-5.630900258358451538e+00 7.926573046094620197e+37 1.009856362303490052e+06
-5.602569274065899663e+00 8.023281880503770177e+37 1.009871511188489967e+06
-5.573881967815395910e+00 8.117298584465670162e+37 1.009886351726809982e+06
-5.544822400690463837e+00 8.208648487626339647e+37 1.009900870985349989e+06
-5.515375051996670663e+00 8.297442966177099886e+37 1.009915069555560010e+06
-5.485528546072600875e+00 8.383637128818770063e+37 1.009928942565880017e+06
-5.455278993715182878e+00 8.467154752724409993e+37 1.009942485456009977e+06
-5.424607083492446691e+00 8.548064661664419835e+37 1.009955701631139964e+06
-5.393493468327505980e+00 8.626378670440209192e+37 1.009968594987720018e+06
-5.361918623268138617e+00 8.702278693549060704e+37 1.009981170211649965e+06
-5.329863104379910510e+00 8.775666938312969451e+37 1.009993449403680046e+06
-5.297307198830822017e+00 8.846778185904830108e+37 1.010005423097910010e+06
-5.264241496697650291e+00 8.915532025933739249e+37 1.010017088199769962e+06
-5.230659433371329214e+00 8.982026279548830432e+37 1.010028447591649950e+06
-5.196545088692801073e+00 9.046395109514359252e+37 1.010039506697679986e+06
-5.161882359665469266e+00 9.108703606492519569e+37 1.010050273468510015e+06
-5.126655422267504036e+00 9.169065009590810709e+37 1.010060755783580011e+06
-5.090850135253276676e+00 9.227589013695090877e+37 1.010070962102230056e+06
-5.054456138343084604e+00 9.284379690351759477e+37 1.010080901486019953e+06
-5.017468586120230611e+00 9.339567698003190858e+37 1.010090582748980029e+06
-4.979970476473681629e+00 9.393181306672770556e+37 1.010099995872420026e+06
-4.941954574685951229e+00 9.445366135795900025e+37 1.010109156104190042e+06
-4.903364665136905387e+00 9.496328396462470626e+37 1.010118091368190013e+06
-4.864161746168974787e+00 9.546276567856549542e+37 1.010126825023730053e+06
-4.824248001139494590e+00 9.595507190101870817e+37 1.010135393090059981e+06
-4.783704163710353896e+00 9.644118872832319828e+37 1.010143794600880006e+06
-4.742320564233523328e+00 9.692456230909739446e+37 1.010152089797280030e+06
-4.700243803148623556e+00 9.740653825751209686e+37 1.010160214409890003e+06
-4.657666181301465258e+00 9.789169049714930382e+37 1.010167641816430027e+06
-4.613745729388028849e+00 9.837852228463649174e+37 1.010175572978390031e+06
-4.569437411169928964e+00 9.887030789372639501e+37 1.010183049857079983e+06
-4.524361396666790824e+00 9.936659197254979265e+37 1.010190620720990002e+06
-4.476693269134557340e+00 9.988594112189349266e+37 1.010198649138740031e+06
-4.429178700753254816e+00 1.004814274262000094e+38 1.010204066176300053e+06
-4.381579363333003130e+00 1.010068718095820070e+38 1.010211300083530019e+06
-4.331981120172713418e+00 1.015811918385259936e+38 1.010217933201040025e+06
-4.278556336212204769e+00 1.021937658335959991e+38 1.010225633840980008e+06
-4.223406994831748307e+00 1.028405490189150027e+38 1.010234106702680001e+06
-4.170071099440974649e+00 1.034921357254550085e+38 1.010242665465650032e+06
-4.116293865095940419e+00 1.041638582258819922e+38 1.010251603755060001e+06
-4.060286573389021214e+00 1.048817038888029973e+38 1.010261177590050036e+06
-4.000215731168282218e+00 1.056732845429950057e+38 1.010271715132419951e+06
-3.933964093950635288e+00 1.065733783425489938e+38 1.010283652464359999e+06
-3.863132851154659875e+00 1.075772409770040068e+38 1.010296771986489999e+06
-3.796267535471997689e+00 1.085780378687729985e+38 1.010309473967980011e+06
-3.730361683890805580e+00 1.095902267165310067e+38 1.010322362811189960e+06
-3.663477905334730167e+00 1.106467761158370045e+38 1.010335817959800013e+06
-3.593871306722576264e+00 1.117777848967350067e+38 1.010350219641010044e+06
-3.519713636691449210e+00 1.130154431758209926e+38 1.010366004325969960e+06
-3.438877520413370803e+00 1.144026357793959990e+38 1.010383717805410037e+06
-3.349222743614518549e+00 1.159856429970569960e+38 1.010403948470060015e+06
-3.264683725268696435e+00 1.175546134136119996e+38 1.010423474853959982e+06
-3.184621749154757708e+00 1.190766920263429952e+38 1.010442404530550004e+06
-3.110518780391430482e+00 1.205136442158450059e+38 1.010460253277990036e+06
-3.045724101473751944e+00 1.218025651511580014e+38 1.010476083065049956e+06
-2.988953046136884950e+00 1.229421120895199974e+38 1.010490121949629975e+06
-2.939097459260665346e+00 1.239500780249069923e+38 1.010502566386739956e+06
-2.895462881439016201e+00 1.248380168959850035e+38 1.010513534231469966e+06
-2.857163029060757253e+00 1.257745786787610022e+38 1.010520886547000031e+06
-2.823742021748330444e+00 1.264197977536230058e+38 1.010528347824890050e+06
-2.794520433853904251e+00 1.269635570395519980e+38 1.010535249704899965e+06
-2.768959177614306100e+00 1.274543304857749961e+38 1.010541463933689985e+06
-2.746503704678616486e+00 1.278982233918530001e+38 1.010547020520780003e+06
-2.726527796243317425e+00 1.283587432326240033e+38 1.010551363165940042e+06
-2.708349320666457061e+00 1.287369012339800029e+38 1.010555602668829961e+06
-2.691074005670088809e+00 1.290720165120790070e+38 1.010559761931570014e+06
-2.672749781115271617e+00 1.294496347161419991e+38 1.010563896483590011e+06
-2.640973655616107862e+00 1.300377415574810011e+38 1.010571542542889947e+06
-2.585679167757916730e+00 1.310286145419169992e+38 1.010584969528310001e+06
-2.522263066384766717e+00 1.322568949218499983e+38 1.010600489979009959e+06
-2.449076862969377544e+00 1.337047702976519986e+38 1.010617637621480040e+06
-2.362272908467275556e+00 1.353369360594950025e+38 1.010638018574959948e+06
-2.258042538880545180e+00 1.372217536040549950e+38 1.010662256482350058e+06
-2.131226890858670231e+00 1.394083309825180037e+38 1.010690890022419975e+06
-2.008161300938809291e+00 1.415280668751639912e+38 1.010717581064320053e+06
-1.887072711942892056e+00 1.435047267981869934e+38 1.010742751382619957e+06
-1.765544120586127974e+00 1.453707250570540078e+38 1.010766737245150027e+06
-1.641570816849707626e+00 1.471444601321219987e+38 1.010789716977469972e+06
-1.513201729365391657e+00 1.488366428134900014e+38 1.010811771496320027e+06
-1.378322762597235851e+00 1.504489356355169980e+38 1.010832879252520041e+06
-1.234477303463791031e+00 1.519748850829800074e+38 1.010852901556730038e+06
-1.078498882321582641e+00 1.535412097560930063e+38 1.010864672894680058e+06
-9.063086323003517464e-01 1.546486787478070042e+38 1.010879578316480038e+06
-7.122340834757778794e-01 1.557365678067829987e+38 1.010892675305149984e+06
-5.145226458043907769e-01 1.566089188663980066e+38 1.010899455422449973e+06
-3.292442987585673109e-01 1.571433631777150003e+38 1.010902571791389957e+06
-1.567568997197668068e-01 1.574053509876849948e+38 1.010902158978560008e+06
0.000000000000000000e+00 1.574560320546499989e+38 1.010898876782270032e+06
1.426454146276228130e-01 1.573306690282399954e+38 1.010893495271979948e+06
2.721820777951506898e-01 1.570825177659820008e+38 1.010886655202600057e+06
3.891178161793504842e-01 1.567535131382040001e+38 1.010878923791519948e+06
4.952106542405090295e-01 1.563659070848619928e+38 1.010870665297340020e+06
5.907289724054862745e-01 1.559534633224520054e+38 1.010862243746769964e+06
6.768799675337504596e-01 1.555299872069689959e+38 1.010853882129490026e+06
7.541827665700111538e-01 1.551113882528860089e+38 1.010845770658249967e+06
8.232850781714660116e-01 1.547074143784260001e+38 1.010838015673049958e+06
8.848167956821271218e-01 1.543240438541049942e+38 1.010830743671110016e+06
9.394093128066742793e-01 1.539652731511759941e+38 1.010824012476640055e+06
9.877834862854797393e-01 1.536326242083010020e+38 1.010817834974179976e+06
1.030688970189657994e+00 1.533259298134359962e+38 1.010812190622069989e+06
1.069262243501725607e+00 1.530390437475130035e+38 1.010806985448700027e+06
1.104833242025051732e+00 1.527635011167570060e+38 1.010802074501359952e+06
1.139497347263386473e+00 1.524810861253449969e+38 1.010797180829250021e+06
1.180302189946814906e+00 1.521148683363839936e+38 1.010791258599619963e+06
1.261503826885018498e+00 1.512581924115450002e+38 1.010778876955930027e+06
1.344773915065161418e+00 1.504754249127059947e+38 1.010765433195270016e+06
1.440391828997235280e+00 1.494923883705619906e+38 1.010749349970899988e+06
1.556071442246320657e+00 1.482238383126130035e+38 1.010728974593629944e+06
1.698466264970193151e+00 1.465762462826220086e+38 1.010702675029910053e+06
1.877841188303136732e+00 1.443921505306609935e+38 1.010668008748969994e+06
2.099766057996021118e+00 1.415948959674839968e+38 1.010623477496340056e+06
2.340190162642102223e+00 1.385632933253839954e+38 1.010574146099079982e+06
2.557154120418999810e+00 1.358909913685869917e+38 1.010529319923950010e+06
2.754283969123207498e+00 1.334356134374530088e+38 1.010488692785370047e+06
2.931078822570270859e+00 1.312314064884290089e+38 1.010452468578519998e+06
3.090743379820196424e+00 1.292378554810079962e+38 1.010420032464419957e+06
3.233723987359553576e+00 1.274606369124730030e+38 1.010391266029670020e+06
3.362465375292231329e+00 1.258662276474920067e+38 1.010365640493639978e+06
3.477546716341748834e+00 1.244514551167460087e+38 1.010342980301819975e+06
3.580605042887327727e+00 1.231925602333620042e+38 1.010322907263710047e+06
3.672301087295636535e+00 1.220817684878459927e+38 1.010305232581060030e+06
3.753682745766127482e+00 1.211036884892459926e+38 1.010289702619730029e+06
3.825683507413486950e+00 1.202470181264840062e+38 1.010276099543020013e+06
3.889348631826578639e+00 1.194971918017880072e+38 1.010264175129599986e+06
3.945885053450183477e+00 1.188375377451770053e+38 1.010253635132530006e+06
3.996937682823045179e+00 1.182441259759469907e+38 1.010244178584179957e+06
4.045180690693086945e+00 1.176820631437740042e+38 1.010235296300860005e+06
4.097360593405028339e+00 1.170651252704959952e+38 1.010225733962449944e+06
4.201198599796043709e+00 1.157702707494470069e+38 1.010206925994970021e+06
4.321021517956978641e+00 1.143632506144720090e+38 1.010185434660639963e+06
4.455411731709318701e+00 1.128126204041410073e+38 1.010161797568280017e+06
4.620434930875489954e+00 1.109322422855829965e+38 1.010133547586009954e+06
4.828421855658234563e+00 1.086397052661240084e+38 1.010099238891570014e+06
5.055531746846099850e+00 1.062946027827149992e+38 1.010063436420210055e+06
5.312566978820541408e+00 1.037820416718019914e+38 1.010025170279609971e+06
5.607365146359370556e+00 1.010955601385439908e+38 1.009984187116399989e+06
5.955671386589528993e+00 9.818066566849059229e+37 1.009939660341960029e+06
6.313170346045808401e+00 9.553038794257589363e+37 1.009897857954269974e+06
6.627511575919925235e+00 9.347459571002719286e+37 1.009863970116690034e+06
6.906465517262404319e+00 9.179548742252959899e+37 1.009836007950510015e+06
7.154041944006166887e+00 9.040887764289380323e+37 1.009812691404839978e+06
7.373614048054150771e+00 8.925463166080370768e+37 1.009793093818570022e+06
7.569326973665738478e+00 8.828084824671520877e+37 1.009776424665290047e+06
7.743422273197211325e+00 8.745703476476439636e+37 1.009762186960670049e+06
7.899211910167650785e+00 8.675089594346010929e+37 1.009749895519000012e+06
8.037957865257340018e+00 8.614696102617089652e+37 1.009739284486789955e+06
8.161895872523018625e+00 8.562586232960829820e+37 1.009730064079220057e+06
8.272240325517486781e+00 8.517652208786950710e+37 1.009722050470810034e+06
8.370276242647378240e+00 8.478847760463909959e+37 1.009715080249010003e+06
8.457224212084838655e+00 8.445285546082369594e+37 1.009709012387200026e+06
8.534402005003357772e+00 8.416133378691889807e+37 1.009703712823010050e+06
8.603353956976206973e+00 8.390542857329999593e+37 1.009699044257840025e+06
8.666855164578009862e+00 8.367210181160479952e+37 1.009694794838250033e+06
8.730704491579672322e+00 8.343632505470779786e+37 1.009690556494790013e+06
8.832081357068091165e+00 8.303185603996599539e+37 1.009683876415270031e+06
8.957570710386789870e+00 8.253758842240760120e+37 1.009675678055959987e+06
9.133879330867785029e+00 8.183680679149340372e+37 1.009664397885679966e+06
9.326024493399017956e+00 8.113504854058499999e+37 1.009652421292079962e+06
9.541401656242669560e+00 8.039415478790199548e+37 1.009639517293920042e+06
9.784631923401320819e+00 7.961103903090000321e+37 1.009625607218859950e+06
1.006357077520078747e+01 7.877555300661650197e+37 1.009610490593109978e+06
1.039246862087020418e+01 7.786685898639740085e+37 1.009593717493720003e+06
1.078872189142566640e+01 7.686994586456170365e+37 1.009574852849820047e+06
1.113589057482749922e+01 7.619756011707829663e+37 1.009559264341620030e+06
1.144313424044958083e+01 7.565790186879610233e+37 1.009546306027809973e+06
1.171515174485830357e+01 7.520565714361750310e+37 1.009535318874989985e+06
1.195816166928125313e+01 7.481311041418779741e+37 1.009525822311270051e+06
1.217503963051422033e+01 7.447225389522049912e+37 1.009517541135760024e+06
1.236896533179242397e+01 7.417326714425200395e+37 1.009510273765860009e+06
1.254306947876466438e+01 7.390841433128999783e+37 1.009503844802689971e+06
1.269889582102769054e+01 7.367475559761960082e+37 1.009498157642689999e+06
1.283882246507710079e+01 7.346670486795139982e+37 1.009493100673079956e+06
1.296414336418820312e+01 7.328211347961700207e+37 1.009488606379000004e+06
1.307621503606060287e+01 7.311831734768910129e+37 1.009484614206730039e+06
1.317637990552611882e+01 7.297279219572669846e+37 1.009481066369959968e+06
1.326595663204352604e+01 7.284312949418110353e+37 1.009477907019949984e+06
1.334763128589111147e+01 7.272382576813760050e+37 1.009475034972929978e+06
1.342583704806747846e+01 7.260589851994809759e+37 1.009472283192159957e+06
1.351738614230271196e+01 7.245022795266290210e+37 1.009469021599030006e+06
1.367498294055258157e+01 7.211597222563249811e+37 1.009463287979920045e+06
1.385529169754590839e+01 7.175727977583689838e+37 1.009456590820390033e+06
1.405663093065231806e+01 7.137209077055410115e+37 1.009449142141669989e+06
1.428316681682190392e+01 7.095070598686600016e+37 1.009440876587430015e+06
1.454104772916616639e+01 7.048381212840500132e+37 1.009431659193470026e+06
1.484144748279504711e+01 6.995376338445330185e+37 1.009421199251280050e+06
1.520152412142488174e+01 6.933588873743809635e+37 1.009409043279330013e+06
1.565113142270274693e+01 6.858484639483380368e+37 1.009394399271170027e+06
1.624902617672341876e+01 6.760802715440130308e+37 1.009375717878430034e+06
1.679262818755523767e+01 6.696338240112079743e+37 1.009359655792669975e+06
1.727464037500612903e+01 6.642085206989129644e+37 1.009345890108100022e+06
1.770387591193139087e+01 6.592747036874369650e+37 1.009333794994500000e+06
1.808581047085317550e+01 6.547944373018990400e+37 1.009323090619310038e+06
1.842634622817422496e+01 6.507228623563869889e+37 1.009313571551249945e+06
1.873073432676756056e+01 6.470234938624169788e+37 1.009305078283570008e+06
1.900368758347030962e+01 6.436581861378710042e+37 1.009297471856680000e+06
1.924917859111883445e+01 6.405939953938079929e+37 1.009290638493889943e+06
1.947052380852983333e+01 6.378021523787460140e+37 1.009284483895760030e+06
1.967054775674478151e+01 6.352568528768069832e+37 1.009278927505139960e+06
1.985128504776366754e+01 6.329436295995669934e+37 1.009273911911770003e+06
2.001464399865653832e+01 6.308423336683379574e+37 1.009269383173780050e+06
2.016225978432339616e+01 6.289362066465559921e+37 1.009265296299910056e+06
2.029519885421905201e+01 6.272178484520160329e+37 1.009261618838840048e+06
2.041643495012249332e+01 6.256300348610530140e+37 1.009258265504790004e+06
2.053006527419347549e+01 6.240995573320410061e+37 1.009255114248609985e+06
2.064763547089387430e+01 6.223769905990410079e+37 1.009251811412820010e+06
2.088160016232723137e+01 6.176380189716120244e+37 1.009244930720609962e+06
2.108084509542823071e+01 6.147426260693010112e+37 1.009239033809660003e+06
2.131497344515082659e+01 6.108530396000119992e+37 1.009232207485700026e+06
2.158327980992180528e+01 6.064575882531019772e+37 1.009224458506059949e+06
2.189874472381779924e+01 6.013737657423809838e+37 1.009215512809940032e+06
2.228186142939375713e+01 5.953412772729980140e+37 1.009204920838800026e+06
2.228191018954385072e+01 5.983614280016079776e+37 1.009845324245449970e+06
2.228192363130074227e+01 5.983696386613830241e+37 1.009848580526269972e+06
2.228194252599496394e+01 5.983613850753310271e+37 1.009849075412419974e+06
2.228196502177161165e+01 5.983614138839630397e+37 1.009850576334450045e+06
2.228199224870331818e+01 5.983602524273810390e+37 1.009852341017180006e+06
2.228202543820952997e+01 5.983590157426120278e+37 1.009854316912580049e+06
2.228206645781756379e+01 5.983575105400829729e+37 1.009856521896729944e+06
2.228211808078049216e+01 5.983556131314699907e+37 1.009858962274680031e+06
2.228218293432291830e+01 5.983532338897610434e+37 1.009861574138210039e+06
2.228224955785117345e+01 5.983508364723429576e+37 1.009863803571510012e+06
2.228232007761107525e+01 5.983483033139910006e+37 1.009865789444759954e+06
2.228239377171121305e+01 5.983456754129720197e+37 1.009867490478649968e+06
2.228247338328219485e+01 5.983428483600659878e+37 1.009868993063420057e+06
2.228255987349984935e+01 5.983398051459160356e+37 1.009870301411219989e+06
2.228265648661908926e+01 5.983364396663839813e+37 1.009871451090440038e+06
2.228276753737009130e+01 5.983326240539740077e+37 1.009872473705249955e+06
2.228289896436763229e+01 5.983281940778620237e+37 1.009873381105429959e+06
2.228306335810339078e+01 5.983227923890660076e+37 1.009874190010049962e+06
2.228329015382041689e+01 5.983156258421950303e+37 1.009874945964209968e+06
2.228365150056197308e+01 5.983050178102519914e+37 1.009875725854129996e+06
2.228437058057897957e+01 5.982873078994009601e+37 1.009876802773720003e+06
2.228580154981318628e+01 5.982644333857680175e+37 1.009878796498449985e+06
2.228864917859027628e+01 5.982450678681839709e+37 1.009883207583619980e+06
2.229431595985806780e+01 5.981812270468640355e+37 1.009893235972309951e+06
2.230559285458730301e+01 5.975754030493230063e+37 1.009915204408830032e+06
2.232803387509920867e+01 5.948010656540850321e+37 1.009958374089580029e+06
2.237269150591600919e+01 5.880438603560260412e+37 1.010029974561230047e+06
2.243861996427585836e+01 5.801136641911999894e+37 1.010108181770380004e+06
2.253196186323475558e+01 5.731428931146799983e+37 1.010183365107710008e+06
2.267794527874502819e+01 5.676822339756999977e+37 1.010253898116040044e+06
2.293579785610199906e+01 5.636407714588889548e+37 1.010312762968190014e+06
2.326725924425409175e+01 5.615170686711220208e+37 1.010341585781630012e+06
2.373964833722857293e+01 5.586365662147499580e+37 1.010344737789300038e+06
2.430789943585841684e+01 5.550667792293110056e+37 1.010327714389740024e+06
2.489629528023215244e+01 5.512206142413010186e+37 1.010301695870799944e+06
2.541837287119415123e+01 5.479330090769109717e+37 1.010276211961859954e+06
2.588253265628009103e+01 5.445238279159289962e+37 1.010252412850799970e+06
2.629879615255777026e+01 5.410781535942569682e+37 1.010230347408290021e+06
2.667177230890956707e+01 5.377711603480069726e+37 1.010210170313420007e+06
2.700715564318670658e+01 5.346415913386480137e+37 1.010191794808850042e+06
2.730984789792273659e+01 5.317037799819219883e+37 1.010175053007649956e+06
2.758411093765607802e+01 5.289573090318790362e+37 1.010159805833210004e+06
2.783344737046718365e+01 5.263961575291850349e+37 1.010145896261760034e+06
2.806050626441719942e+01 5.240151580540319734e+37 1.010133200304819969e+06
2.826762973720906302e+01 5.218059365195589888e+37 1.010121605915440014e+06
2.845687769519281574e+01 5.197552115405410239e+37 1.010111001330030034e+06
2.863080133221956203e+01 5.178351649781350264e+37 1.010101244132600026e+06
2.879455325081653427e+01 5.159652914318840203e+37 1.010092028382349992e+06
2.896159619578247657e+01 5.138988131192429727e+37 1.010082520972870057e+06
2.918553546576004010e+01 5.105586732014100466e+37 1.010069270499550039e+06
2.938961323071998777e+01 5.080012335713900324e+37 1.010057156523969956e+06
2.957611142532550730e+01 5.057143487070549921e+37 1.010046173249089974e+06
2.974988076701993123e+01 5.035486822844159796e+37 1.010036009690179955e+06
2.991783057252905564e+01 5.013761083421199738e+37 1.010026207865389995e+06
3.011150272718077758e+01 4.985363335702290236e+37 1.010014732106370036e+06
3.034217043216631282e+01 4.949942803511460419e+37 1.010000806432610028e+06
3.055261804992187535e+01 4.921843671097720223e+37 1.009988196653009974e+06
3.074606311266688863e+01 4.896519804015949988e+37 1.009976774697760004e+06
3.092626260482938960e+01 4.872796023430970412e+37 1.009966264290289953e+06
3.110088883720163722e+01 4.849113495162300451e+37 1.009956145955980057e+06
3.130267267775343498e+01 4.818524614300599994e+37 1.009944328847959987e+06
3.152598367437167326e+01 4.784557893102669719e+37 1.009931138406030019e+06
3.173067348044423852e+01 4.756522604963869828e+37 1.009919176609670045e+06
3.192013350460183574e+01 4.730939102776180183e+37 1.009908266011910047e+06
3.210082685617089737e+01 4.706183281202830468e+37 1.009897973100739997e+06
3.229203270003199577e+01 4.678182425859580434e+37 1.009887073636590037e+06
3.252930017178732669e+01 4.640216512627100168e+37 1.009873359769230010e+06
3.274593335465760902e+01 4.610210328335350042e+37 1.009860985276620020e+06
3.294562702807888854e+01 4.583140052436189747e+37 1.009849780488980003e+06
3.313432801490125712e+01 4.557370048572209850e+37 1.009839340897549991e+06
3.332437662109441590e+01 4.530421152023289556e+37 1.009828890893150005e+06
3.356512417737394571e+01 4.492057447966420447e+37 1.009815464021470048e+06
3.378455488743929891e+01 4.461863699235709834e+37 1.009803371155339992e+06
3.398800412857963238e+01 4.434323059045030208e+37 1.009792355583569966e+06
3.418110964442894328e+01 4.408025418666199818e+37 1.009782043994760024e+06
3.438011878808902111e+01 4.379659421399999833e+37 1.009771463841730030e+06
3.462596297746495111e+01 4.341294292330350391e+37 1.009758243154020049e+06
3.485058203319931636e+01 4.310850058267669922e+37 1.009746335249169962e+06
3.505913244093972025e+01 4.283113722968689585e+37 1.009735494056249969e+06
3.525812784662412014e+01 4.256515084113759711e+37 1.009725305083020008e+06
3.546512179695127998e+01 4.227560321988109840e+37 1.009714757003510022e+06
3.572250171923224116e+01 4.188401579982340000e+37 1.009701510157059995e+06
3.595742508860712405e+01 4.157635081767330107e+37 1.009689632032630034e+06
3.617551239652675577e+01 4.129636041877209948e+37 1.009678846015020041e+06
3.638209621229179902e+01 4.103146895851439830e+37 1.009668808300739969e+06
3.659158392973768059e+01 4.075424143120469975e+37 1.009658719142460031e+06
3.686437671494059032e+01 4.035071504246160036e+37 1.009645414699409972e+06
3.711412883385492023e+01 4.003729253488119977e+37 1.009633462018589955e+06
3.734563923246605555e+01 3.975318646161320004e+37 1.009622644028119976e+06
3.756334076317580184e+01 3.948756518033440178e+37 1.009612667050190037e+06
3.777616947529168101e+01 3.922441964244860098e+37 1.009603033877399983e+06
3.801933787336747628e+01 3.889850787071140015e+37 1.009591975631969981e+06
3.827986043793498538e+01 3.855842948088699826e+37 1.009580155546830036e+06
3.851947704751364654e+01 3.827476089512079785e+37 1.009569502704720013e+06
3.874505390059493948e+01 3.801019388040340160e+37 1.009559675206050044e+06
3.896452258452336537e+01 3.775057956458539837e+37 1.009550245779420016e+06
3.920635659092658898e+01 3.744489942374040071e+37 1.009539839864889975e+06
3.947920789536146913e+01 3.709522104427539902e+37 1.009528072465160047e+06
3.973003183663240634e+01 3.681017651459689871e+37 1.009517478569600033e+06
3.996439139945141505e+01 3.654781187627450228e+37 1.009507792048029951e+06
4.019057861075270921e+01 3.629299679505149947e+37 1.009498588643420022e+06
4.042926609303685836e+01 3.601118178995359936e+37 1.009488904172520037e+06
4.071716942624334479e+01 3.564843567075850088e+37 1.009477112153219990e+06
4.098073474625562085e+01 3.536241388792900184e+37 1.009466547531359945e+06
4.122628223540959880e+01 3.510011607750909904e+37 1.009456927951790043e+06
4.146025006318814121e+01 3.484987392157439803e+37 1.009447915276500047e+06
4.169769210355298128e+01 3.458856891246919962e+37 1.009438839743559947e+06
4.198314366858539870e+01 3.424619367420879950e+37 1.009427799786619958e+06
4.224617290503374534e+01 3.396955156201059971e+37 1.009417785066580051e+06
4.249309363037173171e+01 3.371252597668840054e+37 1.009408561148139997e+06
4.273148688870423939e+01 3.346354184905990199e+37 1.009399781173059950e+06
4.298203363724314841e+01 3.319091962505999886e+37 1.009390580651200027e+06
4.329322073215007549e+01 3.282502990412029836e+37 1.009379004668910056e+06
4.357868499910546234e+01 3.253993529990259921e+37 1.009368639035400003e+06
4.384354673207417363e+01 3.228113092490179778e+37 1.009359266048709978e+06
4.409331914633366978e+01 3.203836462551449845e+37 1.009350596147179953e+06
4.433882349404302659e+01 3.179670174313179811e+37 1.009342174952949979e+06
4.461153852463030489e+01 3.151024765183449864e+37 1.009332777914440027e+06
4.495442721670406172e+01 3.113298948001090000e+37 1.009320849492060021e+06
4.526623218885652022e+01 3.084780297427449802e+37 1.009310337674319977e+06
4.555431351594597800e+01 3.058897450035670149e+37 1.009300906583309988e+06
4.582181330351886572e+01 3.035120873360770148e+37 1.009292334086030023e+06
4.607747127817128785e+01 3.012225872881729994e+37 1.009284249795580050e+06
4.633470079392282059e+01 2.988622566225219889e+37 1.009276157963149948e+06
4.664293718453700421e+01 2.957513526426280213e+37 1.009266296929580043e+06
4.695461530015018070e+01 2.928400651406589880e+37 1.009256382577029988e+06
4.724196374551684130e+01 2.903383707199199819e+37 1.009247434650409967e+06
4.751087411640764913e+01 2.880092213501189787e+37 1.009239205286600045e+06
4.777144926671462599e+01 2.857246349654879817e+37 1.009231313796989969e+06
4.804266137997183250e+01 2.832577279349029900e+37 1.009223103808669955e+06
4.835802363733091624e+01 2.801922532837410101e+37 1.009213404776389943e+06
4.864824266608047765e+01 2.776757779434870029e+37 1.009204598021170008e+06
4.892054696844570572e+01 2.753258399325870208e+37 1.009196463168030023e+06
4.918589628746849485e+01 2.730105125446889778e+37 1.009188612990649999e+06
4.946575856138952076e+01 2.704778024976720098e+37 1.009180333509379998e+06
4.978324851211073110e+01 2.674552116946969821e+37 1.009170809004239971e+06
5.007569363390211947e+01 2.649618264791800096e+37 1.009162177342840005e+06
5.035122039134148508e+01 2.626279140405179923e+37 1.009154180379700032e+06
5.062139851657411782e+01 2.603179878064909882e+37 1.009146422124059987e+06
5.091160497513192240e+01 2.577359952159500226e+37 1.009138084975930047e+06
5.123361616293550469e+01 2.547804689651779984e+37 1.009128736612159992e+06
5.153025292746315245e+01 2.523210264655530069e+37 1.009120276651500026e+06
5.181028197761770571e+01 2.500169879303390016e+37 1.009112428541859961e+06
5.208535737892088946e+01 2.477370618895840201e+37 1.009104804402919952e+06
5.238317127450864064e+01 2.451667238087090124e+37 1.009096546427760040e+06
5.270786813905579038e+01 2.423008618919109987e+37 1.009087457031739992e+06
5.300747851112828357e+01 2.398867068298100205e+37 1.009079211796479998e+06
5.329134687371697510e+01 2.376165851840369815e+37 1.009071529836829985e+06
5.357208164293115260e+01 2.353549851135500016e+37 1.009064011840429972e+06
5.388131584256916540e+01 2.327506447138630041e+37 1.009055712534280028e+06
5.420681267316103913e+01 2.300062071422169881e+37 1.009046919287809986e+06
5.450814009823807282e+01 2.276474619524030076e+37 1.009038914023149991e+06
5.479558735109458212e+01 2.254121186519000208e+37 1.009031396388350055e+06
5.508351002426934429e+01 2.231551288201600204e+37 1.009023939301679959e+06
5.541218828740238678e+01 2.204370272729110137e+37 1.009015376770830015e+06
5.574282668309751898e+01 2.177990318425460165e+37 1.009006763324000058e+06
5.604891485794360051e+01 2.154934152110830129e+37 1.008998933988939971e+06
5.634149030002299696e+01 2.133036337644049796e+37 1.008991567283399985e+06
5.663684617744729621e+01 2.110747045599969927e+37 1.008984202171670040e+06
5.697590676317486214e+01 2.083857620135240029e+37 1.008975700021089986e+06
5.731748053546471056e+01 2.057722865856360104e+37 1.008967138184790034e+06
5.763343711324705509e+01 2.034956847771669953e+37 1.008959371810590033e+06
5.793411031652067322e+01 2.013529772540220087e+37 1.008952107408800046e+06
5.823487713217036799e+01 1.992007480477360017e+37 1.008944921651149984e+06
5.857301481972535839e+01 1.966795841902349934e+37 1.008936825672050007e+06
5.893597254037740640e+01 1.939671156286310038e+37 1.008928078389200033e+06
5.926909791978687281e+01 1.916893578890400013e+37 1.008920217510650051e+06
5.958238703421375249e+01 1.895845696389789896e+37 1.008912975032250048e+06
5.988885511670378037e+01 1.875322521908339944e+37 1.008905991826510057e+06
6.021377658838900970e+01 1.853092772585240040e+37 1.008898624730700045e+06
6.060675462170183891e+01 1.824695704910390060e+37 1.008889599711340037e+06
6.096433286184037570e+01 1.801492117806220050e+37 1.008881518965739990e+06
6.129657277371734381e+01 1.780330723645429926e+37 1.008874166960090050e+06
6.161368794032750884e+01 1.760414060191220056e+37 1.008867268175920006e+06
6.193412619811715558e+01 1.740169691443860043e+37 1.008860367355099996e+06
6.230295401809416944e+01 1.715745072185070088e+37 1.008852379459450021e+06
6.270347331898665288e+01 1.689279696867449951e+37 1.008843649083549972e+06
6.306937684431613889e+01 1.667382345923220037e+37 1.008835866194540053e+06
6.341064559067308437e+01 1.647414299515820115e+37 1.008828772630310035e+06
6.373963914685737109e+01 1.628341575441580061e+37 1.008822048531249980e+06
6.407603440363891423e+01 1.608655203929889915e+37 1.008815231966439984e+06
6.448193153187457938e+01 1.583371402966409895e+37 1.008806911712080007e+06
6.489941661380726146e+01 1.558370081312909969e+37 1.008798356793530053e+06
6.528121611072856467e+01 1.537255963838869998e+37 1.008790724160009995e+06
6.563756323542475002e+01 1.518013875610420095e+37 1.008783759817410028e+06
6.598140665652317693e+01 1.499628399228080073e+37 1.008777149185910006e+06
6.633346522767533315e+01 1.480623327742030070e+37 1.008770435267430032e+06
6.675778356167575112e+01 1.456254935100730003e+37 1.008762241006299970e+06
6.720226530919171637e+01 1.431451504420619895e+37 1.008753636648640037e+06
6.760893835512979422e+01 1.410630357778909894e+37 1.008745958982859971e+06
6.798726730632188264e+01 1.391759959508110102e+37 1.008738979998099967e+06
6.835030763990653213e+01 1.373841017421659943e+37 1.008732392577740015e+06
6.871879629544855561e+01 1.355553034248450083e+37 1.008725766864440055e+06
6.914214253584941616e+01 1.333518057952569944e+37 1.008718087392900023e+06
6.963472926542453934e+01 1.307228441176909927e+37 1.008709022764800000e+06
7.008310350056854077e+01 1.285967510903260090e+37 1.008700988585290033e+06
7.049698397865722654e+01 1.266903990629639918e+37 1.008693756704999949e+06
7.088886384766374249e+01 1.249087840202599981e+37 1.008687029596189968e+06
7.127627197040419560e+01 1.231505962757189911e+37 1.008680453543909942e+06
7.169062564457271947e+01 1.212245860297099951e+37 1.008673416489419993e+06
7.225352557781297946e+01 1.184188767813290024e+37 1.008663644110059948e+06
7.276388865304033970e+01 1.161326137697419897e+37 1.008654916887379950e+06
7.323243880244990578e+01 1.140999824478040000e+37 1.008647087224210030e+06
7.367092979629524052e+01 1.122412868243480058e+37 1.008639898470169981e+06
7.409284118047071388e+01 1.104745868491900057e+37 1.008633075710610021e+06
7.451866467050422216e+01 1.086825683463409907e+37 1.008626230472430005e+06
7.500000240750523517e+01 1.065774770785990116e+37 1.008618422127350001e+06
7.561584191594738513e+01 1.037395987853770048e+37 1.008608191075850045e+06
7.617844204234279459e+01 1.014538513824419999e+37 1.008599092079450027e+06
7.669714448776358040e+01 9.940512579957110311e+36 1.008590899776840000e+06
7.718601803963247221e+01 9.750128535247139575e+36 1.008583302177330013e+06
7.765913092680420959e+01 9.567520928972439585e+36 1.008576027783110039e+06
7.813809413699345896e+01 9.382042798781500450e+36 1.008568691909739980e+06
7.868051371187902987e+01 9.164816772516089610e+36 1.008560299525249982e+06
7.940192797179042827e+01 8.861460602066550505e+36 1.008548861280380050e+06
8.006737176305614412e+01 8.613120770734120532e+36 1.008538589629160007e+06
8.068823253893788205e+01 8.387286941717470273e+36 1.008529208305169945e+06
8.127522628258157056e+01 8.177872453259939442e+36 1.008520473194889957e+06
8.184051774063118501e+01 7.978650519612120197e+36 1.008512142676510033e+06
8.240759612641704734e+01 7.779345803511960349e+36 1.008503821520120022e+06
8.301942378470266704e+01 7.562856281749070008e+36 1.008494823989309953e+06
8.387826568837772356e+01 7.251010016782019807e+36 1.008482030454569962e+06
8.472519620141247287e+01 6.963431833048479900e+36 1.008469589619150036e+06
8.556016092482605018e+01 6.692084336748869916e+36 1.008457574844380026e+06
8.636189174179889960e+01 6.442499958902120576e+36 1.008446274736110005e+06
8.713815772876114352e+01 6.205139235240079733e+36 1.008435452705819975e+06
8.791174376571871107e+01 5.974930211510099880e+36 1.008424799422640004e+06
8.871014198294142261e+01 5.740248048879670055e+36 1.008413855451010051e+06
8.960132810685172444e+01 5.484541155326860414e+36 1.008401733813510044e+06
9.101865999618166825e+01 5.091209953097070122e+36 1.008382715849839966e+06
9.217321986255410593e+01 4.791654049220050292e+36 1.008367473725409945e+06
9.361199472955922829e+01 4.447558585395209950e+36 1.008349286606400041e+06
9.508686892590776552e+01 4.128233885850710271e+36 1.008331463967190008e+06
9.663850721099879593e+01 3.822104626522449778e+36 1.008313594565070001e+06
