# time luminosity radius
-2.017769019085426407e+01 5.528586001177769807e+35 1.008461105649380013e+06
-1.942193477542832625e+01 5.601581395408640258e+35 1.008456999281869968e+06
-1.871393268723431902e+01 5.680216400076560031e+35 1.008453309869540040e+06
-1.799340709237594638e+01 5.769793872726490250e+35 1.008449844913800014e+06
-1.726230009092614637e+01 5.870446542872259966e+35 1.008446698455929989e+06
-1.650962533761276063e+01 5.984608938570539798e+35 1.008443902298919973e+06
-1.571714363196815611e+01 6.118158631825390271e+35 1.008441531601720024e+06
-1.485702719109031023e+01 6.282101113880750328e+35 1.008439750275649945e+06
-1.392142255768339965e+01 6.489081318533959778e+35 1.008438927870730055e+06
-1.280043483721055964e+01 6.795751205619550315e+35 1.008440104561669985e+06
-1.145357878091272141e+01 7.315519034549919968e+35 1.008446949237740017e+06
-1.026747855498842910e+01 8.055041526333089861e+35 1.008465061500980053e+06
-1.021772181313281180e+01 8.087378104347810577e+35 1.008465953002789989e+06
-1.011870589683985600e+01 8.154245807787160109e+35 1.008467891837280011e+06
-9.921664223417337780e+00 8.297867147421649610e+35 1.008472346289520035e+06
-9.687113856170526560e+00 8.491323456558390303e+35 1.008478958367409999e+06
-9.531703689849109651e+00 8.629179715280110494e+35 1.008484341859570006e+06
-9.401690555594541365e+00 8.759337527125709901e+35 1.008489413186099962e+06
-9.282623940213397873e+00 8.893681437880060461e+35 1.008494558071700041e+06
-9.171156377153238282e+00 9.048190353808850572e+35 1.008499875082029961e+06
-9.069073397646661761e+00 9.218027089217959412e+35 1.008505236794959987e+06
-8.977379837582702748e+00 9.400441352491290196e+35 1.008510510738229961e+06
-8.896992500234773615e+00 9.586399468110139658e+35 1.008515617124740034e+06
-8.824527177946492884e+00 9.798136968360869376e+35 1.008521141067159944e+06
-8.752834099726896966e+00 1.016091559351730060e+36 1.008526947708109976e+06
-8.683840346088800288e+00 1.053939312240449958e+36 1.008532797689020052e+06
-8.614442856824553019e+00 1.113484035003109959e+36 1.008539044018169981e+06
-8.550588220683494001e+00 1.181244366236689943e+36 1.008545151105280034e+06
-8.492548795363290992e+00 1.251392686328900015e+36 1.008551046924790018e+06
-8.438249649365388905e+00 1.328144120428940056e+36 1.008556918859399972e+06
-8.386273009134129097e+00 1.409302344614149862e+36 1.008562888576349942e+06
-8.336441424132772227e+00 1.492352562149830091e+36 1.008568961839350057e+06
-8.287245506573071907e+00 1.578713152152000010e+36 1.008575328582850052e+06
-8.239199270451535995e+00 1.682706706769890102e+36 1.008581961093620048e+06
-8.234782512437504920e+00 1.692161353498029923e+36 1.008582613469270058e+06
-8.225993163989187451e+00 1.711204128917950118e+36 1.008583911230479949e+06
-8.208502360576858337e+00 1.748175152864070016e+36 1.008586515816629981e+06
-8.188923891304966673e+00 1.836044536996480022e+36 1.008589562460100045e+06
-8.169075285883991455e+00 1.928640489935980105e+36 1.008592731436479953e+06
-8.149360123880796891e+00 2.009018831625760043e+36 1.008595966739519965e+06
-8.128583408243684971e+00 2.084068476242589924e+36 1.008599474655500031e+06
-8.109188751056080946e+00 2.145735227173220045e+36 1.008602839544599992e+06
-8.088911165756144328e+00 2.210492841591260052e+36 1.008606455622329959e+06
-8.068745885984753841e+00 2.276435147875940025e+36 1.008610153632130008e+06
-8.048804149221723492e+00 2.343007317540380097e+36 1.008613915392089984e+06
-8.029045858418157877e+00 2.416301394337670003e+36 1.008617749471670017e+06
-8.009407416269368696e+00 2.737958267778610133e+36 1.008621946487740031e+06
-7.990723823678763438e+00 2.915631549139679933e+36 1.008626027047059964e+06
-7.972308485961548286e+00 3.389112914562900039e+36 1.008630244043010054e+06
-7.953909709371146164e+00 3.382485954852089921e+36 1.008634545693579945e+06
-7.935460708388291096e+00 3.423021221570210117e+36 1.008638958001179970e+06
-7.916889314829404611e+00 3.564455748481860050e+36 1.008643525495840004e+06
-7.898119252098240395e+00 3.636964158048210233e+36 1.008648262073689955e+06
-7.879092213171134063e+00 3.717923745929609903e+36 1.008653194094810053e+06
-7.859700244780469802e+00 3.803972879855149728e+36 1.008658354427370010e+06
-7.838747479215271596e+00 3.901347302609870095e+36 1.008664093009360018e+06
-7.818074251277721487e+00 4.002883726213830276e+36 1.008669929206160014e+06
-7.798286405703493074e+00 4.105376302247140234e+36 1.008675685559769976e+06
-7.779285874043125659e+00 4.208631495163139839e+36 1.008681377790239989e+06
-7.760996424445693265e+00 4.312476921740789921e+36 1.008687013393120025e+06
-7.743309045181831607e+00 4.417285319850039842e+36 1.008692606809920049e+06
-7.724928360758894996e+00 4.530333469816249854e+36 1.008698578081169981e+06
-7.707058973100174626e+00 4.644552421332089865e+36 1.008704542831690051e+06
-7.689653673679458734e+00 4.761603885720270002e+36 1.008710511117520044e+06
-7.672626728313389322e+00 4.880538931704220113e+36 1.008716505521120038e+06
-7.655902751103894843e+00 5.001753783524439831e+36 1.008722547263390035e+06
-7.639419571101825568e+00 5.125252692866619983e+36 1.008728647829010035e+06
-7.622071601724201173e+00 5.258749685848870141e+36 1.008735234614470042e+06
-7.604910416885559243e+00 5.394681659288700165e+36 1.008741922161919996e+06
-7.587928551266486465e+00 5.534913055328889979e+36 1.008748715129420045e+06
-7.571077015019454848e+00 5.678803312077669857e+36 1.008755633235270041e+06
-7.554336946414423437e+00 5.826449794654810330e+36 1.008762678046809975e+06
-7.536679924891359406e+00 5.986792207224689823e+36 1.008770305551809957e+06
-7.519120460885005741e+00 6.152734690360519686e+36 1.008778097404569970e+06
-7.501706728211956943e+00 6.323196199320839479e+36 1.008786034015699988e+06
-7.484824492272764473e+00 6.493710681586389546e+36 1.008793921809470048e+06
-7.467454703665680427e+00 6.675281505097830214e+36 1.008802254005110008e+06
-7.450500653078961477e+00 6.860019283532139595e+36 1.008810601828129962e+06
-7.434087660138629872e+00 7.060837373104769751e+36 1.008818902972599957e+06
-7.418172263168798963e+00 7.273512223504079795e+36 1.008827160457580001e+06
-7.401705287233198760e+00 7.488723588461360113e+36 1.008835916541939951e+06
-7.385591478082460526e+00 7.697660417489909452e+36 1.008844690232309978e+06
-7.368884260579307011e+00 7.918429011118759726e+36 1.008854009741279995e+06
-7.352563713959625602e+00 8.137909072410680341e+36 1.008863335647449945e+06
-7.336720884115948138e+00 8.355717891367219872e+36 1.008872593515170040e+06
-7.320310710957983247e+00 8.583303627236540041e+36 1.008882403747849981e+06
-7.304225221776050603e+00 8.812588570273270301e+36 1.008892228163909982e+06
-7.287532778027525637e+00 9.058660021633489878e+36 1.008902652756380034e+06
-7.271181349012294959e+00 9.303418320628339817e+36 1.008913079453330021e+06
-7.254216934897613100e+00 9.562029025021530570e+36 1.008924123331089970e+06
-7.236707191264940775e+00 9.834160908574849741e+36 1.008935763720580027e+06
-7.219902462098616525e+00 1.009940804223509987e+37 1.008947156547039980e+06
-7.202841671843088989e+00 1.037252086939299945e+37 1.008958942101959954e+06
-7.185461964782462019e+00 1.065510734344949936e+37 1.008971175960349967e+06
-7.168795285497253644e+00 1.092937340735890010e+37 1.008983112525340053e+06
-7.151840977177016612e+00 1.121134221723529943e+37 1.008995457399580046e+06
-7.134521159255655220e+00 1.149644392874740020e+37 1.009008268604479963e+06
-7.116848894538634340e+00 1.178811541624640045e+37 1.009021538862430025e+06
-7.098830333249679825e+00 1.208824712264810008e+37 1.009035266823849990e+06
-7.080464812644095218e+00 1.239635708890319964e+37 1.009049454946169979e+06
-7.061745040237838111e+00 1.271172474364860106e+37 1.009064107215319993e+06
-7.042657881976083445e+00 1.303657421570050068e+37 1.009079237537640030e+06
-7.023190578185676713e+00 1.336647783883680047e+37 1.009094852699359995e+06
-7.003329834252326691e+00 1.371654043122229945e+37 1.009110962813189952e+06
-6.983053537284831691e+00 1.408696341884100103e+37 1.009127576592199970e+06
-6.960971875180348434e+00 1.459298886988370003e+37 1.009145866593120038e+06
-6.938412445330868650e+00 1.525114963967679934e+37 1.009164695422279998e+06
-6.914658066189531382e+00 1.583437101251910108e+37 1.009184665460670018e+06
-6.890476322333597636e+00 1.652890279709740076e+37 1.009205117255480029e+06
-6.864952676342454652e+00 1.724712976012919962e+37 1.009226833198330016e+06
-6.838274273379283841e+00 1.798687086508910100e+37 1.009249581684969948e+06
-6.810231436410958850e+00 1.877293324477739909e+37 1.009273548528149957e+06
-6.780310600448956393e+00 1.962298950704669947e+37 1.009299146825019969e+06
-6.748286706275393954e+00 2.055033628029270096e+37 1.009326542270650039e+06
-6.714283828987390734e+00 2.156600842712089775e+37 1.009355595782840042e+06
-6.678034393100915622e+00 2.267695692869090034e+37 1.009386488582720049e+06
-6.639463412280292687e+00 2.389285863726639897e+37 1.009419228871779982e+06
-6.597919765396000003e+00 2.524345967854660044e+37 1.009454291997949942e+06
-6.553392873343000247e+00 2.673273133166910137e+37 1.009491582026690012e+06
-6.504368257874830306e+00 2.841018922913989938e+37 1.009532223729040008e+06
-6.450597552456201811e+00 3.028387982389799897e+37 1.009576196843130048e+06
-6.392524300759305333e+00 3.232797549736800128e+37 1.009622849392159958e+06
-6.329025121258382569e+00 3.456145662856139864e+37 1.009672710685170023e+06
-6.260172041177156643e+00 3.696175752268089818e+37 1.009725239007800003e+06
-6.185588792528960767e+00 3.950684782444210072e+37 1.009780145881299977e+06
-6.105105006089615927e+00 4.216429250982039795e+37 1.009836904537979979e+06
-6.017353494139570103e+00 4.493599304103790160e+37 1.009895704626420047e+06
-5.922758431035163085e+00 4.776315726736360458e+37 1.009955440680089989e+06
-5.820742231137046474e+00 5.061952270883339584e+37 1.010015696058620000e+06
-5.714055261176326894e+00 5.339681220254369698e+37 1.010074325166370021e+06
-5.600528705434044241e+00 5.612826541123279715e+37 1.010132130689439946e+06
-5.478412345347351220e+00 5.883237412307320238e+37 1.010189527903310023e+06
-5.344853634320315905e+00 6.155091494631129792e+37 1.010247327272559982e+06
-5.195221829282672843e+00 6.435404150683519684e+37 1.010306929236660013e+06
-5.030026381746665720e+00 6.724212489447289568e+37 1.010367806976699969e+06
-4.848288030613730371e+00 7.025917444913289791e+37 1.010430506024000002e+06
-4.676818894460211595e+00 7.307537549584570201e+37 1.010487179266919964e+06
-4.512286431602660741e+00 7.575967294010699856e+37 1.010540338661439950e+06
-4.350678473959760595e+00 7.842103402970960049e+37 1.010592081601529964e+06
-4.188228272053493129e+00 8.114951532288319682e+37 1.010644141262670048e+06
-4.021784517780361057e+00 8.400995429164950314e+37 1.010697902267529978e+06
-3.848954440288252954e+00 8.707028572031180367e+37 1.010754406437580008e+06
-3.669279396914589597e+00 9.033845398982560772e+37 1.010813959929940058e+06
-3.480102832106695132e+00 9.385970729528939163e+37 1.010877459548320039e+06
-3.279830827664227400e+00 9.764679469340800860e+37 1.010945177793430048e+06
-3.066203431175836158e+00 1.016986943272379930e+38 1.011017340588890016e+06
-2.839029981211751874e+00 1.059629764143810042e+38 1.011093078968390008e+06
-2.595780333973834786e+00 1.103909293381849965e+38 1.011171813705460052e+06
-2.333184004397026001e+00 1.149196426246759914e+38 1.011252547725460026e+06
-2.065209342913931323e+00 1.192322707237479974e+38 1.011329011579070007e+06
-1.804659469902162527e+00 1.230753720859829968e+38 1.011396384118070011e+06
-1.543778975643363083e+00 1.264993493259190030e+38 1.011454962276860024e+06
-1.276433441291828785e+00 1.295079620800909995e+38 1.011505165901290020e+06
-9.965377149596861273e-01 1.320788470160460009e+38 1.011546580804229947e+06
-6.970612476684436842e-01 1.341621477565980067e+38 1.011577741850979975e+06
-3.690255443866590213e-01 1.356776223355440065e+38 1.011596336562279961e+06
0.000000000000000000e+00 1.364535257690710042e+38 1.011598329631719971e+06
4.286023917188686028e-01 1.362539609987980072e+38 1.011577434456710005e+06
9.468047973186912714e-01 1.346630507527109976e+38 1.011523659763379954e+06
1.456921048428284848e+00 1.322163342797679927e+38 1.011448838926680037e+06
1.949919963540196477e+00 1.289539782325970085e+38 1.011360655223589973e+06
2.447214884059576434e+00 1.250963616105130050e+38 1.011260368425120017e+06
2.964669225632405869e+00 1.206176839969170008e+38 1.011146709587979945e+06
3.518499730671919679e+00 1.155549072135019984e+38 1.011025925247390056e+06
4.128288204758064239e+00 1.099609685396179996e+38 1.010897175520939985e+06
4.821420620371100085e+00 1.038686308804829949e+38 1.010760715822409955e+06
5.622868059136180818e+00 9.742942540248919985e+37 1.010619302254179958e+06
6.451719067622434522e+00 9.160965289351940428e+37 1.010491249491260038e+06
7.363095694678577274e+00 8.613377229909289998e+37 1.010370977958439966e+06
8.286546007383094548e+00 8.156056044428829735e+37 1.010267402488410007e+06
8.286554430758769740e+00 8.244202298947139963e+37 1.011095489551280043e+06
8.286557052972966630e+00 8.256183771242049771e+37 1.011132801734240027e+06
8.286562271178809169e+00 8.252555988058550235e+37 1.011129463580730022e+06
8.286570098990978295e+00 8.247511351566329883e+37 1.011119517480190028e+06
8.286579045455255255e+00 8.248181880148979555e+37 1.011119039256219985e+06
8.286589643623756274e+00 8.248430028085289871e+37 1.011120678914409946e+06
8.286602352119189163e+00 8.248390562286909819e+37 1.011122169926870032e+06
8.286617604662751546e+00 8.248419568057519854e+37 1.011123692608710029e+06
8.286636247359183471e+00 8.248466142015130213e+37 1.011125416979099973e+06
8.286659199046425783e+00 8.248519370024530023e+37 1.011127351460790029e+06
8.286687909790998674e+00 8.248585142383629620e+37 1.011129500843420043e+06
8.286724584617786604e+00 8.248668419369000087e+37 1.011131868488939945e+06
8.286766454128155601e+00 8.248762479427620310e+37 1.011134127509020036e+06
8.286810381452596630e+00 8.248860050327039867e+37 1.011136115969719947e+06
8.286856411170447245e+00 8.248961064452799856e+37 1.011137818478600006e+06
8.286905996611494629e+00 8.249068449217969672e+37 1.011139324563910021e+06
8.286959309440590005e+00 8.249182240812069568e+37 1.011140623465980054e+06
8.287018361096670560e+00 8.249306285996839996e+37 1.011141761255069985e+06
8.287085079917233088e+00 8.249443908755170083e+37 1.011142754910630058e+06
8.287162900634484686e+00 8.249601016536230278e+37 1.011143639687229996e+06
8.287255692948292563e+00 8.249783637850930046e+37 1.011144387671830016e+06
8.287378601855380111e+00 8.250017365135480364e+37 1.011145061956070014e+06
8.287555344845259242e+00 8.250337457261460205e+37 1.011145667603209964e+06
8.287863473803099623e+00 8.250850726718410237e+37 1.011146279390590033e+06
8.288476650428947323e+00 8.251724646009430404e+37 1.011147097134010051e+06
8.289696871914202347e+00 8.253052844046549542e+37 1.011148686030260054e+06
8.292125112669964437e+00 8.254753857280529721e+37 1.011152264007529942e+06
8.296957311773894617e+00 8.255985125302920458e+37 1.011160653842729982e+06
8.306573387990738411e+00 8.252049478340310439e+37 1.011180243959569954e+06
8.325709379662384890e+00 8.226407572591879552e+37 1.011222789257830009e+06
8.363790003088979574e+00 8.149508207424240016e+37 1.011302809672730044e+06
8.430559196751346462e+00 8.022300851495659912e+37 1.011414873675310053e+06
8.514743648233434214e+00 7.902553532288599817e+37 1.011518528780380031e+06
8.634005781986161310e+00 7.790676111808300207e+37 1.011613968599110027e+06
8.825113407463504700e+00 7.679355866286150023e+37 1.011689806741059991e+06
9.205417582163136103e+00 7.533976610199190272e+37 1.011702775876409956e+06
9.962222889815620874e+00 7.312525470055979645e+37 1.011565821090250043e+06
1.081252978506654472e+01 7.120307851918179635e+37 1.011381353943340015e+06
1.155610210779377667e+01 6.982430093681879956e+37 1.011233000540290028e+06
1.232157777942256871e+01 6.850266862687259808e+37 1.011098564209979959e+06
1.314767098457650718e+01 6.718873651205990400e+37 1.010972376206069952e+06
1.405431202117006251e+01 6.587620309038929889e+37 1.010852160586270038e+06
1.505291232782474253e+01 6.456339669374549882e+37 1.010737190425370005e+06
1.615599916126075186e+01 6.322243606135779872e+37 1.010626230079549947e+06
1.737104978090474106e+01 6.184968963032259825e+37 1.010518818756720051e+06
1.870606439257517195e+01 6.042505074641659849e+37 1.010414243171800044e+06
2.016686315946981267e+01 5.893419984684290326e+37 1.010312156718040002e+06
2.176024700368088816e+01 5.737344652553559891e+37 1.010212330433859956e+06
2.340758940699561208e+01 5.585459264012439666e+37 1.010119361838979996e+06
2.494105692059156354e+01 5.454183607720249941e+37 1.010040315918029984e+06
2.635858536819478104e+01 5.336859502378849992e+37 1.009972762308469974e+06
2.765946578584271265e+01 5.229257389085610235e+37 1.009914153449589969e+06
2.884459078240206509e+01 5.136500812892310435e+37 1.009864191755180014e+06
2.991796949744230005e+01 5.053526432331090085e+37 1.009820869301569997e+06
3.088382249316327943e+01 4.980423974016620271e+37 1.009783514109450043e+06
3.175039859840444478e+01 4.916315167682350125e+37 1.009751224096779944e+06
3.252555949405586944e+01 4.860260928429720217e+37 1.009723303112520021e+06
3.321851771730871405e+01 4.811190495103210461e+37 1.009699059032539953e+06
3.383835733263822476e+01 4.768063928523279657e+37 1.009677913968299981e+06
3.439415297943105543e+01 4.729921629106860380e+37 1.009659377494410030e+06
3.489458553507847682e+01 4.695955131794260439e+37 1.009643010693660006e+06
3.534754004767501101e+01 4.665481642870089723e+37 1.009628448231189977e+06
3.576000859648047481e+01 4.637909540621449795e+37 1.009615382237190031e+06
3.613820197001814449e+01 4.612740576691690019e+37 1.009603558914060006e+06
3.648704031468560061e+01 4.589609264988989865e+37 1.009592779874120024e+06
3.681157334261297365e+01 4.568113309884309891e+37 1.009582855301309959e+06
3.711977772013142385e+01 4.547555713953129901e+37 1.009573512381230015e+06
3.742563842177014521e+01 4.526688608831629724e+37 1.009564298176569981e+06
3.780054840021239215e+01 4.498312981654009597e+37 1.009552970360400039e+06
3.816632968959493155e+01 4.470174237254229942e+37 1.009542026834290009e+06
3.850540974061732413e+01 4.450083844607909649e+37 1.009532025504700025e+06
3.882793974930291370e+01 4.429051449141189917e+37 1.009522631664820015e+06
3.914589301518253706e+01 4.407959231255409564e+37 1.009513451898289961e+06
3.951448908961492634e+01 4.383307472000680304e+37 1.009502800015790039e+06
3.990084430670640359e+01 4.350591041446739879e+37 1.009491736832109978e+06
4.025939062274619573e+01 4.328602552082599572e+37 1.009481624653770006e+06
4.059836366088347859e+01 4.307712152370399990e+37 1.009472201579079963e+06
4.092915718505855693e+01 4.286584480845229876e+37 1.009461978138900013e+06
4.128764821014146946e+01 4.264818613868370318e+37 1.009451461768929963e+06
4.170946115325705250e+01 4.234508396422980084e+37 1.009439290836269967e+06
4.209864482249440698e+01 4.210142583116999950e+37 1.009428379339689971e+06
4.246312714378427700e+01 4.187702745661250142e+37 1.009418376092880033e+06
4.281316232093104190e+01 4.166117387084329951e+37 1.009408912109110039e+06
4.316355981385459017e+01 4.144153954011639933e+37 1.009399536880100030e+06
4.359387482741203712e+01 4.114435025576510164e+37 1.009388039828079985e+06
4.404724405311344526e+01 4.084170458396529961e+37 1.009376088723030058e+06
4.448744858442705663e+01 4.058033708853659800e+37 1.009364718873269972e+06
4.448748964339074519e+01 4.071133017627020231e+37 1.009944977833339944e+06
4.448750301004201901e+01 4.071145004149010092e+37 1.009947758636489976e+06
4.448752272860519952e+01 4.071131758117410058e+37 1.009948168481240049e+06
4.448754594642377924e+01 4.071141866194580083e+37 1.009949451946220011e+06
4.448757367075040747e+01 4.071143403644939979e+37 1.009950967555809999e+06
4.448760679900169634e+01 4.071146653935030021e+37 1.009952668008269975e+06
4.448764691115502501e+01 4.071150585492110056e+37 1.009954579867620021e+06
4.448769606196219684e+01 4.071155116361790203e+37 1.009956703860659967e+06
4.448775756764280231e+01 4.071160378449840081e+37 1.009959067596090026e+06
4.448783583191743674e+01 4.071166442361969886e+37 1.009961659224719973e+06
4.448792118574010601e+01 4.071172449126369893e+37 1.009964013529989985e+06
4.448801058161052424e+01 4.071178042225430038e+37 1.009966084248799947e+06
4.448810336890073813e+01 4.071183099802090175e+37 1.009967837025569985e+06
4.448820296792200679e+01 4.071187672003619943e+37 1.009969370309700025e+06
4.448830995926937248e+01 4.071191696054329952e+37 1.009970676963220001e+06
4.448842841021314598e+01 4.071195093864360045e+37 1.009971800892820000e+06
4.448856262927120042e+01 4.071197701214699792e+37 1.009972762678939966e+06
4.448871954197875311e+01 4.071199202031169943e+37 1.009973584562389995e+06
4.448890964401562087e+01 4.071198991909699961e+37 1.009974246678309981e+06
4.448916500166751575e+01 4.071195462968100122e+37 1.009974787096360000e+06
4.448954316808021758e+01 4.071184706252010229e+37 1.009975185155529995e+06
4.449023959296300745e+01 4.071152465906160020e+37 1.009975436578499968e+06
4.449162547847981841e+01 4.071069764108660083e+37 1.009975648434820003e+06
4.449438339065818582e+01 4.070900045854890150e+37 1.009976412075220025e+06
4.449987163589275951e+01 4.070439613466980082e+37 1.009979249323499971e+06
4.451079324390957481e+01 4.067702227011579922e+37 1.009987748372080037e+06
4.453252724386356931e+01 4.054159907444589828e+37 1.010007926744219963e+06
4.457577790377172278e+01 4.016075081465200131e+37 1.010044746513420017e+06
4.466184671698920283e+01 3.954702046883990132e+37 1.010095030182700022e+06
4.483034441463087205e+01 3.896184146946689962e+37 1.010143702739670058e+06
4.516565483293743455e+01 3.861250827206569812e+37 1.010169960046279943e+06
4.554294267212208069e+01 3.850841226953459899e+37 1.010167031647879980e+06
4.591281032171400511e+01 3.848597387359900157e+37 1.010151749637659988e+06
4.632137368630856145e+01 3.842976383961670150e+37 1.010128637111520045e+06
4.685891552972316276e+01 3.827764943963349842e+37 1.010094196156939957e+06
4.734802237880830944e+01 3.815081144005739804e+37 1.010062498463209951e+06
4.779811395965452903e+01 3.802660836648509801e+37 1.010033774264069973e+06
4.822047805888496441e+01 3.789173134211079970e+37 1.010007388575920020e+06
4.862285811339916108e+01 3.775113929450599810e+37 1.009982828768679989e+06
4.901660784902742307e+01 3.760307438180119980e+37 1.009959354664789978e+06
4.942778586662871021e+01 3.743365507971569944e+37 1.009935389429650037e+06
5.009561808698208552e+01 3.707477478710680212e+37 1.009897129141569952e+06
5.057904124529068213e+01 3.691915450157240046e+37 1.009871072789179976e+06
5.140635326161645935e+01 3.647657315752729873e+37 1.009827854802120011e+06
5.280898466115468182e+01 3.575011813419799931e+37 1.009759964201190043e+06
5.452843014795234922e+01 3.504476368060349926e+37 1.009686772536579985e+06
5.640392547011106217e+01 3.439760811141220059e+37 1.009616701995010022e+06
5.846800249298394192e+01 3.368878877145519771e+37 1.009547148512750049e+06
6.070794363396908011e+01 3.294374316699010168e+37 1.009478887284400058e+06
6.313645454948118640e+01 3.216663693568520106e+37 1.009411963420249987e+06
6.576958275235665496e+01 3.136796720649920044e+37 1.009346373518269975e+06
6.862687418260657068e+01 3.055086691256090206e+37 1.009281955975009943e+06
7.172713646415422772e+01 2.972118642810510205e+37 1.009218670739299967e+06
7.509203194879455623e+01 2.887787366154610151e+37 1.009156392131709959e+06
7.832390304529917557e+01 2.818117904030660169e+37 1.009101731044030050e+06
8.121513110639989463e+01 2.759813284362820123e+37 1.009056108580710017e+06
8.121515689737452703e+01 2.786753743070629788e+37 1.009556880982069997e+06
8.121516589934617514e+01 2.786824539253449813e+37 1.009560064327639993e+06
8.121518381326950475e+01 2.786758676324219917e+37 1.009559542437079945e+06
8.121521032942337115e+01 2.786766309964960055e+37 1.009560478669460048e+06
8.121524133610364515e+01 2.786761460908459816e+37 1.009561631833840045e+06
8.121527783790270405e+01 2.786757346418909797e+37 1.009562936837970046e+06
8.121532104167363286e+01 2.786752843177609958e+37 1.009564422344579943e+06
8.121537235876667182e+01 2.786747761499900073e+37 1.009566094825659995e+06
8.121543409505875388e+01 2.786742037596430065e+37 1.009567986721419962e+06
8.121550886525528767e+01 2.786735644398480028e+37 1.009570107079199981e+06
8.121560066456186178e+01 2.786728570060149950e+37 1.009572465304519981e+06
8.121571544878679560e+01 2.786720858621650216e+37 1.009575060568240006e+06
8.121585435052429602e+01 2.786713113122150029e+37 1.009577734796599951e+06
8.121599582883936819e+01 2.786706897873480110e+37 1.009579994183360017e+06
8.121614417238197348e+01 2.786701895755660096e+37 1.009581974394690013e+06
8.121629837078444325e+01 2.786698262769550199e+37 1.009583641094579943e+06
8.121646433947762489e+01 2.786695996661719775e+37 1.009585081188629963e+06
8.121664449825266274e+01 2.786695383673049992e+37 1.009586302364120027e+06
8.121684564434008280e+01 2.786696814384079980e+37 1.009587333674489986e+06
8.121707760488106942e+01 2.786701081323799994e+37 1.009588205093989964e+06
8.121735317309730817e+01 2.786709585589829964e+37 1.009588911949920002e+06
8.121770301196102082e+01 2.786725414457210225e+37 1.009589462395839975e+06
8.121819060280768099e+01 2.786756343187810045e+37 1.009589837437310023e+06
8.121900149898783638e+01 2.786829162395900049e+37 1.009590013650660054e+06
8.122061518238660938e+01 2.787042396291750117e+37 1.009589972252590000e+06
8.122382641235026313e+01 2.787636450607050006e+37 1.009590102936369949e+06
8.123021675997824786e+01 2.788971194423720190e+37 1.009591679256869946e+06
8.124293355175768738e+01 2.790422338692340208e+37 1.009597638541630004e+06
8.126823996739858558e+01 2.787066962257190129e+37 1.009612635560699971e+06
8.131859973452401391e+01 2.770791519486269968e+37 1.009639788009190001e+06
8.141881567110340256e+01 2.742867793579690106e+37 1.009675550640069996e+06
8.161757344468878728e+01 2.716494406074220099e+37 1.009708576246669982e+06
8.201310141412386656e+01 2.699544860936090160e+37 1.009722792451919988e+06
8.280020207329971527e+01 2.684532247094129786e+37 1.009700830103890039e+06
8.436653238505959962e+01 2.654801264247460186e+37 1.009629436137330020e+06
8.596855054639127047e+01 2.638012723659770073e+37 1.009561344804469962e+06
8.764518666363119337e+01 2.615988410405439944e+37 1.009497066337120021e+06
8.945357968470852938e+01 2.588320485049580041e+37 1.009434595877049956e+06
9.112595477388504150e+01 2.566272227096859908e+37 1.009382678666949971e+06
9.261763153995207176e+01 2.546304283331589884e+37 1.009340063806170016e+06
9.395300942633502927e+01 2.527196096258740188e+37 1.009304295125950011e+06
9.515383066249023614e+01 2.509267499408949938e+37 1.009273813822629978e+06
9.623949989570473917e+01 2.492636267481749977e+37 1.009247500451329979e+06
9.722805724484442180e+01 2.477204796273829925e+37 1.009224485362670035e+06
9.813637210440037961e+01 2.462776345478219917e+37 1.009204070703699952e+06
9.898085253994577215e+01 2.449118561586389767e+37 1.009185673074060003e+06
9.977788126855830342e+01 2.435967483641999870e+37 1.009168785800819984e+06
1.005436702133838480e+02 2.423044076050459782e+37 1.009152966439979966e+06
1.012946247069321544e+02 2.410068196357860021e+37 1.009137814195399988e+06
1.020614297941488076e+02 2.396215654146900081e+37 1.009122671115349978e+06
1.028908148954847093e+02 2.380331718478139950e+37 1.009106621057259967e+06
1.040020522783115666e+02 2.355089852959679798e+37 1.009085414429230033e+06
1.053260741527224127e+02 2.328646380040860012e+37 1.009061290776179987e+06
1.073938026041641933e+02 2.282972578658449869e+37 1.009025474576930050e+06
1.092447756998876685e+02 2.260447569199249834e+37 1.008996393597870017e+06
1.109058043915565577e+02 2.238233030612149944e+37 1.008971276628399966e+06
1.124086870984870075e+02 2.216540682870510057e+37 1.008949157145429985e+06
1.137749449178513714e+02 2.195993176463130177e+37 1.008929535413280013e+06
1.150239278497983832e+02 2.176801483912760060e+37 1.008912022640799987e+06
1.161733504596913917e+02 2.158869385918620215e+37 1.008896258509509964e+06
1.172394558752407647e+02 2.141992662254239964e+37 1.008881925454110024e+06
1.172395558154548780e+02 2.151926533488689848e+37 1.009343532652079943e+06
1.172395921964589434e+02 2.151928274109969786e+37 1.009344802271699999e+06
1.172396414808476948e+02 2.151926338221179964e+37 1.009345991646480048e+06
1.172396993459774421e+02 2.151926034852109808e+37 1.009347414692330058e+06
1.172397679066193632e+02 2.151925604975649889e+37 1.009349041325459955e+06
1.172398491237208873e+02 2.151925119098729831e+37 1.009350862137129996e+06
1.172399470129007568e+02 2.151924562585459918e+37 1.009352919683770044e+06
1.172400657560106083e+02 2.151923959038199972e+37 1.009355217347139958e+06
1.172402120312626721e+02 2.151923375197600143e+37 1.009357758803460049e+06
1.172403960622659724e+02 2.151922967699490041e+37 1.009360536757810041e+06
1.172405941006682042e+02 2.151923136152129885e+37 1.009363042599180015e+06
1.172407987631668220e+02 2.151923914727190203e+37 1.009365221955870045e+06
1.172410092041905045e+02 2.151925357889910098e+37 1.009367046806090046e+06
1.172412334310647566e+02 2.151927618288289885e+37 1.009368624215009972e+06
1.172414729375527713e+02 2.151930928017210215e+37 1.009369948678330053e+06
1.172417369890818009e+02 2.151935639941660070e+37 1.009371065564709948e+06
1.172420355525891864e+02 2.151942323603540226e+37 1.009371996753040003e+06
1.172423841460290532e+02 2.151951923763540093e+37 1.009372761377859977e+06
1.172428069369511832e+02 2.151966062614180108e+37 1.009373331928969943e+06
1.172433784173576896e+02 2.151989160258980135e+37 1.009373739794490044e+06
1.172442221322044134e+02 2.152030753730789943e+37 1.009373918295199983e+06
1.172458291699026631e+02 2.152128243878170016e+37 1.009373804575119982e+06
1.172490271749215935e+02 2.152355870316760149e+37 1.009373527656469960e+06
1.172553912049097562e+02 2.152757272082849802e+37 1.009373991548559978e+06
1.172680556245859407e+02 2.152625124259389996e+37 1.009377410292990040e+06
1.172932578197414841e+02 2.148082735594700110e+37 1.009387503404380055e+06
1.173434101881011884e+02 2.132099882160950083e+37 1.009407034122599987e+06
1.174432134011372000e+02 2.104421843475480077e+37 1.009433279602700029e+06
1.176418217950790677e+02 2.077414379192790028e+37 1.009456938556369976e+06
1.180370524990235026e+02 2.062945733783140079e+37 1.009465643954989966e+06
1.188235615998728463e+02 2.057700945740219892e+37 1.009446961201900034e+06
1.197556465669704266e+02 2.057538475552110098e+37 1.009414287021850003e+06
1.206574458954869442e+02 2.057245393662859963e+37 1.009381643542569946e+06
1.215679739078686907e+02 2.053089897194120057e+37 1.009349366637340048e+06
1.225382347668096372e+02 2.044798508053919945e+37 1.009316172891699942e+06
1.237507175560522228e+02 2.028256076880179954e+37 1.009276352277350030e+06
1.249022993545072495e+02 2.015633729054660089e+37 1.009241197612080025e+06
1.259823608954816336e+02 2.002631665023670075e+37 1.009210146676399978e+06
1.270052431080998758e+02 1.988879460790190111e+37 1.009182133954360033e+06
1.279893212790534562e+02 1.974336912712369916e+37 1.009156291430050042e+06
1.289512056201460837e+02 1.959008905094669914e+37 1.009131974953540019e+06
1.299323387517347328e+02 1.941927567864350100e+37 1.009108008511040010e+06
1.309398004355507510e+02 1.923575105091279995e+37 1.009084244787820033e+06
1.319259058825568900e+02 1.905465866300620044e+37 1.009061772769559990e+06
1.329399812481483423e+02 1.885167656834219963e+37 1.009039309872510028e+06
1.339618719321556455e+02 1.864484933536310069e+37 1.009017396611290053e+06
1.349786612723919461e+02 1.843406679106629906e+37 1.008996222378780018e+06
1.360310314263797409e+02 1.820449103572070114e+37 1.008974899408829981e+06
1.370654756007088508e+02 1.798299617416889921e+37 1.008954589123129961e+06
1.381327334860470728e+02 1.774159978453859972e+37 1.008934136860550032e+06
1.391882805009731783e+02 1.750701517530670044e+37 1.008914510743770050e+06
1.402712463417506115e+02 1.725609669007309908e+37 1.008894832552870037e+06
1.413472544901369474e+02 1.701070214865909894e+37 1.008875840093769948e+06
1.424497157719924871e+02 1.675113386876269994e+37 1.008856810920350021e+06
1.435447155887736699e+02 1.649766631896359973e+37 1.008838429700060049e+06
1.446628975518983680e+02 1.623202337032309908e+37 1.008820059975350043e+06
1.457813587728305720e+02 1.596853125553959956e+37 1.008802137794020004e+06
1.469088396254887812e+02 1.570146728891489925e+37 1.008784494374449947e+06
1.480601094713592829e+02 1.542757777018999916e+37 1.008766890343460022e+06
1.492042680256545282e+02 1.515933749427240088e+37 1.008749823698129971e+06
1.503643274849987392e+02 1.488432399585020081e+37 1.008732881148349959e+06
1.515361359669050216e+02 1.460949322337940052e+37 1.008716174584639957e+06
1.527115582031251506e+02 1.433593010739859935e+37 1.008699800005609985e+06
1.539093935161854461e+02 1.405664295218059910e+37 1.008683469479270047e+06
1.539095130192104079e+02 1.411821182630370097e+37 1.009088940196110052e+06
1.539095562069874177e+02 1.411815484438579983e+37 1.009089682948520058e+06
1.539096421506633305e+02 1.411805707741289938e+37 1.009090716329260031e+06
1.539097420314938063e+02 1.411794701440270102e+37 1.009091936956080026e+06
1.539098585287797505e+02 1.411782768555059952e+37 1.009093327885649982e+06
1.539099949033898156e+02 1.411769988236340013e+37 1.009094910928179976e+06
1.539101551333642419e+02 1.411756496141589926e+37 1.009096696349589969e+06
1.539103453938037092e+02 1.411742444496829965e+37 1.009098719873260008e+06
1.539105722839663031e+02 1.411728222019369967e+37 1.009100986386690056e+06
1.539108464364567226e+02 1.411714333357200055e+37 1.009103505481760018e+06
1.539111834039763380e+02 1.411701580496439898e+37 1.009106270024999976e+06
1.539115909085626299e+02 1.411691530504319999e+37 1.009109150109780021e+06
1.539119970286028547e+02 1.411686192002250088e+37 1.009111538108799956e+06
1.539124170368791056e+02 1.411684723264619949e+37 1.009113605325030047e+06
1.539128478594893750e+02 1.411686850310829946e+37 1.009115313029419980e+06
1.539133072702024947e+02 1.411692528017759989e+37 1.009116759104370023e+06
1.539138024637582021e+02 1.411701950116450093e+37 1.009117953876739950e+06
1.539143525851286540e+02 1.411715699964690062e+37 1.009118927019180031e+06
1.539149851752827090e+02 1.411734933246030072e+37 1.009119707856160006e+06
1.539157358562297304e+02 1.411761413513289931e+37 1.009120286986490013e+06
1.539166900223453922e+02 1.411799188285139973e+37 1.009120661852570018e+06
1.539180241528906663e+02 1.411856910124770045e+37 1.009120792853640043e+06
1.539202537436217426e+02 1.411958793079319971e+37 1.009120616240069969e+06
1.539246906291764390e+02 1.412153435402479926e+37 1.009120142546009971e+06
1.539335200314303620e+02 1.412382569976540043e+37 1.009120176077599986e+06
1.539510905419156188e+02 1.411745636567349966e+37 1.009122813359620050e+06
1.539860558577811389e+02 1.406788054459650105e+37 1.009131076113780029e+06
1.540556368363536421e+02 1.392846545663479901e+37 1.009146277457710006e+06
1.541941029837125825e+02 1.371204325790099963e+37 1.009164505321479985e+06
1.544696506169566419e+02 1.350406946285949908e+37 1.009176870184440049e+06
1.550179904071128476e+02 1.335741986218770024e+37 1.009172574631500058e+06
1.561091865895236879e+02 1.320452161882080093e+37 1.009140674888230045e+06
1.573328039102789262e+02 1.307176925471790018e+37 1.009101179680580040e+06
1.585494000347866859e+02 1.292713349765660009e+37 1.009063203181679943e+06
1.597973252380938902e+02 1.275079984282739981e+37 1.009026226849950035e+06
1.610263998126188199e+02 1.256702646644739890e+37 1.008991968103009975e+06
1.622725510356053746e+02 1.236742721564730004e+37 1.008959211243279977e+06
1.635287496317041587e+02 1.216011172977469962e+37 1.008928051293169963e+06
1.647852276595472176e+02 1.194820443608089965e+37 1.008898574398710043e+06
1.660844348199848355e+02 1.172179571961369925e+37 1.008869638878579950e+06
1.673567277506908795e+02 1.150397328736460082e+37 1.008842781215530005e+06
1.686647601348231547e+02 1.127370794480049930e+37 1.008816447426610044e+06
1.699619375162246797e+02 1.104791761076569883e+37 1.008791538152219960e+06
1.712879043393645588e+02 1.081382038999580002e+37 1.008767160237769946e+06
1.726117161793649757e+02 1.058097017280579960e+37 1.008743818194760010e+06
1.739640647912606255e+02 1.034434478388969988e+37 1.008720965245009982e+06
1.753179559410496040e+02 1.010893206650519953e+37 1.008698965723430039e+06
1.767018267555540660e+02 9.870182804092359782e+36 1.008677354382260004e+06
1.780883492098200804e+02 9.632739766941140025e+36 1.008656475461410009e+06
1.795147841323823741e+02 9.390203529574919898e+36 1.008635771505189943e+06
1.809347817916386703e+02 9.151635747318689513e+36 1.008615855850519962e+06
1.824008383857058107e+02 8.907461577630830340e+36 1.008596004677930032e+06
1.838628028036087017e+02 8.665996817647939816e+36 1.008576808583850041e+06
1.853919995330124948e+02 8.415008143821709660e+36 1.008557372719750041e+06
1.869020167736207441e+02 8.170498986277850580e+36 1.008538733311780030e+06
1.885309389550220658e+02 7.907797045729579548e+36 1.008519255696540000e+06
1.901107172428105514e+02 7.660842224619169654e+36 1.008500948158900021e+06
1.901108828726937645e+02 7.685701142123400300e+36 1.008842256692409981e+06
1.901109430911092204e+02 7.685736628865110213e+36 1.008842562536059995e+06
1.901110629257555047e+02 7.685812932243289900e+36 1.008842972208790015e+06
1.901113013967019469e+02 7.685956259205469510e+36 1.008843811746189953e+06
1.901116215904389719e+02 7.686134190296200449e+36 1.008844934364679968e+06
1.901119896227605750e+02 7.686321708811860164e+36 1.008846212938330020e+06
1.901124142472231142e+02 7.686518188434629826e+36 1.008847668352229986e+06
1.901129056985059833e+02 7.686722747819229514e+36 1.008849322648270056e+06
1.901134762650353878e+02 7.686934393752659986e+36 1.008851202038950054e+06
1.901141400730025453e+02 7.687151864300039647e+36 1.008853304392750026e+06
1.901149231464532932e+02 7.687376396836749699e+36 1.008855665142960032e+06
1.901158534265878188e+02 7.687608134326890173e+36 1.008858277150979964e+06
1.901169769912194170e+02 7.687849996527479986e+36 1.008861121994590038e+06
1.901183151804621048e+02 7.688099204337569605e+36 1.008864051837509964e+06
1.901196231693429581e+02 7.688315895366720205e+36 1.008866425111289951e+06
1.901209569347120123e+02 7.688515844972399655e+36 1.008868431651949999e+06
1.901223115032439637e+02 7.688702613710130355e+36 1.008870040696560056e+06
1.901237478473808551e+02 7.688886575203070037e+36 1.008871356389409979e+06
1.901252926108436441e+02 7.689071802807689880e+36 1.008872394428409985e+06
1.901270088568667234e+02 7.689265101820569770e+36 1.008873183800689992e+06
1.901289891539390737e+02 7.689474188911429801e+36 1.008873755009480054e+06
1.901313525697860314e+02 7.689705575771090124e+36 1.008874098678619950e+06
1.901343865738513159e+02 7.689971409415609973e+36 1.008874213337120018e+06
1.901386827918040581e+02 7.690270090441339950e+36 1.008874075287519954e+06
1.901459723167254197e+02 7.690437660186659888e+36 1.008873711736969999e+06
1.901604784713190384e+02 7.688633538790689902e+36 1.008873585925600026e+06
1.901893457189603396e+02 7.675441406529059900e+36 1.008875311945170048e+06
1.902467915417669246e+02 7.627920924104929914e+36 1.008880874429940013e+06
1.903611087291519652e+02 7.527591266630830345e+36 1.008890106856020051e+06
1.905885999320476003e+02 7.392686491700040469e+36 1.008898582724540029e+06
1.910413074258103734e+02 7.264189628923919667e+36 1.008898365347070037e+06
1.919421953383980508e+02 7.142544318938609785e+36 1.008879903386650025e+06
1.936459538473609427e+02 6.957848051061650004e+36 1.008835056622709963e+06
1.953633623115206319e+02 6.785578913975929417e+36 1.008791726843800046e+06
1.971407978759571051e+02 6.590837651980190034e+36 1.008750076083929976e+06
1.989145004053375487e+02 6.385489277410360180e+36 1.008711613637699978e+06
2.008435538272324266e+02 6.154553548863169482e+36 1.008672926371969981e+06
2.027371280630654837e+02 5.925887224900680126e+36 1.008637662433570018e+06
2.047445744846068010e+02 5.681896856296439556e+36 1.008602856743340031e+06
2.068644633587905446e+02 5.426794517931230264e+36 1.008568581536120037e+06
2.090073237144770246e+02 5.166465356254799978e+36 1.008535953785200021e+06
2.113762953207492501e+02 4.882348717172519932e+36 1.008502088431669981e+06
2.138379793108474587e+02 4.591007326143529905e+36 1.008468885719859973e+06
2.164507343951586336e+02 4.285552707559269821e+36 1.008435571708090021e+06
2.195267356882750391e+02 3.945687365660080239e+36 1.008399001157860039e+06
2.228124491353050871e+02 3.605846808131659882e+36 1.008362692370499950e+06
