# time luminosity radius
-2.014340339766931720e+01 5.767299440228799827e+35 1.008318130092930049e+06
-1.685519178807953722e+01 6.211130545962950330e+35 1.008310497267810046e+06
-1.644523748463689117e+01 6.261647545628069773e+35 1.008309748639050056e+06
-1.562942842078700778e+01 6.390437392099449798e+35 1.008308690813089954e+06
-1.400596838372439379e+01 6.728746495877529879e+35 1.008308705791780027e+06
-1.372606637758872239e+01 6.791756190572040520e+35 1.008308826280729962e+06
-1.316906138538251980e+01 6.928645903399679679e+35 1.008309414025619975e+06
-1.206062145088799298e+01 7.278696275175679582e+35 1.008312380777630024e+06
-1.046398238208712428e+01 8.174096838898420267e+35 1.008326012218279997e+06
-9.784172957828559447e+00 8.698954338464890566e+35 1.008336275688100024e+06
-9.728425110712123569e+00 8.744217110425549508e+35 1.008337186216220027e+06
-9.617486894945614040e+00 8.837678716033650408e+35 1.008339164123299997e+06
-9.396719845572079066e+00 9.045381213482650092e+35 1.008343850644299993e+06
-9.077204596567753470e+00 9.420198915837560651e+35 1.008353427497219993e+06
-8.851439798720093677e+00 9.747741909009719344e+35 1.008362723489520024e+06
-8.837840430231153732e+00 9.766796772970870658e+35 1.008363296910949983e+06
-8.810999948742392007e+00 9.809045292783580420e+35 1.008364501039689989e+06
-8.757587390584376408e+00 9.892945551570270668e+35 1.008367122611930012e+06
-8.747996187790704425e+00 9.907938530551370184e+35 1.008367598847319954e+06
-8.728909694229514571e+00 9.939722587089239488e+35 1.008368586383449961e+06
-8.693567861708288547e+00 9.999746247981740123e+35 1.008370545762300026e+06
-8.686534837037470425e+00 1.001133385918919947e+36 1.008370938946880051e+06
-8.672539117942505982e+00 1.003706148263619946e+36 1.008371750099380035e+06
-8.644687636940943776e+00 1.008772888646039984e+36 1.008373468634290039e+06
-8.589263189747725846e+00 1.019368258602340035e+36 1.008377468862819951e+06
-8.583808686096745078e+00 1.020394470701710013e+36 1.008377863080890034e+06
-8.572954223829583498e+00 1.022642591641730014e+36 1.008378687577959965e+06
-8.551353843915421749e+00 1.027192107599300029e+36 1.008380447367560002e+06
-8.526133000770641956e+00 1.032381399255920042e+36 1.008382705220620031e+06
-8.518709697527810931e+00 1.034168267075249948e+36 1.008383377275630017e+06
-8.508616144590632757e+00 1.036094226359899950e+36 1.008384321904959972e+06
-8.489371455350919859e+00 1.040655799217839932e+36 1.008386262965530041e+06
-8.453596345432742964e+00 1.049975267316410017e+36 1.008390593788680038e+06
-8.421609381905000191e+00 1.056699363814139946e+36 1.008395337972140056e+06
-8.394940806119848276e+00 1.064293075101299938e+36 1.008400088089250028e+06
-8.369568722442636499e+00 1.071032176320589929e+36 1.008405789194480050e+06
-8.352049533928948222e+00 1.075705347295330049e+36 1.008410433780899970e+06
-8.336057015036203666e+00 1.080534669320289931e+36 1.008415431621650001e+06
-8.322564204921945930e+00 1.084743192465580018e+36 1.008420249684490031e+06
-8.308459298365050927e+00 1.088899773211139972e+36 1.008426146464710007e+06
-8.294672826021269429e+00 1.094567637214590047e+36 1.008432935251650051e+06
-8.285943661150668049e+00 1.098237731737719994e+36 1.008437564984170021e+06
-8.275743725582287880e+00 1.109467506936510035e+36 1.008443989467869978e+06
-8.265619590478308965e+00 1.181041071035959927e+36 1.008451715139330016e+06
-8.257743820347968722e+00 1.151647692186409989e+36 1.008458972243509954e+06
-8.250941277317906497e+00 1.518585016041399999e+36 1.008465405466560042e+06
-8.244523516023036791e+00 2.533556836356239916e+36 1.008471355594719993e+06
-8.238236837270960677e+00 6.329374320166640418e+36 1.008477197819399997e+06
-8.231930824364098953e+00 6.402825660027260148e+36 1.008482842080270057e+06
-8.225372847358812578e+00 8.205192288925739767e+36 1.008488576915940037e+06
-8.218380742997396737e+00 1.119163736052739968e+37 1.008494665412290022e+06
-8.211149435799597995e+00 1.087930030587989896e+37 1.008500694426920032e+06
-8.202547350996610476e+00 1.093345903392890060e+37 1.008507544545060024e+06
-8.192708855203818530e+00 1.255161440914919948e+37 1.008515240442609997e+06
-8.183165495083812857e+00 1.242308940670149889e+37 1.008522366963129956e+06
-8.169517814225400798e+00 1.322414549199380000e+37 1.008532311216910020e+06
-8.157800272863823920e+00 1.269560464347240018e+37 1.008540383841510047e+06
-8.138026991149672540e+00 1.214152806132479909e+37 1.008553173031329992e+06
-8.113355072429840220e+00 1.151964583903440082e+37 1.008568129337640014e+06
-8.086551449123362545e+00 1.078490043815790103e+37 1.008583315983050037e+06
-8.058498788406723179e+00 1.011959016327870041e+37 1.008598443493969971e+06
-8.029445332460454665e+00 9.632943941558900293e+36 1.008613695494850050e+06
-7.999814205304573989e+00 9.161121040826929974e+36 1.008628777972689946e+06
-7.969929771541501395e+00 8.750242811484219971e+36 1.008643619928569999e+06
-7.942260095613164594e+00 8.375011674386030336e+36 1.008657068670629989e+06
-7.916695315765537089e+00 8.080682026375019885e+36 1.008669301276950049e+06
-7.892555535305291414e+00 7.868766453985240344e+36 1.008680714058530051e+06
-7.869303304833010770e+00 8.044695211488050039e+36 1.008691738984629977e+06
-7.846578317941748537e+00 8.567336427440909735e+36 1.008702485078320024e+06
-7.823799273784970865e+00 8.977779906912560186e+36 1.008713272295539966e+06
-7.800555927475215867e+00 9.295299347912130535e+36 1.008724394839370041e+06
-7.776526650319283362e+00 9.402445318976979496e+36 1.008735984816450044e+06
-7.751029851380735636e+00 9.640531554249920525e+36 1.008748407489559962e+06
-7.723907040697667981e+00 1.002092925508319961e+37 1.008761830458519980e+06
-7.694467653618630720e+00 1.045127233940180003e+37 1.008776544908559998e+06
-7.665454985613905592e+00 1.091374039498069975e+37 1.008791153183449991e+06
-7.637536957394331694e+00 1.137519901718480029e+37 1.008805338290140033e+06
-7.609789961090427823e+00 1.184850486828530082e+37 1.008819546364460024e+06
-7.581896596333535854e+00 1.233708682813239924e+37 1.008833953531419975e+06
-7.554110375051095616e+00 1.281976955232250046e+37 1.008848405764269992e+06
-7.526153134003834566e+00 1.332214472691030055e+37 1.008863079002410057e+06
-7.498180669223074801e+00 1.384699168741689964e+37 1.008877861859270022e+06
-7.469947068519104505e+00 1.436601143977340048e+37 1.008892861278480035e+06
-7.441402699991158443e+00 1.488379140077980084e+37 1.008908088152379962e+06
-7.412605975572660100e+00 1.541531473630780059e+37 1.008923492854650016e+06
-7.381386815410223790e+00 1.601521452142659985e+37 1.008940222910469980e+06
-7.344031240227195667e+00 1.675822964261999896e+37 1.008960291748760035e+06
-7.304768203142884886e+00 1.756599530146020098e+37 1.008981386249299976e+06
-7.263299547612405149e+00 1.845130056280599910e+37 1.009003655576999998e+06
-7.217803425366582815e+00 1.946255788213940034e+37 1.009028050078419968e+06
-7.167346441277913982e+00 2.063239049157030028e+37 1.009055021214280045e+06
-7.111787869504041737e+00 2.197230618607489785e+37 1.009084549668299966e+06
-7.053317319940106245e+00 2.343277908279669827e+37 1.009115345643689972e+06
-6.989504270710312994e+00 2.506560293742719865e+37 1.009148535624459968e+06
-6.920120220765966224e+00 2.686158683672919911e+37 1.009183965322909993e+06
-6.844588718187878840e+00 2.881301840873860087e+37 1.009221536184979952e+06
-6.762078572101017926e+00 3.090714556229009874e+37 1.009261136406179983e+06
-6.670559490758023458e+00 3.315085705245999812e+37 1.009302985983439954e+06
-6.570456921232107561e+00 3.548482040272190043e+37 1.009346022928979946e+06
-6.461143242140678922e+00 3.786570265265419832e+37 1.009389565434469958e+06
-6.343069584610930178e+00 4.022830895567749786e+37 1.009432497608360020e+06
-6.225916714251070516e+00 4.237027996536670189e+37 1.009471105548689957e+06
-6.095290840872621629e+00 4.449746057758109932e+37 1.009509532511219964e+06
-5.955124259053263813e+00 4.651861997947460144e+37 1.009545923168160021e+06
-5.827468662144383416e+00 4.818366480816589736e+37 1.009575447453240049e+06
-5.710567269790772116e+00 4.956619778118540069e+37 1.009599863875960000e+06
-5.602703144788392819e+00 5.073680626679609543e+37 1.009620449832229991e+06
-5.500283146644505905e+00 5.177026255049630399e+37 1.009638490817749989e+06
-5.383823518706776667e+00 5.285292917388139589e+37 1.009656565391469980e+06
-5.249041469618532574e+00 5.403581363226159640e+37 1.009676107912910054e+06
-5.129617637929186458e+00 5.509433041910639763e+37 1.009692150435080053e+06
-5.022509519774757791e+00 5.602280705303329974e+37 1.009706043365819962e+06
-4.926143097618478350e+00 5.684810481734409756e+37 1.009718256825039978e+06
-4.838025330078380648e+00 5.760145148333980373e+37 1.009729226687920047e+06
-4.751993150341149885e+00 5.833353826318290006e+37 1.009739824868040043e+06
-4.617494591737340670e+00 5.943820286760640121e+37 1.009756171753679984e+06
-4.499545498474617489e+00 6.049734012865590445e+37 1.009770484926549951e+06
-4.395369047811982455e+00 6.145214736258789953e+37 1.009783258220860036e+06
-4.302715559995704098e+00 6.232181452205430379e+37 1.009794749995979946e+06
-4.219733536941930652e+00 6.311716859578030396e+37 1.009805175898090005e+06
-4.143830754346709000e+00 6.385805362916909926e+37 1.009814820191800012e+06
-4.069548593051877106e+00 6.458929992970779580e+37 1.009824357077499968e+06
-3.960243906047253404e+00 6.564890785995849636e+37 1.009838545354629983e+06
-3.844833790801203577e+00 6.683304588769290195e+37 1.009853636354440008e+06
-3.742727598932106048e+00 6.792041083757970101e+37 1.009867110954480013e+06
-3.651910778644378297e+00 6.890027201059799799e+37 1.009879219931980013e+06
-3.570847796934685903e+00 6.978471704349049695e+37 1.009890102546349983e+06
-3.497925477786338888e+00 7.058692816547940045e+37 1.009899938585620024e+06
-3.430263890324567910e+00 7.133382598860000172e+37 1.009909084562100004e+06
-3.361454551726637874e+00 7.208875935597769853e+37 1.009918378972889972e+06
-3.241396447436272865e+00 7.333512112611880000e+37 1.009934441195719992e+06
-3.132256357275764458e+00 7.454445487864649951e+37 1.009948770623930031e+06
-3.034585151737701381e+00 7.562546766558290433e+37 1.009960875185449957e+06
-2.947110079923731973e+00 7.658168268698139805e+37 1.009971758851869963e+06
-2.868512623990682187e+00 7.746596850207029544e+37 1.009980830075080041e+06
-2.797592056555004092e+00 7.824211172902379730e+37 1.009989113168530050e+06
-2.731805224644631380e+00 7.894511569631010151e+37 1.009996816336650052e+06
-2.666463148667389760e+00 7.962586317655360340e+37 1.010004390628629946e+06
-2.579799094492045697e+00 8.047412297884759758e+37 1.010014152353679994e+06
-2.460443551532080164e+00 8.158720181487769556e+37 1.010026867767289979e+06
-2.291108804434770718e+00 8.304203492856860308e+37 1.010043297654289985e+06
-2.107152565975411562e+00 8.454377641847990240e+37 1.010059152927609975e+06
-1.902892090616660425e+00 8.602638157480520058e+37 1.010074262202790007e+06
-1.674854382963530952e+00 8.744732704907480190e+37 1.010087857029099949e+06
-1.416819806574494578e+00 8.873854292957289469e+37 1.010098916164209950e+06
-1.116938493691122858e+00 8.982392454067919690e+37 1.010105944123769994e+06
-7.638794202212011442e-01 9.055853213176960231e+37 1.010100513983840006e+06
-3.926562165652285330e-01 9.074713395937170914e+37 1.010092008954180055e+06
-7.169379387050867081e-06 9.036261916879489141e+37 1.010076206576950033e+06
-3.003366146003827453e-06 9.175945239538019073e+37 1.010862468900160049e+06
-1.720356522127985954e-06 9.188454590007290569e+37 1.010930564600649988e+06
0.000000000000000000e+00 9.204253007006729503e+37 1.010979915046300041e+06
3.423509042477235198e-06 9.181215878985750113e+37 1.010974232055539964e+06
1.023629010887816548e-05 9.172317895865040595e+37 1.010939493474869989e+06
1.816143776522949338e-05 9.179906724830149266e+37 1.010932803492160048e+06
2.738669718382880092e-05 9.180584943225239308e+37 1.010935395412300015e+06
3.840111821773461998e-05 9.179801883674179758e+37 1.010937356749010039e+06
5.161077206139452755e-05 9.179734328258720788e+37 1.010938746649420005e+06
6.751277760486118495e-05 9.179774138319979570e+37 1.010940276899839984e+06
8.691718176123686135e-05 9.179781332156759299e+37 1.010942033276550006e+06
1.108305914385709912e-04 9.179785106127039867e+37 1.010944001424949965e+06
1.407832933182362467e-04 9.179790473011630054e+37 1.010946187062739977e+06
1.791132490325253457e-04 9.179797056663920413e+37 1.010948594504890032e+06
2.220590758952312171e-04 9.179804934926189232e+37 1.010950844783280045e+06
2.672584923857357353e-04 9.179813304987840059e+37 1.010952832785840030e+06
3.145418777421582490e-04 9.179821749217730272e+37 1.010954537564259954e+06
3.655374712252523750e-04 9.179830198519430754e+37 1.010956048604369978e+06
4.204528086120262742e-04 9.179838841738359759e+37 1.010957356155729969e+06
4.813638006453402340e-04 9.179847652214809101e+37 1.010958505390899954e+06
5.503525317180901766e-04 9.179856738091930819e+37 1.010959515689510037e+06
6.309738564596045762e-04 9.179866115697960606e+37 1.010960421817539958e+06
7.274075214809272438e-04 9.179875848199189422e+37 1.010961196446810034e+06
8.560955684515647590e-04 9.179885114605050779e+37 1.010961913477770053e+06
1.042013416736153886e-03 9.179893234974579138e+37 1.010962574947620044e+06
1.377594751829747111e-03 9.179891034322009433e+37 1.010963315977780032e+06
2.045401612122077495e-03 9.179853876548969761e+37 1.010964411783089978e+06
3.374337262357585132e-03 9.179694153682039318e+37 1.010966604171399958e+06
6.018919208145234734e-03 9.178972436424619262e+37 1.010971471152100014e+06
1.128163728208164684e-02 9.175464891139280049e+37 1.010982643497469951e+06
2.175444625027012080e-02 9.160574630252809240e+37 1.011008153448940022e+06
4.259533609365462326e-02 9.112691881043019882e+37 1.011062548349949997e+06
8.406870688122580759e-02 9.005331352486729166e+37 1.011164285340329981e+06
1.430232447892194614e-01 8.880204890729409709e+37 1.011286434214559966e+06
2.145493920434091706e-01 8.773233141361210165e+37 1.011405539002369973e+06
3.081197110041102860e-01 8.682281268424570183e+37 1.011523950719980057e+06
4.383847454628266860e-01 8.603229171234359441e+37 1.011638533716670005e+06
6.359716508413839620e-01 8.521654830525680942e+37 1.011738122758119949e+06
9.934116711083333939e-01 8.388177318577010280e+37 1.011783372433630051e+06
1.468489659804617986e+00 8.210858595105309729e+37 1.011723063999320031e+06
1.978047150449128821e+00 8.008075359281980469e+37 1.011595332780309953e+06
2.530386883518076502e+00 7.756707107178640068e+37 1.011429368019780028e+06
3.132116450986359268e+00 7.467702258434189554e+37 1.011246107783859945e+06
3.708388725492113736e+00 7.186500526652690027e+37 1.011080499274850008e+06
4.295386399891867768e+00 6.904165658197440025e+37 1.010926607291609980e+06
4.912386012954812031e+00 6.616256944066400307e+37 1.010781238227979979e+06
5.572496013373893220e+00 6.333642769170150469e+37 1.010644551006110036e+06
6.292097735189599916e+00 6.054035433508490357e+37 1.010515032169600017e+06
7.085235677117452724e+00 5.785263554858710256e+37 1.010392903603140032e+06
7.970338382398040267e+00 5.530021425485079834e+37 1.010277498520300025e+06
8.965513511346216546e+00 5.292286774458350413e+37 1.010168613758409978e+06
1.009073426111353911e+01 5.074961477222000404e+37 1.010065921022190014e+06
1.121223137219567434e+01 4.903921938975039879e+37 1.009979375668430002e+06
1.222532325863357983e+01 4.779795056826809945e+37 1.009911268682520022e+06
1.314098939450923353e+01 4.681971430794950031e+37 1.009856029434669996e+06
1.396736351516665309e+01 4.603273797740799700e+37 1.009810343380920007e+06
1.470851509126805468e+01 4.539031142495609727e+37 1.009772168842860032e+06
1.537241785632431856e+01 4.485015473138279997e+37 1.009739926120180055e+06
1.596670506458394811e+01 4.439317947539869592e+37 1.009712388140999945e+06
1.649912680175111745e+01 4.399943777236820052e+37 1.009688672473559971e+06
1.697707437912686146e+01 4.365468246847799587e+37 1.009668085730370018e+06
1.740762477716270951e+01 4.335074522078850233e+37 1.009650080007339944e+06
1.779729334516014205e+01 4.308041489025429832e+37 1.009634187013059971e+06
1.815189368236315204e+01 4.283741123222159598e+37 1.009620030151310028e+06
1.847648575302810059e+01 4.261702202284830468e+37 1.009607307421499980e+06
1.877487388323061168e+01 4.241578622513080023e+37 1.009595803159289993e+06
1.905047209442273015e+01 4.223090191792429926e+37 1.009585329563289997e+06
1.930601644133639638e+01 4.206022359436049998e+37 1.009575742301870021e+06
1.954339651982809301e+01 4.190235918829999874e+37 1.009566937256130041e+06
1.976831585000400082e+01 4.175176767355779766e+37 1.009558676575639984e+06
1.999311803482851246e+01 4.159675661771520050e+37 1.009550471877309959e+06
2.030636974048684351e+01 4.134460380184909765e+37 1.009538973347899970e+06
2.058091833600337850e+01 4.115308950789280146e+37 1.009529000717520015e+06
2.092132402129209368e+01 4.088871135063210102e+37 1.009516774535589968e+06
2.134826052365679061e+01 4.055294087259980146e+37 1.009501646100100013e+06
2.191833381893957267e+01 4.010843199769290219e+37 1.009481937304410036e+06
2.249793047886487329e+01 3.972303945283569896e+37 1.009462721949249972e+06
2.301747106629045447e+01 3.941841298389509778e+37 1.009446179199179984e+06
2.348661950003224774e+01 3.914993092758110068e+37 1.009431657906370005e+06
2.391246273523574928e+01 3.890672239279930076e+37 1.009418732719770051e+06
2.430143532160582254e+01 3.868366006518910076e+37 1.009407099610839970e+06
2.465903968402562896e+01 3.847747699556299851e+37 1.009396532334089978e+06
2.498956857200028026e+01 3.828598341914650155e+37 1.009386865314339986e+06
2.529697341164137470e+01 3.810700859309519963e+37 1.009377956691329950e+06
2.558399818635734846e+01 3.793929439845690037e+37 1.009369707161320024e+06
2.585485229215191794e+01 3.777983815743749853e+37 1.009361978094210033e+06
2.611855959914100822e+01 3.762125230462530141e+37 1.009354490199110005e+06
2.641113516400946537e+01 3.743037943971730041e+37 1.009346147966900025e+06
2.688827809451322537e+01 3.706304252137509796e+37 1.009332387447980000e+06
2.724579992516737548e+01 3.686657017074080202e+37 1.009322351323449984e+06
2.766384577701319358e+01 3.659255261319220144e+37 1.009310802023470053e+06
2.804597986351654981e+01 3.636711573422760158e+37 1.009300433819559985e+06
2.839820228207827313e+01 3.616427008470920064e+37 1.009291046227880055e+06
2.872664175452518975e+01 3.597596538980219834e+37 1.009282411125640036e+06
2.903547473988146521e+01 3.579893962040840132e+37 1.009274379549490055e+06
2.932946703673223965e+01 3.562979472460310227e+37 1.009266801914729993e+06
2.961884639522395446e+01 3.546027765315770104e+37 1.009259387443469954e+06
2.995905282025705674e+01 3.524057250667809792e+37 1.009250622464669985e+06
3.036150811488914769e+01 3.497414645022770135e+37 1.009240264316909947e+06
3.076559046857073554e+01 3.472749084025030174e+37 1.009230032431490021e+06
3.127460044905456016e+01 3.439629879404659988e+37 1.009217329073449946e+06
3.173696789818131947e+01 3.414376147695449901e+37 1.009206121724040015e+06
3.216280263775843196e+01 3.391921310890740193e+37 1.009196050636979984e+06
3.255699400832600077e+01 3.371373004324539813e+37 1.009186886453130050e+06
3.292440584706855589e+01 3.352291321684649866e+37 1.009178455069510033e+06
3.326891696502570994e+01 3.334436442699020162e+37 1.009170632660240051e+06
3.359583589933390613e+01 3.317451279945670183e+37 1.009163274595699972e+06
3.391594312870438443e+01 3.300552502093580050e+37 1.009156114544410026e+06
3.426887882537266705e+01 3.280532974675159775e+37 1.009148192407900002e+06
3.485743110187468119e+01 3.241390332817509800e+37 1.009134853449739981e+06
3.529276506855603657e+01 3.221971079972030016e+37 1.009125360834590043e+06
3.597342010468128137e+01 3.181104140581080063e+37 1.009108756924150046e+06
3.684018167102112784e+01 3.136085170035689861e+37 1.009089276806359994e+06
3.684025898292748025e+01 3.149601468239640127e+37 1.009613535717890016e+06
3.684028423564450350e+01 3.149595012835160142e+37 1.009615247417120030e+06
3.684031720468192361e+01 3.149590582340929941e+37 1.009616405608589994e+06
3.684035623851377750e+01 3.149583712860460189e+37 1.009617919745199964e+06
3.684040300469132490e+01 3.149574718205210123e+37 1.009619643066740013e+06
3.684045930305364891e+01 3.149564010738870119e+37 1.009621582208579988e+06
3.684052785161475185e+01 3.149550974058480065e+37 1.009623751770060044e+06
3.684061257011853741e+01 3.149534892989700209e+37 1.009626158970820019e+06
3.684071940017020097e+01 3.149514710293389970e+37 1.009628802358740009e+06
3.684084046524731093e+01 3.149492134236850036e+37 1.009631326431680005e+06
3.684096544145359076e+01 3.149469214410259901e+37 1.009633511467400007e+06
3.684109513680232340e+01 3.149445821190510149e+37 1.009635368976410013e+06
3.684123338203062303e+01 3.149421387351520192e+37 1.009636989003479946e+06
3.684138088086547214e+01 3.149395993091649989e+37 1.009638363656889996e+06
3.684154325869167224e+01 3.149368901479260193e+37 1.009639543311160058e+06
3.684172591264359653e+01 3.149339633286550143e+37 1.009640546265610028e+06
3.684193821758526610e+01 3.149307337134619955e+37 1.009641408076119958e+06
3.684219056520669255e+01 3.149271529569600062e+37 1.009642087977839983e+06
3.684252632528659888e+01 3.149228410359789874e+37 1.009642640859910054e+06
3.684301097480420140e+01 3.149175760982400058e+37 1.009643038385470049e+06
3.684386413860556786e+01 3.149110075572140218e+37 1.009643269847630057e+06
3.684556193456955953e+01 3.149060960156069974e+37 1.009643420853190008e+06
3.684894054854157730e+01 3.149117540988789828e+37 1.009644095561439986e+06
3.685566399034360074e+01 3.149113789242619975e+37 1.009646906414250028e+06
3.686904363952999120e+01 3.146691062363159996e+37 1.009655368244949961e+06
3.689566914140959852e+01 3.133541348227289880e+37 1.009674563988510054e+06
3.694865389014739776e+01 3.100167118736940053e+37 1.009707026464379975e+06
3.705409354013318080e+01 3.052845637215459955e+37 1.009747126081209979e+06
3.725599808565675630e+01 3.013329126353859977e+37 1.009780332564410055e+06
3.765778813124779845e+01 2.990494762370909957e+37 1.009790965493789990e+06
3.835711668169460609e+01 2.974257197087620001e+37 1.009767379795580055e+06
3.898218187024031067e+01 2.967949911922210189e+37 1.009737595040560002e+06
3.954876835632967413e+01 2.959759682063309999e+37 1.009708769086219952e+06
4.006616100657629431e+01 2.949648481812030142e+37 1.009682264445960056e+06
4.054251954306528205e+01 2.938413455762980211e+37 1.009658134662150056e+06
4.098473952721178648e+01 2.926646344192739934e+37 1.009636129485539976e+06
4.139891972179248114e+01 2.914678825895009945e+37 1.009615931365199969e+06
4.178991728098117164e+01 2.902696440523589823e+37 1.009597255654409993e+06
4.216886015247291652e+01 2.890359671667100047e+37 1.009579514730109950e+06
4.255618146221240750e+01 2.876733316794369915e+37 1.009561701945399982e+06
4.311163027395014069e+01 2.852138511720709973e+37 1.009536376770250034e+06
4.354149445775328786e+01 2.838687153073979889e+37 1.009517595407049987e+06
4.420418345570215024e+01 2.808688830045310006e+37 1.009489244764319970e+06
4.503518452100979630e+01 2.774271414014940128e+37 1.009455386856580037e+06
4.577795132952815038e+01 2.750204163589690153e+37 1.009427107567850035e+06
4.645086654421902495e+01 2.728534855295920220e+37 1.009402706977650058e+06
4.706266891177438083e+01 2.708569373417910142e+37 1.009381317736809957e+06
4.762285747175337747e+01 2.689980674093859778e+37 1.009362299980949960e+06
4.814007672948719119e+01 2.672557093489989859e+37 1.009345177041779971e+06
4.862228643963317154e+01 2.656083576952450051e+37 1.009329563441590057e+06
4.907618548778555123e+01 2.640396525566659768e+37 1.009315160672859987e+06
4.951013299753321917e+01 2.625177434279169885e+37 1.009301639446069952e+06
4.993934170759530389e+01 2.609689949773540227e+37 1.009288473553649965e+06
5.041181516748474678e+01 2.591194763063399815e+37 1.009274105495480006e+06
5.092534504184004618e+01 2.570741463734219980e+37 1.009258689677180024e+06
5.140473164019931573e+01 2.553243178416379822e+37 1.009244657309929957e+06
5.185941286891829805e+01 2.536766167843750124e+37 1.009231650214729947e+06
5.230435079584640334e+01 2.520435649332240154e+37 1.009219161192420055e+06
5.276912662089671358e+01 2.502700974117719997e+37 1.009206296345680021e+06
5.334579003628459759e+01 2.478506674926570138e+37 1.009190442573840031e+06
5.386905948799903854e+01 2.459848878607830111e+37 1.009176490934879985e+06
5.437058829057059484e+01 2.441954075013190072e+37 1.009163462872360018e+06
5.484547856841163593e+01 2.425354170795049855e+37 1.009151404132049996e+06
5.530855090240220306e+01 2.409094983526469991e+37 1.009139867385489983e+06
5.579235064129534294e+01 2.391510789771989820e+37 1.009127979009530041e+06
5.653601543397962814e+01 2.359837160748959875e+37 1.009109739544710028e+06
5.709914965304051293e+01 2.343616859075089836e+37 1.009096602857779944e+06
5.812146817375105456e+01 2.301620115032400061e+37 1.009073102354650036e+06
5.920524302928970428e+01 2.267554082472969765e+37 1.009049731743150041e+06
6.018066107888444094e+01 2.241446175901449885e+37 1.009029867218920030e+06
6.106284773279912770e+01 2.218159481268560020e+37 1.009012538710710010e+06
6.186336680792010156e+01 2.197131224925769959e+37 1.008997232734609977e+06
6.259261245894958847e+01 2.178068580558419791e+37 1.008983599784789956e+06
6.326074155050082481e+01 2.160720169508899786e+37 1.008971363549220026e+06
6.387819046137519763e+01 2.144751519543440099e+37 1.008960258477470023e+06
6.445446292351334705e+01 2.129871890006349961e+37 1.008950059280809946e+06
6.500070004278313718e+01 2.115714755394650098e+37 1.008940529355230043e+06
6.553505019472868298e+01 2.101632351346480009e+37 1.008931317157570040e+06
6.609337236239662161e+01 2.086252015880779907e+37 1.008921762111120042e+06
6.675291795433440711e+01 2.066399897268150073e+37 1.008910457306439988e+06
6.736123097292147577e+01 2.050624780924159994e+37 1.008900286294210004e+06
6.793541297214687802e+01 2.035891079702899925e+37 1.008890886717929970e+06
6.849045640061740414e+01 2.021603946055339960e+37 1.008881947444170015e+06
6.905344216681260150e+01 2.006777455802419941e+37 1.008872986311970046e+06
6.973414486595356720e+01 1.986881743237129947e+37 1.008862143151159980e+06
7.054941162580871605e+01 1.963475324836369983e+37 1.008849366856839973e+06
7.160856864516608766e+01 1.933890890537390030e+37 1.008833307627390022e+06
7.283491532168409321e+01 1.903824732635229979e+37 1.008815622380240005e+06
7.283502593560478999e+01 1.912826177170349968e+37 1.009260105998359970e+06
7.283506687976841931e+01 1.912825293193460017e+37 1.009261255936190020e+06
7.283512445636733901e+01 1.912820023930909997e+37 1.009262435974759981e+06
7.283519185577097232e+01 1.912815970065670008e+37 1.009263829742279951e+06
7.283527139411307871e+01 1.912811455485109953e+37 1.009265417702049948e+06
7.283536552048826707e+01 1.912806525448189977e+37 1.009267206972189946e+06
7.283547819178784266e+01 1.912801182484569884e+37 1.009269227624039981e+06
7.283561408207606291e+01 1.912795515657690057e+37 1.009271488667699974e+06
7.283578028715783148e+01 1.912789686253300055e+37 1.009273996353500057e+06
7.283598750706369174e+01 1.912784017537009898e+37 1.009276744602720020e+06
7.283622424116765615e+01 1.912779556979010062e+37 1.009279411673979950e+06
7.283646497266090591e+01 1.912776988190660030e+37 1.009281680871860008e+06
7.283671371194213862e+01 1.912776158849210117e+37 1.009283610930009978e+06
7.283697515643871156e+01 1.912777140145909962e+37 1.009285255540619954e+06
7.283725404951837845e+01 1.912780119018839969e+37 1.009286644192190026e+06
7.283755847148859175e+01 1.912785455035009884e+37 1.009287810160269961e+06
7.283789951480139280e+01 1.912793778630330059e+37 1.009288776349370019e+06
7.283829470297860098e+01 1.912806201666140071e+37 1.009289577438020031e+06
7.283876322198557318e+01 1.912824332196430045e+37 1.009290168449769961e+06
7.283938402997227968e+01 1.912853141978030044e+37 1.009290587996950024e+06
7.284027692883682903e+01 1.912902331109340058e+37 1.009290785955979954e+06
7.284183872773428448e+01 1.913003265305110051e+37 1.009290689546199981e+06
7.284494670754065737e+01 1.913227149745420100e+37 1.009290323110920028e+06
7.285113158735111938e+01 1.913614065606289922e+37 1.009290394330459996e+06
7.286343949817455723e+01 1.913564893827720020e+37 1.009292809138079989e+06
7.288793224071559962e+01 1.909748335097580036e+37 1.009300920443259994e+06
7.293667279836881789e+01 1.895890160189649966e+37 1.009317533732139971e+06
7.303366650810130523e+01 1.871099313871099999e+37 1.009340631722209975e+06
7.322668399046960985e+01 1.845326425707589937e+37 1.009361841332540032e+06
7.361078878038460971e+01 1.829014580098690036e+37 1.009369488913820009e+06
7.437515731231542304e+01 1.819850020630639911e+37 1.009351648818579968e+06
7.534205180708158878e+01 1.813943470671930026e+37 1.009318279069000040e+06
7.620754818572459044e+01 1.810579252919270072e+37 1.009287756035470054e+06
7.700004253191946191e+01 1.805262737832270028e+37 1.009260464104330051e+06
7.772872407979230047e+01 1.798840695282320112e+37 1.009236183377429959e+06
7.840492454434570391e+01 1.791844338309449936e+37 1.009214405624369974e+06
7.904405947117629694e+01 1.784401823412929900e+37 1.009194481975910021e+06
7.966694100942186196e+01 1.776360596050039950e+37 1.009175649044489954e+06
8.032317933698504930e+01 1.766609861080940118e+37 1.009156331814480014e+06
8.107567776982978103e+01 1.753647164895879937e+37 1.009134704621820012e+06
8.177096712647107779e+01 1.743252917425310012e+37 1.009115535578279989e+06
8.242799959082913119e+01 1.733192365357179895e+37 1.009098072990890010e+06
8.306876444751469535e+01 1.722959569324090055e+37 1.009081563323660055e+06
8.374730803078637109e+01 1.711124049167009998e+37 1.009064515568080009e+06
8.473650319257285446e+01 1.689806103946159883e+37 1.009040088651690050e+06
8.562218499699156382e+01 1.675844036311180105e+37 1.009019478921329952e+06
8.723730911939856014e+01 1.640738365904060019e+37 1.008983361856400035e+06
8.929760001803151681e+01 1.605395217024810077e+37 1.008941645657790010e+06
9.116448185804256354e+01 1.581406311170019977e+37 1.008907512885999982e+06
9.285737166924081976e+01 1.558705128789509952e+37 1.008878375339210033e+06
9.440205986220098566e+01 1.537609624148959995e+37 1.008853084426459973e+06
9.581280677227186970e+01 1.518490158927439971e+37 1.008831011501169996e+06
9.709735949248351972e+01 1.501294681525269941e+37 1.008811704299609992e+06
9.826803586025198456e+01 1.485792034364160078e+37 1.008794722920089960e+06
9.933639242128265323e+01 1.471781009146559904e+37 1.008779702720939997e+06
1.003142902421459439e+02 1.459031096203400099e+37 1.008766326071450021e+06
1.012151909620661172e+02 1.447289610593100060e+37 1.008754291946409969e+06
1.020531087469644262e+02 1.436330628639230056e+37 1.008743330533929984e+06
1.028496422215903294e+02 1.425702815930170058e+37 1.008733086423509987e+06
1.036429743441221945e+02 1.414621175064019978e+37 1.008723009856740013e+06
1.045418763592642790e+02 1.400500829806619983e+37 1.008711610367959947e+06
1.054768171843752498e+02 1.386131631486370100e+37 1.008699901987079997e+06
1.063426219485263573e+02 1.374016970325109938e+37 1.008689356161040021e+06
1.071670507462295063e+02 1.362358621285669943e+37 1.008679515827639960e+06
1.079871842027823732e+02 1.350373612375009933e+37 1.008669860291779973e+06
1.089219574224371172e+02 1.335198786539310018e+37 1.008658872531899950e+06
1.089220671439179569e+02 1.339777257837190115e+37 1.009056747862290009e+06
1.089221076140020159e+02 1.339774535180529975e+37 1.009057426731509971e+06
1.089221881494668196e+02 1.339768418695389941e+37 1.009058317448070040e+06
1.089222904140551691e+02 1.339761993237380022e+37 1.009059479452520027e+06
1.089224093843586161e+02 1.339755114246590009e+37 1.009060804729160038e+06
1.089225482325091434e+02 1.339747838229870025e+37 1.009062309861349990e+06
1.089227112466505787e+02 1.339740262926719894e+37 1.009064028843889944e+06
1.089229025898785039e+02 1.339732604337000063e+37 1.009065951932199998e+06
1.089231310745235533e+02 1.339725049425650105e+37 1.009068126004509977e+06
1.089234052844622056e+02 1.339718034325190009e+37 1.009070550874119974e+06
1.089237393604344106e+02 1.339712145901840046e+37 1.009073226605869946e+06
1.089241550102269684e+02 1.339708309452700100e+37 1.009076137156800018e+06
1.089245920568464499e+02 1.339707655546740012e+37 1.009078710248789983e+06
1.089250386951825931e+02 1.339709869411540052e+37 1.009080924440999981e+06
1.089254936649231240e+02 1.339714609304840087e+37 1.009082752779240021e+06
1.089259753998994711e+02 1.339721903823710019e+37 1.009084308844999992e+06
1.089264881289600453e+02 1.339731810879139919e+37 1.009085591203290038e+06
1.089270521726539300e+02 1.339744769059079884e+37 1.009086644015999977e+06
1.089276903735808446e+02 1.339761501386349964e+37 1.009087490653650020e+06
1.089284367233631201e+02 1.339783193123869926e+37 1.009088145060369978e+06
1.089293473556826939e+02 1.339811870074919987e+37 1.009088574923339998e+06
1.089305913275784405e+02 1.339853450333320049e+37 1.009088791520360042e+06
1.089324736236849276e+02 1.339918680583650101e+37 1.009088720903260051e+06
1.089361425395400147e+02 1.340041252374770087e+37 1.009088278680730029e+06
1.089434436820884002e+02 1.340205088818060098e+37 1.009087892834360013e+06
1.089579729557590326e+02 1.339893375536910089e+37 1.009089171348060016e+06
1.089868862103649008e+02 1.336629981966030115e+37 1.009094882973980042e+06
1.090444235870309058e+02 1.325948114824740040e+37 1.009107203054629965e+06
1.091589229665987659e+02 1.307270654287549962e+37 1.009124139171759947e+06
1.093867767319425184e+02 1.287866889528599899e+37 1.009138408821139950e+06
1.098402057249732025e+02 1.275549144118790010e+37 1.009140180370329996e+06
1.107425294211025175e+02 1.268673945715260100e+37 1.009119425402979949e+06
1.116953725197308813e+02 1.266615639188740097e+37 1.009092200729670003e+06
1.125795086370635545e+02 1.264533423877910054e+37 1.009066706981720054e+06
1.134302768135494262e+02 1.260784429499909986e+37 1.009042774088490056e+06
1.143129954950491083e+02 1.254889349510580033e+37 1.009018714133730042e+06
1.154432913544878829e+02 1.243564524555590067e+37 1.008988872864110046e+06
1.164779723900428507e+02 1.235151839205420032e+37 1.008963247593860026e+06
1.174365968337660888e+02 1.227008357901229973e+37 1.008940785507519962e+06
1.183372333757906745e+02 1.218973380027920043e+37 1.008920650250109960e+06
1.192210631779016694e+02 1.210461804291319913e+37 1.008901662075649947e+06
1.201812422172042716e+02 1.199872265678829936e+37 1.008881686811089981e+06
1.216034018845166429e+02 1.180365180204679966e+37 1.008852965945119970e+06
1.228913674366376654e+02 1.167305155887260077e+37 1.008828848193080048e+06
1.240672233749719453e+02 1.155266734867659968e+37 1.008808005374699947e+06
1.251478062807909737e+02 1.143947533933949979e+37 1.008789651279740036e+06
1.261504300875785702e+02 1.133211528414039984e+37 1.008773217523430008e+06
1.271024132993406965e+02 1.122677147617370096e+37 1.008758075085710036e+06
1.280580378714294056e+02 1.111467501373520052e+37 1.008743241963359993e+06
1.291800314014762989e+02 1.096499526023660091e+37 1.008726077692660037e+06
1.302368255184555892e+02 1.083530240664270043e+37 1.008710425883210031e+06
1.312308678314257122e+02 1.071390301103779949e+37 1.008696168294909992e+06
1.322096742327776155e+02 1.059119378608809986e+37 1.008682488967210054e+06
1.332874421896849526e+02 1.044577470492520045e+37 1.008667684854740044e+06
1.354322004239293165e+02 1.010703658563379964e+37 1.008638791214989964e+06
1.373810097640198364e+02 9.886877155504199988e+36 1.008614810825780034e+06
1.392075463427026989e+02 9.677639707638000463e+36 1.008593451222290052e+06
1.408828308091651706e+02 9.487302031882070198e+36 1.008574632501150016e+06
1.424200467666669283e+02 9.312666375632549962e+36 1.008557935579429963e+06
1.438329654876433779e+02 9.153358340252840095e+36 1.008543055053199991e+06
1.451371393236986478e+02 9.006789920569660284e+36 1.008529683167389943e+06
1.451372606376098702e+02 9.028808715295190144e+36 1.008885529620280024e+06
1.451373047403212695e+02 9.028855246125179413e+36 1.008885901296420023e+06
1.451373925047155353e+02 9.028952446481309459e+36 1.008886319661939982e+06
1.451375671558635077e+02 9.029139244830750165e+36 1.008887201560019981e+06
1.451377913865471783e+02 9.029366439915429940e+36 1.008888324918080005e+06
1.451380501480707608e+02 9.029613219939689426e+36 1.008889606323259999e+06
1.451383495683294313e+02 9.029880103817700054e+36 1.008891064789570053e+06
1.451386973325679719e+02 9.030167605267509525e+36 1.008892724447119981e+06
1.451391023302276153e+02 9.030475757334369607e+36 1.008894597397339996e+06
1.451395780797574844e+02 9.030806003320799954e+36 1.008896729228000040e+06
1.451401363751610916e+02 9.031156789026290103e+36 1.008899104110589949e+06
1.451408023056610546e+02 9.031532214096589676e+36 1.008901720323889982e+06
1.451416141298941511e+02 9.031939029596630132e+36 1.008904602407039958e+06
1.451425556723515911e+02 9.032357799348879813e+36 1.008907453771420056e+06
1.451434944173415715e+02 9.032734184180090263e+36 1.008909808505309979e+06
1.451444578332120727e+02 9.033086083267820214e+36 1.008911816303199972e+06
1.451454401931114262e+02 9.033416585491409580e+36 1.008913441185440053e+06
1.451464846076378308e+02 9.033742458386849774e+36 1.008914782163270051e+06
1.451476110986950516e+02 9.034070439438840180e+36 1.008915855359159992e+06
1.451488646255675121e+02 9.034412262500859838e+36 1.008916687873039977e+06
1.451503123099682853e+02 9.034782718694460289e+36 1.008917321451090043e+06
1.451520159504871117e+02 9.035191886144250112e+36 1.008917708772449987e+06
1.451542450568922504e+02 9.035689640858440021e+36 1.008917864560690010e+06
1.451574551765879733e+02 9.036336893912310195e+36 1.008917754991300055e+06
1.451629500870258198e+02 9.037210135093830534e+36 1.008917356533049955e+06
1.451738849588000448e+02 9.037503251533439890e+36 1.008917025795249967e+06
1.451956453536295157e+02 9.030361203470490368e+36 1.008918300892350031e+06
1.452389485393396171e+02 8.993605367074029655e+36 1.008923517789339996e+06
1.453251218789046106e+02 8.901011085710990487e+36 1.008933614602940041e+06
1.454966068246394570e+02 8.764049731509440543e+36 1.008945399066930055e+06
1.458378618666502007e+02 8.636636689125089442e+36 1.008951596001420054e+06
1.465169594002509257e+02 8.553217107633129635e+36 1.008943152022090042e+06
1.477028679637514870e+02 8.486226029840650157e+36 1.008914979905980057e+06
1.488959161390012014e+02 8.439226230959410258e+36 1.008885171411389951e+06
1.503467290121552651e+02 8.346736537967189685e+36 1.008849796077609994e+06
1.516796268105244962e+02 8.262620323787850073e+36 1.008819422574419994e+06
1.529246600549195136e+02 8.176953299819780214e+36 1.008792827814650023e+06
1.541336692224904255e+02 8.086759035940450183e+36 1.008768447185460012e+06
1.554164509627407824e+02 7.980488803011349677e+36 1.008743865657550050e+06
1.573269313754135510e+02 7.789098028255860430e+36 1.008709035293880035e+06
1.592724158415512647e+02 7.614244647321260580e+36 1.008676460124509991e+06
1.610601183989347192e+02 7.458206745322210584e+36 1.008648701653470052e+06
1.627028296737007622e+02 7.309715998904699917e+36 1.008624592370750033e+06
1.642320786123345897e+02 7.165840621956569890e+36 1.008603132022480015e+06
1.656742019400844583e+02 7.025204262766789606e+36 1.008583638736980036e+06
1.670757340594500420e+02 6.882864397404100327e+36 1.008565276816759957e+06
1.685480524895028793e+02 6.724086220149309723e+36 1.008546457838639966e+06
1.701062278931894980e+02 6.546503890081139714e+36 1.008526930588989984e+06
1.716076691618363839e+02 6.371954061373729447e+36 1.008508560708240024e+06
1.731488797273450473e+02 6.187091575214080208e+36 1.008490133333710022e+06
1.748001253093061678e+02 5.980945220969139707e+36 1.008470729251199984e+06
1.764199790182174183e+02 5.774524410260650091e+36 1.008452027119289967e+06
1.781340885185127263e+02 5.551727315131810170e+36 1.008432632691859966e+06
1.802008701545673830e+02 5.278825135034449821e+36 1.008409755105240038e+06
1.821984467952461273e+02 5.023796945035539726e+36 1.008388344413280021e+06
1.822004457551120140e+02 5.045114108666989988e+36 1.008698563783050049e+06
1.822011739503068384e+02 5.045169877484020217e+36 1.008699421643499983e+06
1.822023066556430422e+02 5.045225908580270185e+36 1.008700747493800009e+06
1.822036004706824315e+02 5.045288360834079762e+36 1.008702249584560050e+06
1.822050856894675235e+02 5.045342076454580106e+36 1.008703951914140023e+06
1.822067952274483105e+02 5.045381316159440160e+36 1.008705880120650050e+06
1.822087652163172606e+02 5.045399749886769910e+36 1.008708028360589989e+06
1.822110653587078559e+02 5.045390679473719975e+36 1.008710426873199991e+06
1.822137695042438281e+02 5.045345843964839707e+36 1.008713059963530046e+06
1.822170025591913145e+02 5.045255106243720194e+36 1.008715895478409948e+06
1.822207649198717263e+02 5.045110854220020203e+36 1.008718730583340046e+06
1.822244107371807331e+02 5.044941844900539717e+36 1.008720982875610003e+06
1.822281065529168700e+02 5.044743472247720046e+36 1.008722848538269987e+06
1.822318527959323546e+02 5.044515250834549959e+36 1.008724310408400022e+06
1.822358281293527398e+02 5.044240407758099820e+36 1.008725476389219984e+06
1.822401190818236500e+02 5.043900820432900246e+36 1.008726373071989976e+06
1.822449084590807615e+02 5.043459024497710194e+36 1.008727037486079964e+06
1.822504683200531872e+02 5.042844533315610125e+36 1.008727531009400031e+06
1.822570257703955576e+02 5.041950922339179884e+36 1.008727824600700056e+06
1.822656943661422702e+02 5.040418260588389990e+36 1.008727993749059970e+06
1.822781964441019227e+02 5.037372486794399709e+36 1.008728132367750048e+06
1.822995354759295878e+02 5.029720647235329837e+36 1.008728560988959973e+06
1.823420001492668234e+02 5.007815768066810218e+36 1.008730245227009989e+06
1.824265048492088681e+02 4.957634417672620221e+36 1.008734306378589943e+06
1.825946692020916089e+02 4.874239768059319863e+36 1.008739838497529970e+06
1.829293162643298274e+02 4.771544489548370092e+36 1.008742161998800002e+06
1.835952639181814448e+02 4.662385704383560105e+36 1.008733321589239989e+06
1.849204997493434348e+02 4.517495507866389831e+36 1.008703262446289998e+06
1.868892705903890601e+02 4.320730839099590163e+36 1.008656320502080023e+06
1.887585332521339296e+02 4.139042284321079831e+36 1.008614813278750051e+06
1.907361808916612063e+02 3.933029077148650007e+36 1.008573958658210002e+06
1.928298443901694554e+02 3.716481212355619937e+36 1.008534176625609980e+06
1.950570326277083950e+02 3.491226516604950212e+36 1.008495304479400045e+06
1.974294748797547072e+02 3.260244893925279766e+36 1.008457297969480045e+06
1.999574022444467118e+02 3.024208036958120085e+36 1.008420048326169956e+06
2.026477467609038285e+02 2.794635559133789786e+36 1.008383961676880019e+06
2.055224971757525054e+02 2.574049184404320071e+36 1.008349034863729961e+06
