# time luminosity radius
-2.441501622631949431e+01 5.361903131606440145e+35 1.008238308857430005e+06
-1.902500659310589981e+01 5.882026699365350060e+35 1.008232238869069959e+06
-1.839119992178893881e+01 5.891887362545029988e+35 1.008430014248240041e+06
-1.810311774087131198e+01 5.887804157965630210e+35 1.008432573873779969e+06
-1.774195679573404050e+01 5.878016217580539825e+35 1.008434516548509942e+06
-1.739149962743431388e+01 5.871872941907539778e+35 1.008435332683259971e+06
-1.703301133980312443e+01 5.873175420830099657e+35 1.008435338140210020e+06
-1.665218619016013690e+01 5.884861731826479993e+35 1.008434712316480000e+06
-1.623767347719149257e+01 5.909678090245110009e+35 1.008433548472500057e+06
-1.577201781791427493e+01 5.951465257474489941e+35 1.008431885664419970e+06
-1.523117587380420446e+01 6.016462352076270191e+35 1.008429753014659975e+06
-1.458740753008623869e+01 6.114002168139320088e+35 1.008427215351240011e+06
-1.395514732778610778e+01 6.228535916175069787e+35 1.008424946001110016e+06
-1.335798587468252663e+01 6.353671697163840231e+35 1.008423104786140029e+06
-1.275713927672313730e+01 6.498063769502920003e+35 1.008421701771060005e+06
-1.214582854291711556e+01 6.666928650507599775e+35 1.008420866542170057e+06
-1.149740945376470336e+01 6.876112533328890690e+35 1.008420862417849945e+06
-1.081241089785817167e+01 7.141213121118009866e+35 1.008422168852980016e+06
-1.007188918969040969e+01 7.503170991516279322e+35 1.008425903037209995e+06
-9.313302537571871653e+00 8.015773891574380496e+35 1.008434579635969945e+06
-8.809772497562335047e+00 8.479484212888579988e+35 1.008444862683929969e+06
-8.771929451419964607e+00 8.515958245780829622e+35 1.008445693480400019e+06
-8.696621789596065355e+00 8.591364535768700548e+35 1.008447513263050001e+06
-8.546759542566178425e+00 8.756208939670940389e+35 1.008451874626950012e+06
-8.345134947263431968e+00 9.016848856227439378e+35 1.008460609658980044e+06
-8.247271283101326844e+00 9.155210829230929587e+35 1.008465649342100020e+06
-8.178717346374469344e+00 9.259672002363509917e+35 1.008469844416999957e+06
-8.125467539207420486e+00 9.344400144954610455e+35 1.008473618301309994e+06
-8.072871628004577360e+00 9.433583566201659804e+35 1.008478142159139970e+06
-8.030712950636370806e+00 9.505988921024529574e+35 1.008482481809459976e+06
-7.993511243160355662e+00 9.575061713887600183e+35 1.008487135969460011e+06
-7.961802143317981972e+00 9.636734494588319893e+35 1.008491972196370014e+06
-7.943005046120561019e+00 9.676036871757389908e+35 1.008495165719570010e+06
-7.918454096274217591e+00 9.727688230214919945e+35 1.008500321548350039e+06
-7.900457444204221247e+00 9.765568349122529950e+35 1.008504679596700007e+06
-7.884472565298892732e+00 9.799833084502709874e+35 1.008509203352240031e+06
-7.869348163144422870e+00 9.835155207353440109e+35 1.008514225151479943e+06
-7.855147156727980473e+00 9.870401872511949299e+35 1.008519749302380020e+06
-7.840390007280802820e+00 9.910322311620020048e+35 1.008526600870670052e+06
-7.827869871195616724e+00 9.979285224305260270e+35 1.008533070668229950e+06
-7.821679050561215263e+00 9.978998394004820009e+35 1.008536402489820030e+06
-7.809557273152677226e+00 1.012706045029219961e+36 1.008544658450710005e+06
-7.802016087814990897e+00 1.022842279586809994e+36 1.008550574186529964e+06
-7.795140042087950860e+00 1.074980274542259956e+36 1.008555871560349944e+06
-7.787071682180794596e+00 1.532884857976539974e+36 1.008562179157639970e+06
-7.779849280739654205e+00 2.156137393283039886e+36 1.008567629119109944e+06
-7.772692159614962293e+00 2.994156159426459799e+36 1.008572858014700003e+06
-7.765418279713230731e+00 3.789983295338740186e+36 1.008578042729379958e+06
-7.757963942590322404e+00 6.108724947152839823e+36 1.008583337496569962e+06
-7.750833153552775912e+00 5.928700781247379721e+36 1.008588211112229968e+06
-7.742231972669287643e+00 6.241011963227089845e+36 1.008593911658260040e+06
-7.732586429264301842e+00 6.764797203832309462e+36 1.008600096049990039e+06
-7.721758660560226417e+00 9.068297079037690582e+36 1.008607081408440019e+06
-7.712515883883497736e+00 8.668837876074289928e+36 1.008612804728609975e+06
-7.697754850434648688e+00 8.692496200020949444e+36 1.008621586399320047e+06
-7.680481331623923325e+00 8.816426658800590565e+36 1.008631443007639959e+06
-7.659677315061344416e+00 8.815934793417789914e+36 1.008642763088879990e+06
-7.634333047033578623e+00 8.773705072944549612e+36 1.008655950004430022e+06
-7.607147903381701326e+00 8.817197837533510488e+36 1.008669736245829961e+06
-7.578683214427655912e+00 8.734024488330220302e+36 1.008683855626979959e+06
-7.549483832610349054e+00 8.629381403865269462e+36 1.008698193884680048e+06
-7.521215433375800785e+00 8.505285817736420273e+36 1.008712062057859963e+06
-7.495985902930442535e+00 8.380098489563969833e+36 1.008724496847679955e+06
-7.473022774241144361e+00 8.274745191504610377e+36 1.008735925446090056e+06
-7.451597008560383983e+00 8.189829905790900101e+36 1.008746723741839989e+06
-7.431220488110739097e+00 8.121899319721900085e+36 1.008757140155539964e+06
-7.411540634720040543e+00 8.065373906778720239e+36 1.008767348354169982e+06
-7.392289287594394409e+00 8.025160222145429763e+36 1.008777489773400011e+06
-7.373250329297661665e+00 7.987881792984569645e+36 1.008787662165379967e+06
-7.354227336487383582e+00 7.975460187449370573e+36 1.008797980058770045e+06
-7.335075696445528592e+00 8.106620714121260272e+36 1.008808537914030021e+06
-7.315605591924395412e+00 8.554900313945629732e+36 1.008819462814040016e+06
-7.295357704189882497e+00 8.833600163710019751e+36 1.008830956027820008e+06
-7.273897479091829155e+00 9.164563379286159485e+36 1.008843351334589999e+06
-7.250792571549936838e+00 9.474510160650579574e+36 1.008856874191140058e+06
-7.227277897339263291e+00 9.661059334718859921e+36 1.008870798983699991e+06
-7.203730953691774630e+00 9.980298890073190516e+36 1.008884992934999987e+06
-7.180236983757822600e+00 1.032545255011309957e+37 1.008899334217180032e+06
-7.156985879888452473e+00 1.068551825621250018e+37 1.008913720138860052e+06
-7.133331118300702656e+00 1.108200092506490117e+37 1.008928500891000032e+06
-7.109821323131654935e+00 1.146217626341910014e+37 1.008943334952180041e+06
-7.086323776207791525e+00 1.186723887860500086e+37 1.008958300147849950e+06
-7.062044440540375945e+00 1.229468820214039988e+37 1.008973897658579983e+06
-7.036909401993398205e+00 1.274305083732079887e+37 1.008990173223100021e+06
-7.011592721034503484e+00 1.319818152988690056e+37 1.009006650152639952e+06
-6.985669825547120126e+00 1.367032212320619973e+37 1.009023623795059975e+06
-6.959959119748418743e+00 1.415042229791119897e+37 1.009040540849679965e+06
-6.932631196988950251e+00 1.467632043738620091e+37 1.009058574948829948e+06
-6.900724126450768381e+00 1.529355600556409941e+37 1.009079710253620055e+06
-6.867199943159903341e+00 1.596030674200629953e+37 1.009101972261229996e+06
-6.831184615876736643e+00 1.669632031460380027e+37 1.009125929536730051e+06
-6.791584291432627651e+00 1.753237409649710039e+37 1.009152313031840022e+06
-6.749018862431512389e+00 1.846533001889700084e+37 1.009180678464579978e+06
-6.701726771539142646e+00 1.954498513600709991e+37 1.009212177612120053e+06
-6.651246368780448392e+00 2.074728980476459928e+37 1.009245720971619943e+06
-6.597328043176275969e+00 2.208313758967250022e+37 1.009281396213350003e+06
-6.538540182877113693e+00 2.358673199319220113e+37 1.009320032430349966e+06
-6.473764672887227789e+00 2.528211105684599844e+37 1.009362145899359952e+06
-6.404395207057859807e+00 2.711740240766909787e+37 1.009406530106259976e+06
-6.328054581327705819e+00 2.912918896833229956e+37 1.009454274645240046e+06
-6.244614848012133734e+00 3.128777072706599841e+37 1.009504816572860000e+06
-6.152356786349628237e+00 3.359230801812859905e+37 1.009558330335419974e+06
-6.050244925677361607e+00 3.601419289492139972e+37 1.009614278516369988e+06
-5.938184884028487431e+00 3.849470007474190106e+37 1.009671389098230051e+06
-5.816236716542334761e+00 4.097079268214540128e+37 1.009728365156659973e+06
-5.694204088499645877e+00 4.323011533097379625e+37 1.009780219946469995e+06
-5.581425056297121046e+00 4.513811679165500229e+37 1.009823904702740023e+06
-5.474942370471580944e+00 4.678144475418089580e+37 1.009861633799339994e+06
-5.371878589079642552e+00 4.823561949896479954e+37 1.009895092252479983e+06
-5.238674067876672780e+00 4.989311950623910122e+37 1.009933818631430040e+06
-5.107942341398484132e+00 5.139869766833700007e+37 1.009967969708040007e+06
-4.990935779944265960e+00 5.265923208974519786e+37 1.009995928848439944e+06
-4.885758899758911866e+00 5.373014433622190387e+37 1.010019289556329953e+06
-4.790496583416825160e+00 5.465928368902480204e+37 1.010039207222469966e+06
-4.702842913553467952e+00 5.548872417731080138e+37 1.010056649577390053e+06
-4.615532676817565516e+00 5.629182727150929731e+37 1.010073266153319972e+06
-4.482443541583052138e+00 5.744503811861320116e+37 1.010097199822569964e+06
-4.366071828548228950e+00 5.851601555168449593e+37 1.010117371366159990e+06
-4.262844416622101562e+00 5.946799627127979992e+37 1.010134934641359956e+06
-4.171245905676187249e+00 6.032493181522799654e+37 1.010150390165759949e+06
-4.089152847961486259e+00 6.110386120099609700e+37 1.010164172373060021e+06
-4.014294402852101484e+00 6.182379662109440420e+37 1.010176746266779955e+06
-3.940990669801067270e+00 6.253525434275660073e+37 1.010189079334189999e+06
-3.823324723064615682e+00 6.364928960813080164e+37 1.010208915952060022e+06
-3.709389753077630303e+00 6.481379076996589960e+37 1.010228200066489982e+06
-3.609116028655989794e+00 6.587310299839729796e+37 1.010245405256559956e+06
-3.520190181407087948e+00 6.683242946452609538e+37 1.010260874544149963e+06
-3.441071844325051643e+00 6.770134269714660060e+37 1.010274807670610026e+06
-3.370045213463527034e+00 6.849144549095920136e+37 1.010287441794189974e+06
-3.304552243695070501e+00 6.922827956697139554e+37 1.010299191078940057e+06
-3.238822899528713606e+00 6.996840845894130020e+37 1.010311064507939969e+06
-3.129651076084883243e+00 7.115471110444500436e+37 1.010330902287499979e+06
-3.020858631773990055e+00 7.240723875272299961e+37 1.010350668158769957e+06
-2.924253965265961597e+00 7.354209847429890283e+37 1.010368287043469958e+06
-2.838009366018013679e+00 7.455702941240309763e+37 1.010384066472609993e+06
-2.760652187439518457e+00 7.546781132118890057e+37 1.010398227079109987e+06
-2.691181669143588806e+00 7.628486685991209795e+37 1.010410925444990047e+06
-2.627852883919331362e+00 7.702653905911099937e+37 1.010422466342660016e+06
-2.567244551180920098e+00 7.772925127972909541e+37 1.010433460783840041e+06
-2.498780635174625786e+00 7.850113273913849697e+37 1.010445768198129954e+06
-2.362537442322718562e+00 7.991843036338159826e+37 1.010469575247950037e+06
-2.204705477884999709e+00 8.157708613078990343e+37 1.010495933155979961e+06
-2.028859932276645850e+00 8.333918453875800077e+37 1.010523744304090040e+06
-1.834215347930694406e+00 8.516293012461209728e+37 1.010552303119509947e+06
-1.617956477298321261e+00 8.700931078631259755e+37 1.010580879762490047e+06
-1.375100821839623677e+00 8.882893545516200516e+37 1.010608500002239947e+06
-1.095084577355919464e+00 9.056029357134309280e+37 1.010633843131499947e+06
-7.633399056139751337e-01 9.208184014411089588e+37 1.010654311633849982e+06
-4.002689765839022584e-01 9.318293916128259764e+37 1.010665331928950036e+06
0.000000000000000000e+00 9.369206421715229491e+37 1.010664192860309966e+06
4.582616208654144430e-01 9.343284389261420798e+37 1.010647093627669965e+06
1.006143742546555586e+00 9.213978808432040442e+37 1.010608038778149989e+06
1.605437706411066756e+00 8.991708353326079436e+37 1.010548813800420030e+06
2.185106958022515755e+00 8.720178983904429786e+37 1.010480610806199955e+06
2.782211852340878977e+00 8.397714518623619903e+37 1.010403986632989952e+06
3.426119164366355108e+00 8.023597339268570005e+37 1.010318283255690010e+06
4.152756398339079169e+00 7.606015959015610242e+37 1.010223783972310019e+06
4.982610244980605785e+00 7.157821423609329786e+37 1.010122884205500013e+06
5.845984921304989257e+00 6.739480740030239889e+37 1.010027521772520035e+06
6.734958166740398156e+00 6.360653266316919922e+37 1.009940092030029977e+06
7.670415778954520647e+00 6.022290972120110180e+37 1.009859670706339995e+06
8.708891996892816678e+00 5.711507104915749879e+37 1.009783271716829971e+06
9.773113601821933116e+00 5.458171405911189852e+37 1.009716311003820039e+06
1.073851726095290360e+01 5.275195776314470003e+37 1.009663299297770020e+06
1.161217919258706388e+01 5.139206533164639741e+37 1.009619357840229990e+06
1.240054887132282602e+01 5.031505400872810288e+37 1.009583317287059966e+06
1.240061964751203050e+01 5.055266185857179998e+37 1.010237117389000021e+06
1.240063761049805180e+01 5.055495629630239811e+37 1.010239436772460002e+06
1.240066109959388996e+01 5.055408370256519830e+37 1.010240840362809948e+06
1.240068964498095738e+01 5.055487964928309803e+37 1.010242722290529986e+06
1.240072483273797843e+01 5.055589618329930023e+37 1.010244813469319954e+06
1.240076940571634623e+01 5.055715682369940431e+37 1.010247140074749943e+06
1.240082677894861263e+01 5.055875039141480365e+37 1.010249682969809975e+06
1.240088573036427988e+01 5.056035690343200321e+37 1.010251839942910010e+06
1.240094821427737770e+01 5.056202722866479872e+37 1.010253752815330052e+06
1.240101350542045111e+01 5.056373845490399816e+37 1.010255378162769950e+06
1.240108401664929261e+01 5.056554794798579660e+37 1.010256800641259993e+06
1.240116049643529550e+01 5.056746707340640432e+37 1.010258020987889962e+06
1.240124581882810162e+01 5.056955636418229747e+37 1.010259073532180046e+06
1.240134359437161038e+01 5.057188617535220410e+37 1.010259983121940051e+06
1.240145899150775222e+01 5.057455091023699997e+37 1.010260761739640031e+06
1.240160165870020137e+01 5.057772458288249735e+37 1.010261401926620048e+06
1.240179724559766328e+01 5.058186902089970009e+37 1.010261929290530039e+06
1.240210211561588949e+01 5.058789139626010093e+37 1.010262338341259980e+06
1.240270880695152300e+01 5.059851588317109967e+37 1.010262660578839947e+06
1.240391612270923360e+01 5.061598786668010108e+37 1.010263080802959972e+06
1.240631868106720503e+01 5.064229544620899746e+37 1.010264242490070057e+06
1.241109977219912253e+01 5.067645521924720156e+37 1.010267670009210007e+06
1.242061414355066518e+01 5.070037471258990061e+37 1.010276969402019982e+06
1.243954774254052609e+01 5.063186150661240389e+37 1.010298488527650014e+06
1.247722560453075857e+01 5.030821619948350316e+37 1.010338464865699993e+06
1.255220454989193968e+01 4.967511036880929567e+37 1.010395519007529947e+06
1.269766813501519209e+01 4.895195601609540341e+37 1.010453753861660021e+06
1.298714066941101919e+01 4.832584653474569607e+37 1.010487563109940034e+06
1.356319101285771467e+01 4.769166154479800453e+37 1.010464312536049983e+06
1.414893336099703447e+01 4.728883044849100348e+37 1.010415050269379979e+06
1.467076554101186048e+01 4.698958645412110071e+37 1.010366455866280012e+06
1.513822622394764039e+01 4.672398206877909735e+37 1.010322855379129993e+06
1.555811210379033582e+01 4.647471051250400223e+37 1.010284752010980039e+06
1.593692652450590685e+01 4.624538875764109558e+37 1.010251511924969964e+06
1.628039680139227130e+01 4.603367048771169699e+37 1.010222346310939989e+06
1.659351331204561575e+01 4.583809419367219621e+37 1.010196550665840041e+06
1.688026965157405357e+01 4.565669666399499636e+37 1.010173579324009945e+06
1.714382396683868137e+01 4.548887505335600086e+37 1.010152992747460026e+06
1.738702364645996568e+01 4.533225598595910099e+37 1.010134433243909967e+06
1.761193077530515438e+01 4.518699213125730348e+37 1.010117624949630001e+06
1.782139586564790079e+01 4.505050714065819775e+37 1.010102264887509984e+06
1.802173381716966105e+01 4.491749446931780084e+37 1.010087817611119943e+06
1.823510159002489672e+01 4.476605986695429900e+37 1.010072616549820057e+06
1.865970345800633368e+01 4.437567207564740400e+37 1.010042468190400046e+06
1.893529476439016435e+01 4.421116985825609982e+37 1.010023629786820034e+06
1.931035837956187606e+01 4.391547649518310347e+37 1.009998671670280048e+06
1.977220032781769987e+01 4.354689210566560237e+37 1.009968833134460030e+06
2.018624067444579850e+01 4.326838299427000156e+37 1.009943247602439951e+06
2.056142179805374326e+01 4.302727401099140200e+37 1.009920960478689987e+06
2.090494908692926401e+01 4.280825327481970389e+37 1.009901188423190033e+06
2.122061140835285187e+01 4.260701131889919575e+37 1.009883484661619994e+06
2.151168118151781528e+01 4.242100711097869905e+37 1.009867513384829974e+06
2.178143455184363120e+01 4.224796061102849792e+37 1.009852989958629943e+06
2.203213685477567196e+01 4.208664620739459807e+37 1.009839716664980049e+06
2.226751996836355829e+01 4.193411215736139843e+37 1.009827437657010043e+06
2.249573127290841512e+01 4.178310472879390169e+37 1.009815679414430051e+06
2.275137582841853146e+01 4.159914479839869956e+37 1.009802583055190044e+06
2.315881464454469096e+01 4.125500716733049782e+37 1.009781717299200012e+06
2.347426064886349195e+01 4.105312252210659879e+37 1.009766018560400000e+06
2.390134464532729908e+01 4.072208900254539799e+37 1.009745189246659982e+06
2.446469631524541910e+01 4.028544160410539797e+37 1.009718432593300007e+06
2.501028393148681062e+01 3.992920020794529832e+37 1.009693700661220006e+06
2.550360012901728624e+01 3.963493562852539953e+37 1.009672286495159962e+06
2.595066858117843367e+01 3.937400953026410202e+37 1.009653506836669985e+06
2.635824984724058595e+01 3.913673464472869803e+37 1.009636808642380056e+06
2.673227722852243460e+01 3.891850171254230069e+37 1.009621791064869962e+06
2.707753295241491287e+01 3.871649378453649986e+37 1.009608163994119968e+06
2.739811779688443494e+01 3.852840174126050185e+37 1.009595699987660046e+06
2.769717186828438571e+01 3.835262685609900129e+37 1.009584230184640037e+06
2.797797777677897102e+01 3.818709418719609852e+37 1.009573591282840003e+06
2.824847129302906978e+01 3.802529919857689965e+37 1.009563449060920044e+06
2.852960341662401333e+01 3.784875910433389993e+37 1.009552962634579977e+06
2.908905634257735073e+01 3.740148061009050076e+37 1.009531852591429953e+06
2.943004133513659326e+01 3.724686941736179771e+37 1.009519531067500007e+06
2.994251337231526122e+01 3.688941496897089797e+37 1.009501274527559988e+06
3.050008530053855793e+01 3.653691062444589802e+37 1.009481902618300053e+06
3.100380254820629489e+01 3.626050432089820168e+37 1.009465032080559991e+06
3.146266283290333376e+01 3.601597800448080160e+37 1.009450101425569970e+06
3.188364615569207672e+01 3.579293337343179982e+37 1.009436691818590043e+06
3.227255161487755686e+01 3.558691394926889865e+37 1.009424510726070032e+06
3.263439118168207642e+01 3.539500084201390018e+37 1.009413337303980021e+06
3.297303830378768907e+01 3.521527458068959829e+37 1.009403010717610014e+06
3.329261838281308883e+01 3.504527058156369897e+37 1.009393373992849956e+06
3.360221593119604222e+01 3.487825310744549870e+37 1.009384124499849975e+06
3.392627305119640369e+01 3.469446303268500167e+37 1.009374475353989983e+06
3.457114671999806887e+01 3.423214264683459889e+37 1.009355020290400018e+06
3.496482992085202568e+01 3.408114155372050026e+37 1.009343728953600046e+06
3.559542004228205769e+01 3.368105739915019821e+37 1.009325790290419944e+06
3.618224155898496974e+01 3.338323383954939868e+37 1.009309646750380052e+06
3.671566063515365386e+01 3.312876556366769956e+37 1.009295427808610024e+06
3.720314453973333002e+01 3.289916852167489807e+37 1.009282719992290018e+06
3.765220725110339117e+01 3.268789727143060073e+37 1.009271207493679947e+06
3.806904420305727399e+01 3.249162612905120025e+37 1.009260666270390037e+06
3.845922498371601250e+01 3.230767566572819879e+37 1.009250916698270012e+06
3.882592122234200360e+01 3.213497916505300224e+37 1.009241852199889952e+06
3.917968834265047917e+01 3.196623376455319856e+37 1.009233186304150033e+06
3.953509039204254805e+01 3.179228232468560143e+37 1.009224532351669972e+06
3.998874793829600094e+01 3.153938837777640170e+37 1.009213408747070003e+06
4.040058855010101979e+01 3.134276494027799871e+37 1.009203478163670050e+06
4.094231489747835440e+01 3.104319617650159798e+37 1.009190532257820014e+06
4.173400242068510124e+01 3.060311214343049894e+37 1.009172001757869963e+06
4.250072819073193386e+01 3.026958724607390000e+37 1.009154940712130046e+06
4.319073993551683088e+01 2.999612118756110229e+37 1.009140164019810036e+06
4.381560859135970531e+01 2.975014393108360201e+37 1.009127088040429982e+06
4.438500848875355587e+01 2.952509039622509926e+37 1.009115357327779988e+06
4.490786593855955289e+01 2.931736985155829943e+37 1.009104719072179985e+06
4.539208242341919686e+01 2.912404071967740184e+37 1.009094971823340049e+06
4.584493217248291330e+01 2.894221525634370023e+37 1.009085941425279947e+06
4.627213696351554972e+01 2.876992296240179998e+37 1.009077497053949977e+06
4.668193231531586207e+01 2.860301247943679838e+37 1.009069457624300034e+06
4.708969799076476193e+01 2.843274629178289918e+37 1.009061497867000056e+06
4.755548228178940917e+01 2.821964023710390089e+37 1.009052352395839989e+06
4.800773839019620937e+01 2.802653655432219953e+37 1.009043542221719981e+06
4.843840758227270271e+01 2.784758526949539972e+37 1.009035146223610034e+06
4.843844949769663799e+01 2.793980720010770202e+37 1.009539263665099978e+06
4.843846429377208551e+01 2.793998649822049951e+37 1.009541171391770011e+06
4.843849094170673197e+01 2.793981681105840044e+37 1.009541739613829996e+06
4.843852200784749584e+01 2.793982181255309994e+37 1.009542907905159984e+06
4.843855863764019887e+01 2.793980449442029820e+37 1.009544253476709942e+06
4.843860209216290968e+01 2.793978706800549834e+37 1.009545784536759951e+06
4.843865379144335748e+01 2.793976591034929844e+37 1.009547510018229950e+06
4.843871601662795001e+01 2.793973954246910157e+37 1.009549449123600032e+06
4.843879184177785646e+01 2.793970627476589907e+37 1.009551623755419976e+06
4.843888538028113544e+01 2.793966367839560089e+37 1.009554036012639990e+06
4.843900308884894912e+01 2.793960803724450190e+37 1.009556683483049972e+06
4.843913722576144210e+01 2.793954345080490078e+37 1.009559228585310047e+06
4.843927528853055264e+01 2.793947632615329861e+37 1.009561421858730027e+06
4.843941854536478786e+01 2.793940540246809990e+37 1.009563285500469967e+06
4.843957091963329731e+01 2.793932888538910068e+37 1.009564904861479998e+06
4.843973328316042171e+01 2.793924694572480193e+37 1.009566273387160036e+06
4.843991182684203523e+01 2.793915663491779971e+37 1.009567441749310005e+06
4.844011242109718296e+01 2.793905582636810069e+37 1.009568427316330024e+06
4.844034536945491709e+01 2.793894049006739989e+37 1.009569265523849986e+06
4.844062184931954107e+01 2.793880750543960101e+37 1.009569913801950053e+06
4.844098877910892043e+01 2.793863807312850000e+37 1.009570420643249992e+06
4.844151677555328206e+01 2.793841452422899875e+37 1.009570748656300013e+06
4.844244103262280987e+01 2.793808662396140194e+37 1.009570857291230001e+06
4.844428030419021525e+01 2.793765974886820035e+37 1.009570769974170020e+06
4.844794045461003407e+01 2.793720787902460017e+37 1.009571006931649987e+06
4.845522415394589189e+01 2.793436998808899961e+37 1.009573052294990048e+06
4.846971871562345768e+01 2.790774972709499785e+37 1.009580160569550004e+06
4.849856289336185000e+01 2.778334531438290070e+37 1.009596863461380010e+06
4.855596280706049583e+01 2.747744441224959880e+37 1.009624915924650035e+06
4.867018863532121031e+01 2.704780808351100094e+37 1.009658388565029949e+06
4.889749803356062330e+01 2.668380215652110173e+37 1.009684186758209951e+06
4.934984373605675501e+01 2.647343155274860091e+37 1.009686852392349974e+06
5.016945808279979246e+01 2.628899260887010133e+37 1.009655643189619994e+06
5.071462738911486667e+01 2.627739518656109783e+37 1.009631334677840001e+06
5.163439756200386910e+01 2.602986903100329990e+37 1.009586828834200045e+06
5.245923937153020233e+01 2.586813707863579948e+37 1.009548585681390017e+06
5.320410851577889844e+01 2.570774285877290234e+37 1.009515664294439950e+06
5.388027681827043125e+01 2.554893424958349980e+37 1.009487010801750002e+06
5.449840602108997700e+01 2.539488419139910072e+37 1.009461781527739950e+06
5.506818402162662096e+01 2.524676631086909866e+37 1.009439296967840055e+06
5.559861970986094093e+01 2.510446838825459900e+37 1.009419000191209954e+06
5.609766578610287979e+01 2.496711765707150175e+37 1.009400433652110049e+06
5.657457764081391360e+01 2.483251351098560207e+37 1.009383143703390029e+06
5.704567089095235133e+01 2.469444599115029939e+37 1.009366456124269986e+06
5.755544388539783540e+01 2.453171948005639906e+37 1.009348718239119975e+06
5.813095942334257415e+01 2.433776904164920173e+37 1.009329074805689976e+06
5.866597173961963563e+01 2.417773100295689774e+37 1.009311424032959971e+06
5.917310159072621900e+01 2.402655084650139822e+37 1.009295194244610029e+06
5.966342985989649605e+01 2.387896813318820089e+37 1.009279905239940039e+06
6.015858184064290981e+01 2.372559584274870117e+37 1.009264803167060018e+06
6.075475001693666854e+01 2.351864703611440050e+37 1.009246858288750052e+06
6.141317187978256698e+01 2.329963893196229818e+37 1.009227584828900057e+06
6.225188240154329833e+01 2.301278089320750119e+37 1.009203876114269951e+06
6.350135151948870771e+01 2.258982201225810004e+37 1.009170368344840012e+06
6.461688031026096724e+01 2.232341708018890022e+37 1.009142836816049996e+06
6.562652615665501799e+01 2.208362674990390218e+37 1.009119167122430052e+06
6.654097744004320703e+01 2.186609345213030187e+37 1.009098520726840012e+06
6.737166819148569630e+01 2.166876892379439960e+37 1.009080345830210019e+06
6.812956112797201058e+01 2.148934518960200049e+37 1.009064214983080048e+06
6.882521165082289372e+01 2.132527794422470155e+37 1.009049769556139945e+06
6.946969510026156058e+01 2.117358153531380053e+37 1.009036680817520013e+06
7.007299978532591922e+01 2.103174855597399945e+37 1.009024673191079986e+06
7.064788851045614138e+01 2.089583133534900031e+37 1.009013434379950049e+06
7.121364725398143491e+01 2.075948557663280101e+37 1.009002542702669976e+06
7.181763549042443628e+01 2.060481394108360088e+37 1.008991026411139988e+06
7.257252521282862290e+01 2.039040938064790056e+37 1.008976683359959978e+06
7.326709249147279479e+01 2.022951291122859948e+37 1.008963940228619962e+06
7.391351295979347924e+01 2.008310488104719924e+37 1.008952409000520012e+06
7.452215404782691621e+01 1.994586979956450094e+37 1.008941781219600001e+06
7.511370664091373328e+01 1.981056352908880058e+37 1.008931623219370027e+06
7.572096423034963664e+01 1.966673776122940106e+37 1.008921323245320003e+06
7.648494734298401454e+01 1.946107476344169891e+37 1.008908367343990016e+06
7.730202597273637366e+01 1.926224335518900067e+37 1.008894867196419975e+06
7.858285690383399924e+01 1.891606026157270062e+37 1.008874269441529992e+06
8.009114906225750019e+01 1.858824293341000054e+37 1.008851551619949983e+06
8.145319496663432801e+01 1.835696863917980117e+37 1.008832320532359998e+06
8.268154168867658882e+01 1.814859311526190092e+37 1.008815564836350037e+06
8.379746404083016387e+01 1.795771567290610104e+37 1.008800720259460039e+06
8.481786990555883676e+01 1.778313391771499889e+37 1.008787442493529990e+06
8.481796307275089930e+01 1.786320018013459887e+37 1.009222209311899962e+06
8.481799713879263436e+01 1.786311030545270040e+37 1.009223181478639948e+06
8.481805556555627845e+01 1.786293324057879890e+37 1.009224226847360027e+06
8.481812351227836189e+01 1.786274400667719970e+37 1.009225492238790030e+06
8.481820313443677151e+01 1.786253071172419977e+37 1.009226928349470021e+06
8.481829712667968124e+01 1.786229093444680064e+37 1.009228568281720043e+06
8.481840810352423432e+01 1.786202361035139916e+37 1.009230415680520004e+06
8.481854066516189050e+01 1.786172542880719983e+37 1.009232485866809962e+06
8.481870127392994618e+01 1.786139298097999925e+37 1.009234810467389994e+06
8.481889779607172386e+01 1.786102579735209885e+37 1.009237381904929993e+06
8.481914330878407782e+01 1.786062251016840038e+37 1.009240192627880024e+06
8.481941239005300304e+01 1.786024129991790105e+37 1.009242793629309977e+06
8.481968754564150004e+01 1.785990764722129921e+37 1.009245029515319970e+06
8.481997000275168830e+01 1.785961697862649887e+37 1.009246901312859962e+06
8.482026942869015329e+01 1.785936006346769966e+37 1.009248511617360055e+06
8.482058780023908184e+01 1.785913819979570063e+37 1.009249855146129965e+06
8.482093754224842996e+01 1.785894803534550051e+37 1.009250980652590049e+06
8.482133137169512338e+01 1.785879245410679996e+37 1.009251908756969962e+06
8.482178976639715984e+01 1.785867809003119935e+37 1.009252660181659972e+06
8.482234353969943186e+01 1.785861976388910045e+37 1.009253219799719984e+06
8.482307222596955398e+01 1.785864972631110100e+37 1.009253581267329981e+06
8.482415742772082012e+01 1.785886157192339939e+37 1.009253703691440052e+06
8.482617169603872753e+01 1.785957867677629910e+37 1.009253507088889950e+06
8.483018008999079029e+01 1.786142760995909986e+37 1.009253125348409987e+06
8.483815679395593179e+01 1.786392620059720004e+37 1.009253563055559993e+06
8.485403043484529917e+01 1.785610931741510091e+37 1.009257169623170048e+06
8.488561898021634988e+01 1.779523518397939916e+37 1.009267401162910042e+06
8.494848018550419511e+01 1.762593120758309974e+37 1.009285883199970005e+06
8.507357398402655235e+01 1.737171779070939997e+37 1.009308496206730022e+06
8.532251064308638888e+01 1.714715544506809905e+37 1.009325644118100055e+06
8.581789459461560909e+01 1.702955019039449904e+37 1.009325832155999960e+06
8.667668613692512736e+01 1.697608585167989884e+37 1.009302427450160030e+06
8.745758977466539363e+01 1.698207695662439925e+37 1.009277056826510001e+06
8.818501690365064860e+01 1.696943896351679921e+37 1.009252926869509974e+06
8.887939799960076925e+01 1.693783906447480110e+37 1.009230194124349975e+06
8.956973381062653061e+01 1.688864550326209887e+37 1.009208109101720038e+06
9.034123020411243488e+01 1.680697773098189989e+37 1.009184000150460051e+06
9.123814312753347622e+01 1.669231159810800075e+37 1.009156874887380050e+06
9.205979186208151077e+01 1.660726990254860019e+37 1.009133359530790010e+06
9.282668056934744527e+01 1.652344552848589985e+37 1.009112399783840054e+06
9.355457243131058931e+01 1.643894410027419977e+37 1.009093262413689983e+06
9.426989832419803861e+01 1.634938443106539986e+37 1.009075072445060010e+06
9.503740088117228879e+01 1.623996164012150079e+37 1.009056080561849987e+06
9.626752830331952282e+01 1.600713843812630026e+37 1.009026263186709955e+06
9.739943376353585336e+01 1.586039207886110116e+37 1.009000817889780039e+06
9.846091038881604618e+01 1.572085948792350116e+37 1.008978225648079999e+06
9.943162437231512740e+01 1.559453421541599923e+37 1.008958463748950046e+06
1.003253797586030487e+02 1.547607580885060032e+37 1.008940918057559989e+06
1.011559082602452690e+02 1.536407338213909987e+37 1.008925115515680052e+06
1.019404348310499699e+02 1.525596247648970090e+37 1.008910591256420012e+06
1.027111838176633682e+02 1.514514720603699956e+37 1.008896651020889985e+06
1.035378754945731998e+02 1.501576651391900047e+37 1.008881960585259949e+06
1.048456261756318781e+02 1.476319354704850091e+37 1.008858934364260058e+06
1.061240305490264291e+02 1.458151645906370088e+37 1.008837871280250023e+06
1.079591002856359410e+02 1.427576567745950022e+37 1.008808981325960020e+06
1.096321658618035144e+02 1.407631411546669925e+37 1.008784694171439973e+06
1.111601185285835527e+02 1.389236053990420045e+37 1.008763561328319949e+06
1.125518160039455324e+02 1.372468525872490044e+37 1.008745042055070051e+06
1.138276527441548751e+02 1.357007426916900024e+37 1.008728601543950033e+06
1.149963542082332424e+02 1.342927417737369905e+37 1.008713977344549960e+06
1.160706232066640951e+02 1.330037935874990116e+37 1.008700884687509970e+06
1.170648369783011731e+02 1.318123234651780097e+37 1.008689048878059955e+06
1.179937072502416413e+02 1.306936517803330028e+37 1.008678211981100030e+06
1.188925060777291947e+02 1.295775583771339924e+37 1.008667890129109961e+06
1.198228627158086965e+02 1.283472227447970070e+37 1.008657310386909987e+06
1.209239705377640348e+02 1.267113357232460101e+37 1.008644782811130048e+06
1.209240717544043946e+02 1.270947853494740069e+37 1.009036440965260030e+06
1.209241089554125210e+02 1.270952950008550062e+37 1.009037055943649961e+06
1.209241829854181560e+02 1.270962191765700093e+37 1.009037784977730014e+06
1.209242899170994860e+02 1.270975949003139999e+37 1.009038889801130048e+06
1.209244138274689249e+02 1.270991368614279964e+37 1.009040147215730045e+06
1.209245582062912945e+02 1.271008659005450076e+37 1.009041579215949983e+06
1.209247270716696221e+02 1.271028033584660007e+37 1.009043210590590024e+06
1.209249250679504257e+02 1.271049691661239988e+37 1.009045047836440033e+06
1.209251599226890903e+02 1.271074051805119970e+37 1.009047126072279993e+06
1.209254400221361720e+02 1.271101445044340018e+37 1.009049452543840045e+06
1.209257783897555782e+02 1.271132470541800048e+37 1.009052032627630048e+06
1.209261945538328291e+02 1.271168030009979929e+37 1.009054854836110026e+06
1.209266784145011115e+02 1.271206555295280081e+37 1.009057671967549948e+06
1.209271614255194436e+02 1.271242787283109931e+37 1.009060009296440054e+06
1.209276602338886732e+02 1.271278178342129976e+37 1.009062021478440030e+06
1.209281726446788525e+02 1.271312812753649972e+37 1.009063677380800014e+06
1.209287199514001259e+02 1.271348176461009996e+37 1.009065069639089983e+06
1.209293122532308189e+02 1.271384914688169957e+37 1.009066212417969946e+06
1.209299726294557331e+02 1.271424326220100105e+37 1.009067132422790048e+06
1.209307354520915396e+02 1.271468194894030028e+37 1.009067869614930009e+06
1.209316330191531961e+02 1.271517998574109942e+37 1.009068371497620014e+06
1.209328138705059246e+02 1.271580942935899913e+37 1.009068669407319976e+06
1.209344965744985529e+02 1.271666568931889919e+37 1.009068702071959968e+06
1.209374230334387903e+02 1.271804785694070070e+37 1.009068398953409982e+06
1.209432466867310723e+02 1.272030657760780080e+37 1.009067868256069953e+06
1.209548357567819039e+02 1.272158326478359886e+37 1.009068194523249986e+06
1.209778980061828406e+02 1.270781639065500009e+37 1.009071732093840023e+06
1.210237918824914232e+02 1.264100175014270014e+37 1.009081163956740056e+06
1.211151206963459117e+02 1.249269765933959916e+37 1.009096386754309991e+06
1.212968650359161984e+02 1.230411679331889900e+37 1.009112034507159959e+06
1.216585362716605232e+02 1.215995366869139939e+37 1.009119064919769997e+06
1.223782620307911202e+02 1.208733888322489966e+37 1.009107555677119992e+06
1.233242764035012442e+02 1.206052463073919898e+37 1.009082403339789947e+06
1.242615696713719444e+02 1.204443152985099997e+37 1.009056007354210014e+06
1.253638120723298925e+02 1.198425394919910023e+37 1.009025167769580032e+06
1.266640343402341387e+02 1.188705981434560025e+37 1.008990392079520039e+06
1.278468307048979113e+02 1.181427851493819988e+37 1.008961052975400002e+06
1.289350446113758153e+02 1.174019595925729933e+37 1.008935686993489973e+06
1.299515245929424054e+02 1.166440066746370015e+37 1.008913195262179943e+06
1.309253917654523320e+02 1.158518409818359965e+37 1.008892589969440014e+06
1.319221764066651303e+02 1.149355033388239885e+37 1.008872283641260001e+06
1.331785852960256307e+02 1.134907591562900108e+37 1.008847420332310023e+06
1.343739566436615860e+02 1.122974932116570070e+37 1.008825033829080057e+06
1.354790062813717668e+02 1.112062338056899893e+37 1.008805335726069985e+06
1.365164770048040737e+02 1.101466224644820062e+37 1.008787557955099968e+06
1.375321477401521406e+02 1.090479360248209954e+37 1.008770700688319979e+06
1.386301488058670657e+02 1.077324200412950041e+37 1.008752907955960021e+06
1.397031375485166791e+02 1.064331676322619944e+37 1.008735959236840019e+06
1.407396178915169003e+02 1.051658302631809949e+37 1.008720076642559958e+06
1.418280539150309778e+02 1.037553732744019973e+37 1.008703806534699979e+06
1.433690895077561436e+02 1.014674189007690051e+37 1.008681164800469996e+06
1.447691043181166606e+02 9.976045331848860526e+36 1.008661748229000019e+06
1.460616017386128078e+02 9.818968731368339468e+36 1.008644565333210048e+06
1.472619864285907170e+02 9.673178033478079745e+36 1.008629133931479999e+06
1.484005787920623334e+02 9.533605278455419923e+36 1.008614897452099947e+06
1.495314586915201289e+02 9.391298193236259894e+36 1.008601071020339965e+06
1.508121147404026487e+02 9.217944639058690066e+36 1.008585622481269995e+06
1.533405265698720541e+02 8.842269452311059726e+36 1.008555948640860035e+06
1.556842072622575870e+02 8.576199653037529980e+36 1.008530735929629998e+06
1.578500028888993256e+02 8.323178234028280311e+36 1.008508383508409956e+06
1.578502039304676146e+02 8.344324967158680466e+36 1.008858282531820005e+06
1.578502751794258074e+02 8.344395111764499633e+36 1.008858654187059961e+06
1.578504169648531388e+02 8.344542956818419835e+36 1.008859222712980001e+06
1.578506795061330195e+02 8.344811370880579972e+36 1.008860291907749954e+06
1.578509808100525333e+02 8.345114658598569853e+36 1.008861506348400027e+06
1.578513289685688505e+02 8.345457955432869617e+36 1.008862893570809974e+06
1.578517315086965027e+02 8.345844603848760192e+36 1.008864468757049995e+06
1.578521992342539306e+02 8.346279377634870588e+36 1.008866262865049997e+06
1.578527430992053269e+02 8.346765010494819427e+36 1.008868281754669966e+06
1.578533818654777861e+02 8.347308098850230108e+36 1.008870542717600008e+06
1.578541407047950997e+02 8.347916317158330147e+36 1.008873063971369993e+06
1.578550528080540971e+02 8.348597728336400552e+36 1.008875831181789981e+06
1.578561726237603580e+02 8.349367438392850413e+36 1.008878813280379982e+06
1.578573216008962845e+02 8.350095604041770357e+36 1.008881383216010057e+06
1.578584816243201203e+02 8.350776245460229742e+36 1.008883556015369948e+06
1.578596531693829093e+02 8.351415720140129509e+36 1.008885311979810009e+06
1.578608874085421121e+02 8.352043981687500266e+36 1.008886769870850025e+06
1.578621989103958185e+02 8.352668246424860299e+36 1.008887934460479999e+06
1.578636420078237279e+02 8.353311320704559440e+36 1.008888848757170024e+06
1.578652807270000267e+02 8.353994880955900136e+36 1.008889538807710051e+06
1.578672071709061129e+02 8.354746077365890514e+36 1.008890016307599959e+06
1.578695833569090610e+02 8.355607894655749535e+36 1.008890255785960006e+06
1.578728628700118861e+02 8.356695255623529557e+36 1.008890264400820015e+06
1.578779565721424660e+02 8.358156380380820061e+36 1.008890024484760012e+06
1.578880930393834205e+02 8.359965448455670228e+36 1.008889726393610006e+06
1.579082646091919742e+02 8.357949344846100358e+36 1.008890586586590041e+06
1.579484060331114961e+02 8.335475971537929603e+36 1.008894859432250028e+06
1.580282874667109354e+02 8.266374713183659794e+36 1.008903928652339964e+06
1.581872515195746018e+02 8.147829027113800469e+36 1.008915493657620042e+06
1.585035899847734981e+02 8.018351412914329668e+36 1.008922889327769983e+06
1.591331035305192927e+02 7.915757720366260001e+36 1.008916974542910000e+06
1.603858354865533329e+02 7.814577121021570355e+36 1.008887867184769944e+06
1.622079923029014026e+02 7.690004436314270387e+36 1.008842320942790015e+06
1.638686493453915318e+02 7.593221148271949435e+36 1.008804066044609994e+06
1.654069776388287210e+02 7.491790756073889851e+36 1.008771325918760034e+06
1.668468674698688119e+02 7.388322400192509995e+36 1.008742749100820045e+06
1.682439572809116726e+02 7.279755325824379949e+36 1.008716653608100023e+06
1.697123290360614192e+02 7.154945220117489721e+36 1.008690657722400036e+06
1.713474937015271280e+02 7.002462167284590285e+36 1.008663092016480048e+06
1.728817172206408941e+02 6.860869490710579836e+36 1.008638638830689946e+06
1.743732886013285679e+02 6.718047359124570486e+36 1.008615981585250003e+06
1.759401185019423792e+02 6.558772129596620075e+36 1.008593104520080029e+06
1.776247627047578135e+02 6.376649619422149632e+36 1.008569312636040035e+06
1.792380181543685467e+02 6.199462133653729856e+36 1.008547352231260040e+06
1.808734896332880453e+02 6.013496134256390258e+36 1.008525804617949994e+06
1.826741515549538235e+02 5.798301482606790462e+36 1.008502693006010028e+06
1.844275701058568302e+02 5.584726615085290334e+36 1.008480774961009971e+06
1.862490067646886018e+02 5.358066677815729436e+36 1.008458619287429960e+06
1.883618532150703686e+02 5.091159223566200292e+36 1.008433648097009980e+06
1.904371079262373314e+02 4.833050562371500176e+36 1.008409908475999953e+06
1.925743308744686146e+02 4.562565164658700261e+36 1.008386027784919948e+06
1.949560852657195937e+02 4.263021692555060244e+36 1.008360157803009963e+06
1.949587848402470627e+02 4.284530185811040265e+36 1.008658469560340047e+06
1.949597607555515424e+02 4.284535339176519908e+36 1.008659213799690013e+06
1.949614425130203017e+02 4.284513944813859940e+36 1.008660495035520056e+06
1.949633555884129237e+02 4.284481193135760019e+36 1.008661944969429984e+06
1.949655445257549218e+02 4.284426517514819744e+36 1.008663586239419994e+06
1.949680575999100256e+02 4.284344840381200254e+36 1.008665447201439994e+06
1.949709416861105638e+02 4.284230344850439768e+36 1.008667525280170026e+06
1.949742867613404087e+02 4.284074497924790171e+36 1.008669847880449961e+06
1.949781881669368886e+02 4.283866823377710022e+36 1.008672404158110032e+06
1.949828040871825579e+02 4.283590434828559862e+36 1.008675168922030018e+06
1.949883880383649739e+02 4.283214856461000223e+36 1.008678084611039958e+06
1.949939352487272117e+02 4.282800232405780254e+36 1.008680482403230038e+06
1.949994827214486577e+02 4.282339358979649760e+36 1.008682456319520017e+06
1.950050511547015049e+02 4.281822837610359802e+36 1.008684000927999965e+06
1.950109099159744801e+02 4.281209190439719757e+36 1.008685244100620039e+06
1.950171532651784219e+02 4.280461826213420133e+36 1.008686207909510005e+06
1.950240533020978546e+02 4.279503360486410152e+36 1.008686945015419973e+06
1.950319479519885135e+02 4.278208692579909857e+36 1.008687502920859959e+06
1.950413011853743228e+02 4.276365119366059795e+36 1.008687918500610045e+06
1.950529962737255119e+02 4.273540281858210006e+36 1.008688228138369974e+06
1.950692127662014173e+02 4.268621285058050003e+36 1.008688538885180023e+06
1.950950163348279602e+02 4.258620546052690145e+36 1.008689099149249960e+06
1.951463654363951719e+02 4.234075371302009929e+36 1.008690646748550003e+06
1.952485501485134591e+02 4.184191485510850130e+36 1.008693847772579989e+06
1.954518977256284415e+02 4.106600214759119840e+36 1.008697398584489943e+06
1.958565594040874203e+02 4.010183754664390182e+36 1.008696328792209970e+06
1.966618361442206151e+02 3.896254857407789911e+36 1.008682382635370013e+06
1.982643368570852545e+02 3.728433449440149829e+36 1.008645142690869980e+06
2.001535854262019711e+02 3.552419466515790117e+36 1.008601944060220034e+06
2.020440641408877127e+02 3.382416550771479996e+36 1.008562017617500038e+06
2.040476104517056228e+02 3.203065965090339915e+36 1.008523178242809954e+06
2.061804660780662743e+02 3.016910441806789780e+36 1.008485350889620022e+06
2.084558259738923880e+02 2.827789206158540072e+36 1.008448535238840035e+06
2.108868402578827954e+02 2.636985234724809956e+36 1.008412671359390020e+06
2.134849435703454219e+02 2.452778456740429905e+36 1.008378045739179943e+06
