# time luminosity radius
-2.062002174249937525e+01 5.654714485540080106e+35 1.008292271755579975e+06
-1.650686422610851878e+01 6.188826767218459661e+35 1.008286039158539963e+06
-1.604186434559051122e+01 6.257031717199800037e+35 1.008285582032309962e+06
-1.511651458335836651e+01 6.405881504375949660e+35 1.008285201822789968e+06
-1.327506855651699880e+01 6.826960323262449701e+35 1.008287431465559988e+06
-1.302811391060822643e+01 6.888483659549640009e+35 1.008287845172979985e+06
-1.253667416525058798e+01 7.020651523599429347e+35 1.008288982207020046e+06
-1.155870907198732311e+01 7.354566468947939877e+35 1.008292858167800005e+06
-1.017936501402073191e+01 8.139058038075480293e+35 1.008305937521300046e+06
-9.530304506160973688e+00 8.648985972100669580e+35 1.008316196475769975e+06
-9.474357714054349344e+00 8.695298601219339721e+35 1.008317148016270017e+06
-9.363023597759820404e+00 8.791312232793159660e+35 1.008319213861769997e+06
-9.141468706335217576e+00 9.004911495949810679e+35 1.008324105820239987e+06
-8.856633612689620350e+00 9.338583126855200291e+35 1.008332873112950008e+06
-8.655975597795986687e+00 9.615254249129399667e+35 1.008340985999139957e+06
-8.525357249329317710e+00 9.819624585741569907e+35 1.008347455946129980e+06
-8.517040159114912967e+00 9.833673153955770604e+35 1.008347869823590037e+06
-8.503738714662176790e+00 9.855260932732050567e+35 1.008348563553130021e+06
-8.477268840200849809e+00 9.898643637611159317e+35 1.008350015621530009e+06
-8.424593790021390305e+00 9.989687215569049941e+35 1.008353263908809982e+06
-8.417541956659988500e+00 1.000166339164620017e+36 1.008353705206139944e+06
-8.403508808269180008e+00 1.002825043902920049e+36 1.008354626062109950e+06
-8.375582842971198261e+00 1.007855052029500033e+36 1.008356608998119948e+06
-8.365274423362279776e+00 1.009986991251299981e+36 1.008357353113639983e+06
-8.354803759499191074e+00 1.012184365874079952e+36 1.008358127513329964e+06
-8.340010867303135456e+00 1.014743377715329933e+36 1.008359261266330024e+06
-8.311740665076285950e+00 1.020359329189879968e+36 1.008361631387869944e+06
-8.266607512046903139e+00 1.029903331828090016e+36 1.008366181674750056e+06
-8.230082729685818776e+00 1.038369414491910025e+36 1.008370493800490047e+06
-8.199307858007159666e+00 1.045824201642070011e+36 1.008374808390000020e+06
-8.170354729048995068e+00 1.052971230238019961e+36 1.008379685524699977e+06
-8.144387634336453630e+00 1.060145655676510066e+36 1.008385140321090003e+06
-8.125443976128735812e+00 1.065571294003469984e+36 1.008389706628759974e+06
-8.108538191094339709e+00 1.070496747931079963e+36 1.008394386191940052e+06
-8.092659798916429281e+00 1.075572426446540063e+36 1.008399461320569972e+06
-8.080136411150306230e+00 1.080304683979299984e+36 1.008403915158319985e+06
-8.067205916997409076e+00 1.085324057853420015e+36 1.008409362776760012e+06
-8.052413266022995231e+00 1.092153508648899985e+36 1.008416658379610046e+06
-8.039361895307592931e+00 1.108490455178930013e+36 1.008424011837559985e+06
-8.027454640769065008e+00 1.104160654700630047e+36 1.008431952319080010e+06
-8.017526384955999674e+00 1.261154270146729949e+36 1.008438763691899949e+06
-8.008809321514490875e+00 1.675340114275089929e+36 1.008444867162780021e+06
-8.000723924995327252e+00 2.882638479748729960e+36 1.008450538538379944e+06
-7.993035393557875068e+00 5.004529526577580039e+36 1.008455999722809996e+06
-7.985393112112433300e+00 5.051072477546390006e+36 1.008461338211060036e+06
-7.977782140946146683e+00 5.307181190291319948e+36 1.008466559396500001e+06
-7.969890283309723600e+00 6.974106864314350289e+36 1.008471974104559980e+06
-7.961555964227954973e+00 8.798431089816140281e+36 1.008477731387229986e+06
-7.952550031412101816e+00 8.744399795857729684e+36 1.008483811321160058e+06
-7.942280666553415358e+00 9.063770946180139525e+36 1.008490596641320037e+06
-7.930941345384781016e+00 1.145241004922809956e+37 1.008498332221799996e+06
-7.919378763032000279e+00 1.147617960826960092e+37 1.008506029586039949e+06
-7.904765446717647137e+00 1.154373695535399968e+37 1.008515486359969946e+06
-7.887792083562089829e+00 1.152532900536449962e+37 1.008526112479300005e+06
-7.867614288987169857e+00 1.157221866570280042e+37 1.008538432523209951e+06
-7.843943858282727888e+00 1.218701893001179912e+37 1.008553138268440031e+06
-7.824569610553226084e+00 1.156239011655629999e+37 1.008564688028880046e+06
-7.795391822079182020e+00 1.101970915282900114e+37 1.008581540162730031e+06
-7.763605366928459262e+00 1.045158227455190014e+37 1.008599180503370008e+06
-7.730993081557244295e+00 9.893609462980460380e+36 1.008616526501170010e+06
-7.697977321355210734e+00 9.413181236025750271e+36 1.008633450043149991e+06
-7.667881322178800474e+00 8.993964529236559638e+36 1.008648393136749975e+06
-7.641307684603816597e+00 8.668501551761250576e+36 1.008661266582119977e+06
-7.617189535962097580e+00 8.494196567446570567e+36 1.008672778767340002e+06
-7.594721528032096103e+00 8.554474258527840117e+36 1.008683414921959979e+06
-7.573337561043445021e+00 8.638605585481869893e+36 1.008693500489520025e+06
-7.552670083920020261e+00 8.888361031064689832e+36 1.008703254135709954e+06
-7.532348782326153014e+00 9.066359861739400100e+36 1.008712839432460023e+06
-7.512113468903407920e+00 9.289034298192529963e+36 1.008722449633289943e+06
-7.491789361596602248e+00 9.646089207819799533e+36 1.008732144325040048e+06
-7.471032015546370531e+00 9.983220289408649998e+36 1.008742109688300057e+06
-7.449552870135448757e+00 1.037198930133390030e+37 1.008752459224820021e+06
-7.426841562701156363e+00 1.076720674096700004e+37 1.008763487854399951e+06
-7.402394926188208046e+00 1.118809788681459980e+37 1.008775424705759971e+06
-7.375921369424759177e+00 1.145108372113550092e+37 1.008788425158350030e+06
-7.349339684322330868e+00 1.183141971722579990e+37 1.008801634574629948e+06
-7.322461524981918046e+00 1.225149070578090011e+37 1.008815065190110006e+06
-7.295984588297869777e+00 1.269368672459080055e+37 1.008828385435550008e+06
-7.268888413515014690e+00 1.317367128042060084e+37 1.008842060086179990e+06
-7.241836715504177846e+00 1.365449967826880068e+37 1.008855778520719963e+06
-7.214362052920478163e+00 1.415875712465799900e+37 1.008869763124049990e+06
-7.186364823410258396e+00 1.466830348479999970e+37 1.008884063797299983e+06
-7.157712072857975727e+00 1.519186524948959927e+37 1.008898704375489964e+06
-7.127742699491136591e+00 1.574738000684480096e+37 1.008914026009159978e+06
-7.097596858424367383e+00 1.632592560849090039e+37 1.008929428302709945e+06
-7.061369287952402374e+00 1.704751771907360112e+37 1.008947948830920039e+06
-7.023473579936762690e+00 1.783069242776789988e+37 1.008967270192279946e+06
-6.983161989175641793e+00 1.869067643759870021e+37 1.008987762623909977e+06
-6.938828158488831832e+00 1.967051818563419890e+37 1.009010223597940058e+06
-6.891350978092305013e+00 2.076215853246520061e+37 1.009034150189119973e+06
-6.838574729201354785e+00 2.202209848477419957e+37 1.009060577207059949e+06
-6.780245063609982026e+00 2.346281462625130010e+37 1.009089512121620006e+06
-6.717508372914380743e+00 2.505303174420680183e+37 1.009120221217449987e+06
-6.649632899938296760e+00 2.679770405664319781e+37 1.009152847471170011e+06
-6.574563607378877350e+00 2.872561351899449874e+37 1.009188017392670037e+06
-6.492478699457933544e+00 3.080343713536560165e+37 1.009225142354269978e+06
-6.401510905629038461e+00 3.303481356514960180e+37 1.009264392036849982e+06
-6.301295697956447839e+00 3.538324345071759906e+37 1.009305007276069955e+06
-6.194045288912093383e+00 3.775032118188510148e+37 1.009345226288410020e+06
-6.076649922579235863e+00 4.014529694559980012e+37 1.009385366190909990e+06
-5.963976627141164499e+00 4.226850756550869820e+37 1.009420341689769994e+06
-5.849054574324327405e+00 4.423791339815819894e+37 1.009452563007749966e+06
-5.707680583520414075e+00 4.637328277742600072e+37 1.009487545989589998e+06
-5.707667349546682090e+00 4.590347098430830196e+37 1.010053845981569961e+06
-5.707662953447652399e+00 4.590511591554510035e+37 1.010064871299389983e+06
-5.707654205210928922e+00 4.589942514858109837e+37 1.010060974299579975e+06
-5.707639008904152433e+00 4.590301275731890072e+37 1.010060711272530025e+06
-5.707621331694099354e+00 4.590330140770220463e+37 1.010061815198839991e+06
-5.707600474683204084e+00 4.590350696462630351e+37 1.010063028410649975e+06
-5.707575763144632219e+00 4.590389956304880166e+37 1.010064387171639944e+06
-5.707546302272021421e+00 4.590437061542599829e+37 1.010065931931840023e+06
-5.707511015147247235e+00 4.590493409592199924e+37 1.010067665950029972e+06
-5.707468094255091273e+00 4.590562103261170195e+37 1.010069622499919962e+06
-5.707415430910259602e+00 4.590646625710100278e+37 1.010071807799080038e+06
-5.707349733249429846e+00 4.590752400762240135e+37 1.010074227382660029e+06
-5.707265927028856822e+00 4.590887808310060073e+37 1.010076880248520058e+06
-5.707176927919135778e+00 4.591033048604819783e+37 1.010079223436509958e+06
-5.707083371904445812e+00 4.591186398188460244e+37 1.010081296450869995e+06
-5.706986272823996842e+00 4.591346212359319597e+37 1.010083055442710058e+06
-5.706882001824851613e+00 4.591518259351439549e+37 1.010084596719169989e+06
-5.706769692254965776e+00 4.591704194550170274e+37 1.010085917948369985e+06
-5.706645096812280826e+00 4.591910983248370243e+37 1.010087060915170005e+06
-5.706503372881343239e+00 4.592146808021019647e+37 1.010088049981190008e+06
-5.706337154038919834e+00 4.592424059708499868e+37 1.010088906187610002e+06
-5.706134505406225799e+00 4.592762814117320113e+37 1.010089612540649949e+06
-5.705858861505475943e+00 4.593223757888730202e+37 1.010090222903109971e+06
-5.705446336234672344e+00 4.593914219136299614e+37 1.010090721063519944e+06
-5.704648340244602878e+00 4.595245576045680183e+37 1.010091195639390033e+06
-5.703060328223727993e+00 4.597887303101400257e+37 1.010091921405180008e+06
-5.699900184301441186e+00 4.603073089064399939e+37 1.010093861166010029e+06
-5.693611497896199580e+00 4.612849549425469982e+37 1.010099346460959991e+06
-5.681097011949532316e+00 4.628922509464159765e+37 1.010113597933419980e+06
-5.656193184913718142e+00 4.649654936587839685e+37 1.010145380934010027e+06
-5.606634569114248734e+00 4.677484589037930402e+37 1.010204117904520012e+06
-5.508452646341538639e+00 4.742862075759239819e+37 1.010294738781469990e+06
-5.393842411465811892e+00 4.839970123663629765e+37 1.010376252021490014e+06
-5.290101069038428250e+00 4.937905072380849745e+37 1.010436758571450016e+06
-5.193873032289047842e+00 5.030999062720439884e+37 1.010484858107110020e+06
-5.095743295465581468e+00 5.125026539502050341e+37 1.010527768061239971e+06
-4.957498031670183991e+00 5.251399881408850121e+37 1.010579543000190053e+06
-4.835954411648344831e+00 5.365570131940169851e+37 1.010620030311999959e+06
-4.727703953845775686e+00 5.465852716592559889e+37 1.010653104227449978e+06
-4.631186177308336482e+00 5.555008099259039987e+37 1.010680705756459967e+06
-4.544208358285686700e+00 5.635310192140080128e+37 1.010704371221389971e+06
-4.463947830661709304e+00 5.709615862067219860e+37 1.010725347749570035e+06
-4.381495530913525727e+00 5.785639291518119857e+37 1.010746145249080029e+06
-4.250413927798945224e+00 5.903638268948860128e+37 1.010777748514460051e+06
-4.136138454716274282e+00 6.014920288516280030e+37 1.010804564524090034e+06
-4.035240572373368195e+00 6.114790470164330349e+37 1.010828013593259966e+06
-3.945366621550419950e+00 6.205409899020660124e+37 1.010848815991010051e+06
-3.865408000690877088e+00 6.287549749169390417e+37 1.010867338992779958e+06
-3.792911516942695016e+00 6.362914494701930274e+37 1.010884177587819984e+06
-3.724022077007248299e+00 6.435240286340420018e+37 1.010900236915920046e+06
-3.644128884687233949e+00 6.518665481632650067e+37 1.010918925949929981e+06
-3.523281670954020228e+00 6.644200141521370185e+37 1.010947310002029990e+06
-3.416550987276423257e+00 6.762252574095609622e+37 1.010972460906659951e+06
-3.321725981442796183e+00 6.868144205577860007e+37 1.010995029639860033e+06
-3.237229842194210505e+00 6.963224483487420298e+37 1.011015314951200038e+06
-3.161652808699727757e+00 7.048762469788009927e+37 1.011033575122909970e+06
-3.093398119637640775e+00 7.126326424968260383e+37 1.011050145168439951e+06
-3.029598386481666239e+00 7.198560473453530056e+37 1.011065685920750024e+06
-2.963178003716166131e+00 7.272945769228790371e+37 1.011081881023430033e+06
-2.840138463598123053e+00 7.402612910657410150e+37 1.011111640886920039e+06
-2.731339456171554048e+00 7.524295809107600421e+37 1.011137622000009986e+06
-2.633822605346722412e+00 7.631763613638209902e+37 1.011160742198519991e+06
-2.546343232284925762e+00 7.726952217656280413e+37 1.011181292738909950e+06
-2.467682823464201647e+00 7.811316012908569529e+37 1.011199568126659957e+06
-2.396654358068190049e+00 7.886322341679559667e+37 1.011215870863549993e+06
-2.331587305099674268e+00 7.953878253962349900e+37 1.011230607730190037e+06
-2.269051335219046450e+00 8.017288535340409618e+37 1.011244557059269981e+06
-2.198726549890125170e+00 8.085546511561929575e+37 1.011259905073459959e+06
-2.058780227085662773e+00 8.205779302762690223e+37 1.011288603394720005e+06
-1.892190507847772096e+00 8.345074118321289835e+37 1.011319779833570006e+06
-1.708486517065466614e+00 8.486130241095550445e+37 1.011350414055829984e+06
-1.505205802885029698e+00 8.624241134377800012e+37 1.011379343132250011e+06
-1.279018267183346325e+00 8.755085755190869481e+37 1.011404906864059973e+06
-1.024018288266233867e+00 8.872522606423740082e+37 1.011424787472720025e+06
-7.285693318281118991e-01 8.968120033544290497e+37 1.011435496118610026e+06
-3.774919781444623368e-01 9.028222959155649279e+37 1.011431165130460053e+06
0.000000000000000000e+00 9.041704260803819170e+37 1.011408468265639967e+06
3.814134497843042482e-01 9.006005130515170199e+37 1.011369246290770010e+06
7.903696452267467976e-01 8.912566613152779863e+37 1.011311337028310052e+06
1.251182000170956599e+00 8.751075363580559479e+37 1.011230397127939970e+06
1.796032128935621586e+00 8.508053253426109260e+37 1.011121164558809949e+06
2.355348525450608577e+00 8.227989201057929989e+37 1.011002803661499987e+06
2.925584041060574236e+00 7.923655346767640384e+37 1.010881818454780034e+06
3.545120262006093981e+00 7.580998623654489652e+37 1.010754275295219966e+06
4.256808112000726396e+00 7.194876323658470054e+37 1.010617485882319976e+06
5.083507958106565638e+00 6.778307662658200311e+37 1.010474867495579994e+06
5.930091221955080982e+00 6.403101834669610121e+37 1.010347157397440053e+06
6.833543212687800406e+00 6.049454090486049740e+37 1.010229007251890027e+06
7.799691947519022506e+00 5.729995935604159788e+37 1.010121076940480038e+06
8.844575989285658579e+00 5.447852027672569603e+37 1.010022583485429990e+06
1.000796656983584398e+01 5.194750087774169771e+37 1.009930693561919965e+06
1.107458960261465108e+01 5.014705107812670232e+37 1.009858635450050002e+06
1.204466841407702304e+01 4.878776422447369927e+37 1.009801049392650020e+06
1.291389237431940273e+01 4.774714098530559976e+37 1.009754488460439956e+06
1.369546550490667869e+01 4.691425468881140125e+37 1.009715968572900048e+06
1.439916114665174973e+01 4.623044816736550078e+37 1.009683671445399988e+06
1.503002776893299597e+01 4.567190282759759949e+37 1.009656297652020003e+06
1.559387964724191988e+01 4.519405941774379570e+37 1.009632966783449985e+06
1.609915087205808959e+01 4.479153086038570176e+37 1.009612823909870000e+06
1.655290912224336353e+01 4.444107295963639544e+37 1.009595295110629988e+06
1.696197479230249883e+01 4.413302449701939741e+37 1.009579919592319988e+06
1.733254080145525222e+01 4.385888585666310151e+37 1.009566315340379952e+06
1.767008659902421641e+01 4.361271952155730093e+37 1.009554166607060004e+06
1.797924215056809771e+01 4.338992599363620162e+37 1.009543227114879992e+06
1.826348467247953522e+01 4.318705706724349737e+37 1.009533316919669975e+06
1.852600273082862259e+01 4.300094284481650234e+37 1.009524282586449990e+06
1.876919120143065811e+01 4.282960329641990344e+37 1.009516010277020046e+06
1.899538171931999386e+01 4.267090989763559828e+37 1.009508394090529997e+06
1.921090838357849861e+01 4.251855739995039938e+37 1.009501196806850028e+06
1.943141320488211932e+01 4.235683151175849997e+37 1.009493856245910050e+06
1.984363491453768802e+01 4.197923416362879981e+37 1.009479960312700015e+06
2.011973836465949717e+01 4.180414019291739897e+37 1.009470838192890049e+06
2.049215100001310930e+01 4.150483527409850129e+37 1.009458736335259979e+06
2.090364728379972803e+01 4.118670262947009965e+37 1.009445553574700025e+06
2.127719776136291330e+01 4.093038291307990142e+37 1.009433880394899985e+06
2.161927464711516222e+01 4.070413526594000198e+37 1.009423429476449965e+06
2.193414015011512674e+01 4.049870622153619873e+37 1.009413973560199956e+06
2.222545773920683132e+01 4.030960911677270180e+37 1.009405341764849960e+06
2.249610979803401278e+01 4.013435957329629913e+37 1.009397410263329977e+06
2.274845192825341655e+01 3.997117593465359785e+37 1.009390083104329999e+06
2.298920273174007889e+01 3.981391781354929893e+37 1.009383143057739944e+06
2.323273160575809015e+01 3.964934482154689807e+37 1.009376140308210044e+06
2.361569600526308932e+01 3.933771983186000026e+37 1.009364982657560031e+06
2.390621895924959972e+01 3.915640230499099773e+37 1.009356643765619956e+06
2.429160619094182039e+01 3.886477127115229850e+37 1.009345705856029992e+06
2.478730179654849053e+01 3.848845978805970062e+37 1.009331802143250010e+06
2.533224869247897004e+01 3.811214044349189851e+37 1.009316944259900018e+06
2.582222165410712478e+01 3.782043977677719937e+37 1.009304044125230052e+06
2.626679247447464149e+01 3.756429623253050006e+37 1.009292636453520041e+06
2.667270481555897277e+01 3.733214932319280110e+37 1.009282398091980023e+06
2.704586484708488570e+01 3.711874966211470092e+37 1.009273103115699952e+06
2.739084818990340864e+01 3.692125293123049777e+37 1.009264595919499989e+06
2.771188409288879484e+01 3.673711376135880050e+37 1.009256747029189952e+06
2.801193316868557304e+01 3.656484440920329829e+37 1.009249466766380006e+06
2.829549149883496284e+01 3.640653313103000028e+37 1.009241605745540000e+06
2.857209743127714319e+01 3.625313512145169891e+37 1.009234534971370012e+06
2.887959068237978499e+01 3.606965524397860104e+37 1.009226672752310056e+06
2.936974076287515345e+01 3.571480117193289998e+37 1.009214220567840035e+06
2.974459409271003096e+01 3.551703029392870022e+37 1.009204970910400036e+06
3.024884721904527396e+01 3.518384016672919987e+37 1.009192698546650005e+06
3.070592371105885832e+01 3.493007355215659923e+37 1.009181835449089995e+06
3.070596563912113197e+01 3.503976459170019981e+37 1.009728734823019942e+06
3.070597955990888295e+01 3.503974144798069805e+37 1.009731122895459994e+06
3.070600171722617233e+01 3.503965848841739915e+37 1.009731607280979981e+06
3.070602769604920468e+01 3.503966093245250157e+37 1.009732846792900003e+06
3.070605853866618418e+01 3.503959947809749834e+37 1.009734292023440008e+06
3.070609527767737745e+01 3.503953676389910004e+37 1.009735915914539946e+06
3.070613961033814121e+01 3.503946264770669985e+37 1.009737752412019996e+06
3.070619348381478630e+01 3.503937363388529845e+37 1.009739810934139998e+06
3.070625986503364402e+01 3.503926580567819970e+37 1.009742101325519965e+06
3.070634317686017312e+01 3.503913295061770084e+37 1.009744624416850042e+06
3.070644476129018585e+01 3.503897518161049848e+37 1.009747237639090046e+06
3.070654873513922212e+01 3.503881905757400064e+37 1.009749454270159942e+06
3.070665813011328282e+01 3.503865905695010128e+37 1.009751402843939955e+06
3.070677221761616238e+01 3.503849710387490076e+37 1.009753050326819997e+06
3.070689529073933954e+01 3.503832755776490170e+37 1.009754481115509989e+06
3.070702905400685268e+01 3.503814955827800012e+37 1.009755701416990021e+06
3.070717854257236468e+01 3.503795805289230076e+37 1.009756740916120005e+06
3.070735091144524631e+01 3.503774685049359845e+37 1.009757629082449945e+06
3.070755559044846450e+01 3.503750921158880202e+37 1.009758363998070010e+06
3.070781472734961426e+01 3.503722807148779895e+37 1.009758956281509949e+06
3.070817435606841173e+01 3.503687334868340042e+37 1.009759394739810028e+06
3.070876772733754478e+01 3.503637351812400083e+37 1.009759674108530045e+06
3.070994853616139153e+01 3.503565149042760192e+37 1.009759796810109983e+06
3.071229834572295658e+01 3.503486589798309902e+37 1.009760093805189943e+06
3.071697446674988896e+01 3.503338526071679978e+37 1.009761628671069979e+06
3.072627994759204739e+01 3.501979614009740045e+37 1.009766999432750046e+06
3.074479785446783353e+01 3.493512816732199800e+37 1.009781088969959994e+06
3.078164848915184848e+01 3.465883528184399944e+37 1.009808954310190049e+06
3.085498125217418419e+01 3.415576390935820075e+37 1.009849792490590014e+06
3.100091345058899606e+01 3.361238726474480162e+37 1.009892659689699998e+06
3.129131852543287096e+01 3.324879479928850065e+37 1.009919359482210013e+06
3.166988747715549835e+01 3.311423176749130118e+37 1.009919326962169958e+06
3.201812579210854892e+01 3.308033428911990099e+37 1.009907616075829952e+06
3.234561240967013873e+01 3.305132650111130148e+37 1.009892064495239989e+06
3.265768684311115067e+01 3.300916280293800036e+37 1.009875299543919973e+06
3.296590935304084269e+01 3.294826121913390224e+37 1.009857811919149943e+06
3.333130021027318435e+01 3.283585530697640131e+37 1.009836341028150055e+06
3.374501667535514571e+01 3.268653886896130155e+37 1.009811802194489981e+06
3.418021694263188692e+01 3.252240854975839857e+37 1.009786315135490033e+06
3.479352864920110733e+01 3.223749998505279963e+37 1.009751060317590018e+06
3.543483060644757643e+01 3.197434405779150107e+37 1.009715948098120047e+06
3.601210822256325628e+01 3.176305344757029946e+37 1.009686021598589956e+06
3.653643810914400092e+01 3.156904104962100153e+37 1.009660004729729961e+06
3.701590024261349754e+01 3.138714051899350206e+37 1.009637039062310010e+06
3.745775062673419598e+01 3.121558369288609795e+37 1.009616496043459978e+06
3.786809086307221150e+01 3.105322603348050178e+37 1.009597910408189986e+06
3.825215379071778443e+01 3.089891381334490138e+37 1.009580919931889977e+06
3.861413738987539546e+01 3.075159501765499915e+37 1.009565246119410032e+06
3.896434352897631470e+01 3.060557301882039826e+37 1.009550369987059967e+06
3.932263732420506130e+01 3.044891849569849814e+37 1.009535385805430007e+06
3.986353221147874137e+01 3.016076714061360200e+37 1.009512867940320051e+06
4.026511790013682912e+01 3.001079485019280212e+37 1.009496808265069965e+06
4.087652753898873925e+01 2.969351697480050037e+37 1.009472793072490022e+06
4.164200149672797124e+01 2.932649813607480085e+37 1.009443911356630037e+06
4.232637702995452855e+01 2.906525884459079821e+37 1.009419574217939982e+06
4.294707884990384628e+01 2.883367969841040136e+37 1.009398438038700027e+06
4.351215874412446283e+01 2.862281608253940111e+37 1.009379801118090050e+06
4.403040425829567539e+01 2.842833522998739825e+37 1.009363142150430009e+06
4.450958316170908802e+01 2.824750286954679986e+37 1.009348073430289980e+06
4.495684027352399426e+01 2.807779030648699950e+37 1.009334280149969971e+06
4.537787651988583093e+01 2.791732594140360227e+37 1.009321523435130017e+06
4.578042486545200518e+01 2.776257453459339862e+37 1.009309520280409954e+06
4.617901108880687389e+01 2.760589041419229789e+37 1.009297796201810008e+06
4.662575481881867745e+01 2.741523944134819978e+37 1.009284730078130029e+06
4.729851860977578326e+01 2.709011410450910217e+37 1.009265156005010009e+06
4.787259490740507317e+01 2.688289609340719825e+37 1.009249181384020019e+06
4.865298301885559340e+01 2.654265019444799832e+37 1.009227970598040032e+06
4.935602587582798151e+01 2.630056583709659784e+37 1.009209750652440009e+06
4.999453117483426468e+01 2.608748229382549910e+37 1.009193777044099988e+06
5.057847727270745963e+01 2.589320708943279943e+37 1.009179531402959954e+06
5.111689400316390675e+01 2.571369326537950015e+37 1.009166655805099988e+06
5.161818278534155979e+01 2.554601259369130105e+37 1.009154870902150054e+06
5.208961145678404137e+01 2.538783003511479963e+37 1.009143955490209977e+06
5.253994613563918392e+01 2.523565289786919813e+37 1.009133669164140010e+06
5.298492466172865534e+01 2.508217873062100080e+37 1.009123619071539957e+06
5.347075552347268967e+01 2.490269857375119944e+37 1.009112687147640041e+06
5.437590785143765970e+01 2.449908703046450194e+37 1.009092265807599993e+06
5.503125086196814664e+01 2.432568307057459779e+37 1.009078390402949997e+06
5.578322119528638723e+01 2.406271757191310147e+37 1.009062761272400036e+06
5.646343558447551914e+01 2.385697962203089840e+37 1.009049054288610001e+06
5.708495217194467841e+01 2.367200885592699870e+37 1.009036827840619953e+06
5.766067700705207244e+01 2.350034023372339909e+37 1.009025706270350027e+06
5.819781084198257304e+01 2.334016806827000006e+37 1.009015486250419985e+06
5.870338625985459657e+01 2.318913677155309834e+37 1.009005993349830038e+06
5.919222153992268431e+01 2.304081747013949896e+37 1.008996913019209984e+06
5.968862442784484301e+01 2.288520926766010145e+37 1.008987761907979962e+06
6.027382877276977524e+01 2.268290670355450192e+37 1.008976938728010049e+06
6.081787995063496055e+01 2.251569853069640068e+37 1.008967048338630004e+06
6.133280753435064980e+01 2.235853277017029839e+37 1.008957849857739988e+06
6.183632995320294867e+01 2.220329458225219976e+37 1.008948977824219968e+06
6.235998401651704626e+01 2.203681355476659970e+37 1.008939834296540008e+06
6.310262679176958045e+01 2.176504472312180053e+37 1.008926809186910046e+06
6.370894755368863116e+01 2.160234280643069826e+37 1.008916595309140044e+06
6.480623553172517859e+01 2.120556045723710058e+37 1.008898313976860023e+06
6.584925436009689292e+01 2.093679230559390108e+37 1.008881992098749964e+06
6.679142487082935986e+01 2.071318407786669987e+37 1.008867850091330009e+06
6.679151035605900688e+01 2.079875091454460105e+37 1.009324314534069970e+06
6.679154164412830141e+01 2.079875607510660064e+37 1.009325483565059956e+06
6.679158904544055986e+01 2.079870903397430093e+37 1.009326561235039961e+06
6.679164446966024116e+01 2.079867858638810065e+37 1.009327884671750013e+06
6.679170980803246493e+01 2.079864312561620109e+37 1.009329393140619970e+06
6.679178708936888142e+01 2.079860327994599971e+37 1.009331093979030033e+06
6.679187953267137345e+01 2.079855835100389969e+37 1.009333019530639984e+06
6.679199076813347347e+01 2.079850804019719950e+37 1.009335178819529945e+06
6.679212636390184343e+01 2.079845207301860076e+37 1.009337581989879953e+06
6.679229453956759244e+01 2.079839047758959989e+37 1.009340226729250047e+06
6.679250233898710576e+01 2.079832575383040054e+37 1.009343028873239993e+06
6.679271171114123717e+01 2.079827307783410000e+37 1.009345373149650055e+06
6.679293020632394473e+01 2.079822889619090028e+37 1.009347423188320012e+06
6.679315577977467910e+01 2.079819445904020083e+37 1.009349136753350031e+06
6.679339733569941018e+01 2.079816911598630005e+37 1.009350608294219943e+06
6.679365816603421990e+01 2.079815456578300046e+37 1.009351844459249987e+06
6.679394819665685645e+01 2.079815280208140084e+37 1.009352877233020030e+06
6.679428107372041268e+01 2.079816813602470034e+37 1.009353735074350028e+06
6.679467495339304151e+01 2.079820825116750103e+37 1.009354414602980018e+06
6.679517129298437794e+01 2.079828902946009968e+37 1.009354917827929952e+06
6.679585679524461739e+01 2.079844878611989980e+37 1.009355218710360001e+06
6.679697753650543746e+01 2.079880660742220034e+37 1.009355271738750045e+06
6.679920781161308696e+01 2.079974229772769923e+37 1.009355016553509980e+06
6.680364605907743680e+01 2.080173119871140113e+37 1.009354851169590023e+06
6.681247817153234791e+01 2.080247787550949990e+37 1.009356168108599959e+06
6.683005407531709352e+01 2.078117801476019962e+37 1.009361889569330029e+06
6.686503012384855538e+01 2.067665187638330014e+37 1.009375714033560012e+06
6.693463246042665560e+01 2.043900660159899977e+37 1.009398277283590054e+06
6.707314111021514691e+01 2.013444659342280036e+37 1.009423521113879979e+06
6.734877332329415367e+01 1.990067483136920014e+37 1.009440153421110008e+06
6.789728142732201377e+01 1.977964714073879941e+37 1.009435558188889991e+06
6.866000513508697622e+01 1.971931125382249914e+37 1.009411108471769956e+06
6.934894348579655343e+01 1.969703170031519938e+37 1.009385693849010044e+06
6.998792624879388313e+01 1.965671904006079906e+37 1.009361672189170029e+06
7.058370703634864185e+01 1.960235249652420086e+37 1.009339526237079990e+06
7.115432605125351984e+01 1.953589232076769968e+37 1.009318738964449964e+06
7.172443586130066251e+01 1.945633072815250066e+37 1.009298444434160017e+06
7.235756991126982030e+01 1.934703710989119990e+37 1.009276375607340015e+06
7.305146344387685531e+01 1.921728862665740083e+37 1.009252871340089943e+06
7.369506758335955965e+01 1.910956346470039911e+37 1.009231982408129959e+06
7.429985337231664744e+01 1.900663276623280020e+37 1.009213087045580032e+06
7.488668392961517384e+01 1.890234132615240077e+37 1.009195341641500010e+06
7.548747239282238297e+01 1.878860983470170039e+37 1.009177681010529981e+06
7.623791065812292800e+01 1.862059027485269895e+37 1.009156061012199963e+06
7.706483552143072302e+01 1.844604304839500062e+37 1.009133161706340034e+06
7.831386239578205277e+01 1.815281269041759904e+37 1.009100157159080030e+06
7.968659523568203440e+01 1.789339812036799885e+37 1.009066712867510039e+06
8.092536775036751351e+01 1.769690419269540086e+37 1.009038718592409976e+06
8.204833940933895065e+01 1.751659615510720111e+37 1.009014631708440022e+06
8.306834808031817374e+01 1.735089507977009954e+37 1.008993639543249970e+06
8.399747032325649343e+01 1.719951789272219982e+37 1.008975194889249979e+06
8.484690570562088396e+01 1.706118376548070117e+37 1.008958859527910012e+06
8.562866341260814806e+01 1.693377047147060081e+37 1.008944244238639949e+06
8.635486521894745238e+01 1.681516693782290070e+37 1.008931006315400009e+06
8.704133330793956702e+01 1.670187236680320086e+37 1.008918766397829982e+06
8.771287867089449719e+01 1.658805124483560017e+37 1.008907015829419950e+06
8.842778191651996167e+01 1.645815308790539890e+37 1.008894672045790008e+06
8.932676377600364503e+01 1.627334688530740041e+37 1.008879234731349978e+06
9.014935499798048113e+01 1.613645036984710017e+37 1.008865651624660008e+06
9.091260046894421976e+01 1.601147273229420090e+37 1.008853429211330018e+06
9.163270735486366902e+01 1.589327657952449915e+37 1.008842166419379995e+06
9.233402974784621620e+01 1.577606517376490112e+37 1.008831401119010057e+06
9.307242254779885116e+01 1.564535213251749893e+37 1.008820207666959963e+06
9.411906847658065089e+01 1.542705691929990085e+37 1.008804349753380055e+06
9.513896534842751862e+01 1.525663126875820038e+37 1.008789564472320024e+06
9.665142638548968534e+01 1.496463845679739937e+37 1.008768296120070037e+06
9.802373027166686370e+01 1.477606892650860092e+37 1.008750292661909945e+06
9.927426529238073272e+01 1.460656386330100080e+37 1.008734526820900035e+06
1.004139181340888172e+02 1.445260269293719957e+37 1.008720568729009945e+06
1.014548110772684595e+02 1.431241717414539893e+37 1.008708121411320055e+06
1.024093935947257705e+02 1.418459973785310086e+37 1.008696951289120014e+06
1.032915066671612294e+02 1.406662061267020067e+37 1.008686823339940049e+06
1.032915890077219956e+02 1.411101877086920108e+37 1.009091073866129969e+06
1.032916187693972461e+02 1.411101741835279931e+37 1.009091770988440025e+06
1.032916779951319768e+02 1.411102221844750068e+37 1.009092440429529990e+06
1.032917654168013541e+02 1.411102958233539928e+37 1.009093527583500021e+06
1.032918668271122442e+02 1.411103878440549970e+37 1.009094764887809986e+06
1.032919851637707325e+02 1.411105058614330034e+37 1.009096174158149981e+06
1.032921237784339610e+02 1.411106573812419979e+37 1.009097779391329968e+06
1.032922866048847936e+02 1.411108534044419905e+37 1.009099588078079978e+06
1.032924800635919382e+02 1.411111107191240068e+37 1.009101634550589952e+06
1.032927112061042862e+02 1.411114516593759959e+37 1.009103926943760016e+06
1.032929909125159611e+02 1.411119105775560030e+37 1.009106472012139973e+06
1.032933354334709293e+02 1.411125404458290016e+37 1.009109260683850036e+06
1.032937424693700450e+02 1.411133710314079930e+37 1.009112091710090055e+06
1.032941492232748715e+02 1.411142887673150080e+37 1.009114443595250021e+06
1.032945701908774936e+02 1.411153090631650118e+37 1.009116476918129949e+06
1.032950028542109067e+02 1.411164275267080073e+37 1.009118156693199999e+06
1.032954650244919321e+02 1.411176885467560023e+37 1.009119576819329988e+06
1.032959646855797473e+02 1.411191214229390059e+37 1.009120750067909947e+06
1.032965210694474081e+02 1.411207884650760056e+37 1.009121703689999995e+06
1.032971628338327719e+02 1.411227887779570007e+37 1.009122483320849948e+06
1.032979126975242252e+02 1.411252111787150010e+37 1.009123031580860028e+06
1.032988925089812255e+02 1.411284638069040115e+37 1.009123379608780029e+06
1.033002912082629337e+02 1.411332046201009914e+37 1.009123484785660054e+06
1.033026621088010870e+02 1.411411849578200041e+37 1.009123271303019952e+06
1.033073802008730127e+02 1.411549716138340046e+37 1.009122788796339999e+06
1.033167692040969996e+02 1.411610323270919964e+37 1.009122940419450053e+06
1.033354533205128973e+02 1.410407370830790042e+37 1.009125933394549997e+06
1.033726347121792060e+02 1.404115512260640021e+37 1.009134786376839969e+06
1.034466256815940142e+02 1.388743667853450114e+37 1.009150499270469998e+06
1.035938677107315016e+02 1.367500495066990069e+37 1.009168740188759984e+06
1.038868793487145012e+02 1.350165077421679989e+37 1.009180589967650012e+06
1.044699725082991790e+02 1.342005136772099892e+37 1.009175812970899977e+06
1.052833950575331983e+02 1.340056551993660011e+37 1.009155285757299978e+06
1.061640181275215582e+02 1.338850508685080064e+37 1.009129490755049977e+06
1.071235289973610634e+02 1.334738410431299988e+37 1.009100959373270045e+06
1.080055752805765223e+02 1.330757003608050022e+37 1.009075689317060052e+06
1.088365475151495048e+02 1.325865706074559933e+37 1.009052842001799960e+06
1.096536710592245072e+02 1.319937896685959897e+37 1.009031238132489962e+06
1.105412961622314469e+02 1.311811108750399989e+37 1.009008579060300021e+06
1.117216745745645312e+02 1.297816172426689923e+37 1.008979495005519944e+06
1.127896654394098732e+02 1.288358544388609934e+37 1.008954962491740007e+06
1.137697933992003527e+02 1.279448706071760111e+37 1.008933651960180025e+06
1.146789260050554731e+02 1.270838722572899968e+37 1.008914736450489960e+06
1.155433029378127685e+02 1.262205164416760047e+37 1.008897400480680051e+06
1.164036093356880883e+02 1.252947174430509972e+37 1.008880669235949987e+06
1.173886425456603320e+02 1.240533553497880050e+37 1.008861920650389977e+06
1.188922969384184398e+02 1.218297731338359940e+37 1.008834094463640009e+06
1.202535143659461028e+02 1.203659079180440059e+37 1.008810759703180054e+06
1.214940717232457246e+02 1.190274612369290002e+37 1.008790582464189967e+06
1.226293192931407248e+02 1.177822061843440017e+37 1.008772842621749965e+06
1.236750098145221273e+02 1.166201733820720085e+37 1.008757043215329992e+06
1.246457694061937218e+02 1.155284376252519952e+37 1.008742800839610049e+06
1.255774093685831758e+02 1.144477591824999884e+37 1.008729463688159944e+06
1.265287950750152959e+02 1.132819190553410074e+37 1.008716105646590004e+06
1.276997200400037400e+02 1.116430969102579933e+37 1.008699806941380026e+06
1.287735504971115006e+02 1.103330863964259925e+37 1.008685383037650026e+06
1.297770553436239425e+02 1.091106888329080012e+37 1.008672311858579982e+06
1.307439058669733640e+02 1.079170684011880035e+37 1.008660022136230022e+06
1.317495440794264141e+02 1.066147220400170101e+37 1.008647460981969954e+06
1.331143535483042797e+02 1.046007824583349950e+37 1.008630515587519971e+06
1.347458312145408854e+02 1.023648186141170043e+37 1.008611058635829948e+06
1.362293444106526294e+02 1.006468581117370041e+37 1.008594333704330027e+06
1.375871477451946703e+02 9.908718119885750586e+36 1.008579574590160046e+06
1.388343733625515597e+02 9.765751651566939631e+36 1.008566391111979960e+06
1.399925601850518433e+02 9.632594325991470550e+36 1.008554427795539959e+06
1.399926694992445846e+02 9.658370782768519670e+36 1.008917591264129966e+06
1.399927084733026277e+02 9.658372181400309426e+36 1.008917995739390026e+06
1.399927860316765873e+02 9.658388377420370356e+36 1.008918405409959960e+06
1.399929403728401667e+02 9.658418619400410254e+36 1.008919287946710014e+06
1.399931381345286354e+02 9.658459808577899858e+36 1.008920409530380042e+06
1.399933664784148277e+02 9.658510052000059472e+36 1.008921687764459988e+06
1.399936311062010645e+02 9.658571283232819806e+36 1.008923144132049987e+06
1.399939386853202450e+02 9.658645810714439772e+36 1.008924801229040022e+06
1.399942972709450260e+02 9.658736337860339539e+36 1.008926668950730003e+06
1.399947195315344288e+02 9.658846708509100068e+36 1.008928784194809967e+06
1.399952185080928757e+02 9.658980774167009957e+36 1.008931148534449982e+06
1.399958158739409555e+02 9.659144276304230153e+36 1.008933767568910029e+06
1.399965434948317125e+02 9.659345124530949632e+36 1.008936625310380012e+06
1.399973943295299250e+02 9.659579470015539626e+36 1.008939506574330037e+06
1.399982341476752481e+02 9.659808889839440123e+36 1.008941868286740035e+06
1.399990954665972822e+02 9.660040139837389958e+36 1.008943882702779956e+06
1.399999749133803562e+02 9.660271408510779812e+36 1.008945518988340045e+06
1.400009106283414440e+02 9.660511332325249791e+36 1.008946875003900030e+06
1.400019204383643228e+02 9.660763028368910290e+36 1.008947966650979943e+06
1.400030444050225924e+02 9.661034284119869904e+36 1.008948820993229980e+06
1.400043424260402389e+02 9.661336068961200587e+36 1.008949476972369943e+06
1.400058744454636326e+02 9.661677069434200232e+36 1.008949894818749977e+06
1.400078703919243708e+02 9.662095913879199711e+36 1.008950083176200045e+06
1.400107479315829551e+02 9.662646336144290218e+36 1.008950008958320017e+06
1.400156874238291493e+02 9.663394726141119567e+36 1.008949642585520050e+06
1.400255170133987122e+02 9.663633433371030066e+36 1.008949313109250041e+06
1.400450778966423968e+02 9.657026187541979953e+36 1.008950529276030022e+06
1.400840040542989300e+02 9.621282757322579723e+36 1.008955738297619973e+06
1.401614671080351400e+02 9.526426739990310495e+36 1.008966258584129973e+06
1.403156185849711619e+02 9.380065317712150587e+36 1.008979307584329974e+06
1.406223800240732089e+02 9.240233600627900325e+36 1.008987704891990055e+06
1.412328352878867008e+02 9.151867649644519617e+36 1.008982312028500019e+06
1.423593578855270607e+02 9.087463521369790289e+36 1.008955978471660055e+06
1.436204030239223357e+02 9.033125358273989499e+36 1.008923593467650004e+06
1.448825077399978909e+02 8.965899401743450414e+36 1.008892078240929986e+06
1.460532314491283614e+02 8.897669364734950108e+36 1.008864466190599953e+06
1.471729831708998972e+02 8.823890525350010556e+36 1.008839491214349982e+06
1.483249161867115617e+02 8.737575864987089451e+36 1.008815085970069980e+06
1.497014807002760790e+02 8.614821021557339839e+36 1.008787257525500027e+06
1.509693909675115719e+02 8.510751092382199994e+36 1.008763193832390010e+06
1.521607876044872683e+02 8.410834529547069587e+36 1.008741794746619998e+06
1.533298058773088997e+02 8.308051478857900544e+36 1.008721741678689956e+06
1.546077954871489055e+02 8.184644042694629970e+36 1.008700622731009964e+06
1.562251467542937462e+02 8.009568432193990008e+36 1.008674807929040049e+06
1.577116395975790510e+02 7.866319387478089813e+36 1.008652485737089999e+06
1.590892595995319425e+02 7.731991719979259418e+36 1.008632757032040041e+06
1.603867210995686037e+02 7.602179846877400257e+36 1.008614859164990019e+06
1.616630468372604810e+02 7.469122254930810475e+36 1.008597773771069944e+06
1.630507389617014269e+02 7.314432595160569723e+36 1.008579614389230032e+06
1.645163271932797215e+02 7.142589229681780179e+36 1.008560807530079968e+06
1.659039492149713624e+02 6.983443328170679757e+36 1.008543572047409951e+06
1.672754995089053409e+02 6.822884295274059995e+36 1.008526988602639991e+06
1.687746102323199011e+02 6.639323792571529934e+36 1.008509215889340034e+06
1.713313280640759331e+02 6.301797841956030398e+36 1.008479574282470043e+06
1.747908873963078804e+02 5.884286684584800337e+36 1.008442240226670052e+06
1.785810549916077434e+02 5.424700121473979595e+36 1.008403248313189950e+06
1.785814317250788008e+02 5.444898270567119420e+36 1.008719485117319971e+06
1.785815561637482460e+02 5.444975878901609937e+36 1.008719682454679976e+06
1.785818037967019336e+02 5.445126964081189827e+36 1.008720003017970012e+06
1.785822965862789715e+02 5.445396838387600214e+36 1.008720647956609959e+06
1.785831330910932593e+02 5.445786420331639906e+36 1.008721744793939986e+06
1.785840878889375745e+02 5.446159244194949665e+36 1.008722993064039969e+06
1.785851811844349868e+02 5.446511953551110407e+36 1.008724411688189954e+06
1.785864369988175895e+02 5.446841706578759925e+36 1.008726030976100010e+06
1.785878761720268812e+02 5.447145374904769890e+36 1.008727857890140032e+06
1.785895366019958601e+02 5.447423454924319925e+36 1.008729903088230058e+06
1.785914731271132041e+02 5.447677965077309615e+36 1.008732202470890014e+06
1.785937395746477705e+02 5.447909691693090326e+36 1.008734746970809996e+06
1.785964291303243954e+02 5.448122266569769759e+36 1.008737520394479972e+06
1.785996886090397311e+02 5.448319801225209516e+36 1.008740476987270056e+06
1.786030340457182319e+02 5.448479264357400345e+36 1.008743023935050005e+06
1.786063652089342213e+02 5.448606021812330567e+36 1.008745124424970010e+06
1.786097195009660936e+02 5.448707038518539412e+36 1.008746796466959990e+06
1.786132396658176731e+02 5.448785839010970507e+36 1.008748159204139956e+06
1.786169764615497115e+02 5.448838282617700321e+36 1.008749227931850008e+06
1.786210920243629516e+02 5.448853974228240483e+36 1.008750055154790054e+06
1.786257750360346108e+02 5.448807833495389785e+36 1.008750679656640044e+06
1.786312985976037453e+02 5.448645822871260189e+36 1.008751136237369967e+06
1.786381210018244019e+02 5.448245546910770060e+36 1.008751432590450044e+06
1.786475706740147871e+02 5.447226041700019693e+36 1.008751671720030019e+06
1.786620795457984059e+02 5.444407815957219485e+36 1.008752025456440053e+06
1.786909522006480984e+02 5.434203239205749896e+36 1.008753273530900013e+06
1.787484087838001869e+02 5.404150682824690229e+36 1.008756836136410013e+06
1.788627473842734616e+02 5.340801199920690268e+36 1.008763348346289946e+06
1.790902811992164061e+02 5.245647215901420107e+36 1.008770085571600008e+06
1.795430734909514285e+02 5.136150046508299873e+36 1.008770316497999942e+06
1.804441301515053055e+02 5.015010720592039820e+36 1.008754474074369995e+06
1.822372329060090124e+02 4.829856640233569709e+36 1.008711697379269986e+06
1.841301763059273071e+02 4.652032372030290211e+36 1.008667953603980015e+06
1.860625632223909633e+02 4.471045728664509735e+36 1.008626875183289987e+06
1.881179862806748133e+02 4.272371193634740110e+36 1.008586732851980021e+06
1.903099900599590910e+02 4.059828303963219728e+36 1.008547475605949992e+06
1.926502718135252508e+02 3.835358491414999864e+36 1.008508985691259964e+06
1.951479444085416617e+02 3.598605091512590248e+36 1.008471092956939945e+06
1.978083121131257940e+02 3.354444974438059852e+36 1.008433865378580056e+06
2.006404462820955814e+02 3.107560115851090275e+36 1.008397377226699959e+06
2.036563443565773923e+02 2.863138663778780221e+36 1.008361740087280050e+06
2.068723174752230989e+02 2.625732669612940147e+36 1.008327058900839998e+06
2.103089618592548504e+02 2.400571670959069919e+36 1.008293504274980049e+06
